 X,Y, TEMPERATURE, SOOT VISIBILITY, CARBON MONOXIDE VOLUME FRACTION
 m,m, C, m, mol/mol
 0.00000E+00, 0.00000E+00, 0.52550E+02, 0.76888E+00, 0.17121E-02
 0.10000E+01, 0.00000E+00, 0.52087E+02, 0.72523E+00, 0.18126E-02
 0.20000E+01, 0.00000E+00, 0.52452E+02, 0.78413E+00, 0.16783E-02
 0.30000E+01, 0.00000E+00, 0.52207E+02, 0.78588E+00, 0.16733E-02
 0.40000E+01, 0.00000E+00, 0.51710E+02, 0.77511E+00, 0.16940E-02
 0.50000E+01, 0.00000E+00, 0.49312E+02, 0.78438E+00, 0.16616E-02
 0.60000E+01, 0.00000E+00, 0.48991E+02, 0.82471E+00, 0.15788E-02
 0.70000E+01, 0.00000E+00, 0.49047E+02, 0.83774E+00, 0.15545E-02
 0.80000E+01, 0.00000E+00, 0.22000E+02, 0.30000E+02, 0.00000E+00
 0.90000E+01, 0.00000E+00, 0.24321E+03, 0.87305E-01, 0.23905E-01
 0.10000E+02, 0.00000E+00, 0.20669E+03, 0.86332E-01, 0.22465E-01
 0.11000E+02, 0.00000E+00, 0.11013E+03, 0.26109E+00, 0.59334E-02
 0.12000E+02, 0.00000E+00, 0.10980E+03, 0.26066E+00, 0.59379E-02
 0.13000E+02, 0.00000E+00, 0.10726E+03, 0.27154E+00, 0.56623E-02
 0.14000E+02, 0.00000E+00, 0.10169E+03, 0.28233E+00, 0.53663E-02
 0.15000E+02, 0.00000E+00, 0.93990E+02, 0.29132E+00, 0.50937E-02
 0.16000E+02, 0.00000E+00, 0.88092E+02, 0.28266E+00, 0.51655E-02
 0.17000E+02, 0.00000E+00, 0.13617E+03, 0.16742E+00, 0.98815E-02
 0.18000E+02, 0.00000E+00, 0.14182E+03, 0.16707E+00, 0.10039E-01
 0.19000E+02, 0.00000E+00, 0.12582E+03, 0.16280E+00, 0.99052E-02
 0.20000E+02, 0.00000E+00, 0.10761E+03, 0.20774E+00, 0.74082E-02
 0.21000E+02, 0.00000E+00, 0.12292E+03, 0.20421E+00, 0.78391E-02
 0.22000E+02, 0.00000E+00, 0.11781E+03, 0.20040E+00, 0.78852E-02
 0.23000E+02, 0.00000E+00, 0.38431E+02, 0.12605E+01, 0.99913E-03
 0.24000E+02, 0.00000E+00, 0.39996E+02, 0.11945E+01, 0.10596E-02
 0.25000E+02, 0.00000E+00, 0.41471E+02, 0.11868E+01, 0.10715E-02
 0.26000E+02, 0.00000E+00, 0.41333E+02, 0.11901E+01, 0.10681E-02
 0.27000E+02, 0.00000E+00, 0.39687E+02, 0.12708E+01, 0.99497E-03
 0.28000E+02, 0.00000E+00, 0.40563E+02, 0.11712E+01, 0.10826E-02
 0.29000E+02, 0.00000E+00, 0.42242E+02, 0.10952E+01, 0.11639E-02
 0.30000E+02, 0.00000E+00, 0.41372E+02, 0.11419E+01, 0.11133E-02
 0.31000E+02, 0.00000E+00, 0.38796E+02, 0.13015E+01, 0.96874E-03
 0.32000E+02, 0.00000E+00, 0.39492E+02, 0.12307E+01, 0.10268E-02
 0.33000E+02, 0.00000E+00, 0.39394E+02, 0.12590E+01, 0.10033E-02
 0.34000E+02, 0.00000E+00, 0.40206E+02, 0.11078E+01, 0.11433E-02
 0.35000E+02, 0.00000E+00, 0.39094E+02, 0.11674E+01, 0.10811E-02
 0.36000E+02, 0.00000E+00, 0.38380E+02, 0.11906E+01, 0.10575E-02
 0.37000E+02, 0.00000E+00, 0.37985E+02, 0.12333E+01, 0.10197E-02
 0.38000E+02, 0.00000E+00, 0.38115E+02, 0.12765E+01, 0.98554E-03
 0.39000E+02, 0.00000E+00, 0.37938E+02, 0.12727E+01, 0.98797E-03
 0.40000E+02, 0.00000E+00, 0.37256E+02, 0.11807E+01, 0.10626E-02
 0.41000E+02, 0.00000E+00, 0.36544E+02, 0.12674E+01, 0.98763E-03
 0.42000E+02, 0.00000E+00, 0.34083E+02, 0.15460E+01, 0.80321E-03
 0.43000E+02, 0.00000E+00, 0.33221E+02, 0.16625E+01, 0.74483E-03
 0.44000E+02, 0.00000E+00, 0.30468E+02, 0.21451E+01, 0.57209E-03
 0.45000E+02, 0.00000E+00, 0.31776E+02, 0.18645E+01, 0.66101E-03
 0.46000E+02, 0.00000E+00, 0.32223E+02, 0.18237E+01, 0.67681E-03
 0.47000E+02, 0.00000E+00, 0.33039E+02, 0.17178E+01, 0.72042E-03
 0.48000E+02, 0.00000E+00, 0.32768E+02, 0.17634E+01, 0.70119E-03
 0.49000E+02, 0.00000E+00, 0.30565E+02, 0.21947E+01, 0.55932E-03
 0.50000E+02, 0.00000E+00, 0.27690E+02, 0.32284E+01, 0.37663E-03
 0.51000E+02, 0.00000E+00, 0.27546E+02, 0.32825E+01, 0.37025E-03
 0.52000E+02, 0.00000E+00, 0.33192E+02, 0.14751E+01, 0.83939E-03
 0.53000E+02, 0.00000E+00, 0.31373E+02, 0.17973E+01, 0.68483E-03
 0.54000E+02, 0.00000E+00, 0.30367E+02, 0.20979E+01, 0.58476E-03
 0.55000E+02, 0.00000E+00, 0.29910E+02, 0.22450E+01, 0.54562E-03
 0.56000E+02, 0.00000E+00, 0.29655E+02, 0.22887E+01, 0.53476E-03
 0.57000E+02, 0.00000E+00, 0.33394E+02, 0.14958E+01, 0.82830E-03
 0.58000E+02, 0.00000E+00, 0.34422E+02, 0.12754E+01, 0.97469E-03
 0.59000E+02, 0.00000E+00, 0.35176E+02, 0.12096E+01, 0.10302E-02
 0.60000E+02, 0.00000E+00, 0.32252E+02, 0.16169E+01, 0.76341E-03
 0.61000E+02, 0.00000E+00, 0.31548E+02, 0.17423E+01, 0.70683E-03
 0.62000E+02, 0.00000E+00, 0.33170E+02, 0.14935E+01, 0.82898E-03
 0.63000E+02, 0.00000E+00, 0.22000E+02, 0.30000E+02, 0.00000E+00
 0.64000E+02, 0.00000E+00, 0.10802E+03, 0.17237E+00, 0.89380E-02
 0.65000E+02, 0.00000E+00, 0.10733E+03, 0.17259E+00, 0.89103E-02
 0.00000E+00, 0.10000E+01, 0.52741E+02, 0.78838E+00, 0.16708E-02
 0.10000E+01, 0.10000E+01, 0.53284E+02, 0.87186E+00, 0.15133E-02
 0.20000E+01, 0.10000E+01, 0.51642E+02, 0.86934E+00, 0.15101E-02
 0.30000E+01, 0.10000E+01, 0.51800E+02, 0.82586E+00, 0.15903E-02
 0.40000E+01, 0.10000E+01, 0.51431E+02, 0.78506E+00, 0.16711E-02
 0.50000E+01, 0.10000E+01, 0.50605E+02, 0.79938E+00, 0.16370E-02
 0.60000E+01, 0.10000E+01, 0.49859E+02, 0.85494E+00, 0.15271E-02
 0.70000E+01, 0.10000E+01, 0.49427E+02, 0.85532E+00, 0.15243E-02
 0.80000E+01, 0.10000E+01, 0.22000E+02, 0.30000E+02, 0.00000E+00
 0.90000E+01, 0.10000E+01, 0.20058E+03, 0.85763E-01, 0.22326E-01
 0.10000E+02, 0.10000E+01, 0.19800E+03, 0.85888E-01, 0.22172E-01
 0.11000E+02, 0.10000E+01, 0.12565E+03, 0.25184E+00, 0.64004E-02
 0.12000E+02, 0.10000E+01, 0.10741E+03, 0.27373E+00, 0.56193E-02
 0.13000E+02, 0.10000E+01, 0.99971E+02, 0.29603E+00, 0.50944E-02
 0.14000E+02, 0.10000E+01, 0.95430E+02, 0.30297E+00, 0.49171E-02
 0.15000E+02, 0.10000E+01, 0.89308E+02, 0.31531E+00, 0.46461E-02
 0.16000E+02, 0.10000E+01, 0.87352E+02, 0.30386E+00, 0.47953E-02
 0.17000E+02, 0.10000E+01, 0.14974E+03, 0.16631E+00, 0.10278E-01
 0.18000E+02, 0.10000E+01, 0.16202E+03, 0.16573E+00, 0.10613E-01
 0.19000E+02, 0.10000E+01, 0.15681E+03, 0.16259E+00, 0.10689E-01
 0.20000E+02, 0.10000E+01, 0.12881E+03, 0.20445E+00, 0.79464E-02
 0.21000E+02, 0.10000E+01, 0.13502E+03, 0.20285E+00, 0.81329E-02
 0.22000E+02, 0.10000E+01, 0.13265E+03, 0.19930E+00, 0.82296E-02
 0.23000E+02, 0.10000E+01, 0.37479E+02, 0.15356E+01, 0.81758E-03
 0.24000E+02, 0.10000E+01, 0.41276E+02, 0.12160E+01, 0.10451E-02
 0.25000E+02, 0.10000E+01, 0.40132E+02, 0.12524E+01, 0.10110E-02
 0.26000E+02, 0.10000E+01, 0.38408E+02, 0.13875E+01, 0.90759E-03
 0.27000E+02, 0.10000E+01, 0.39923E+02, 0.12983E+01, 0.97464E-03
 0.28000E+02, 0.10000E+01, 0.39907E+02, 0.12844E+01, 0.98517E-03
 0.29000E+02, 0.10000E+01, 0.41161E+02, 0.12045E+01, 0.10547E-02
 0.30000E+02, 0.10000E+01, 0.40123E+02, 0.13009E+01, 0.97332E-03
 0.31000E+02, 0.10000E+01, 0.40205E+02, 0.12785E+01, 0.99061E-03
 0.32000E+02, 0.10000E+01, 0.38075E+02, 0.14101E+01, 0.89206E-03
 0.33000E+02, 0.10000E+01, 0.38979E+02, 0.12917E+01, 0.97671E-03
 0.34000E+02, 0.10000E+01, 0.36464E+02, 0.13773E+01, 0.90862E-03
 0.35000E+02, 0.10000E+01, 0.37015E+02, 0.13449E+01, 0.93216E-03
 0.36000E+02, 0.10000E+01, 0.37806E+02, 0.12846E+01, 0.97838E-03
 0.37000E+02, 0.10000E+01, 0.36243E+02, 0.14251E+01, 0.87750E-03
 0.38000E+02, 0.10000E+01, 0.37601E+02, 0.13130E+01, 0.95661E-03
 0.39000E+02, 0.10000E+01, 0.39430E+02, 0.12050E+01, 0.10485E-02
 0.40000E+02, 0.10000E+01, 0.31942E+02, 0.18541E+01, 0.66508E-03
 0.41000E+02, 0.10000E+01, 0.28145E+02, 0.30532E+01, 0.39885E-03
 0.42000E+02, 0.10000E+01, 0.28041E+02, 0.30860E+01, 0.39448E-03
 0.43000E+02, 0.10000E+01, 0.31287E+02, 0.20115E+01, 0.61172E-03
 0.44000E+02, 0.10000E+01, 0.29138E+02, 0.25625E+01, 0.47679E-03
 0.45000E+02, 0.10000E+01, 0.29259E+02, 0.25790E+01, 0.47395E-03
 0.46000E+02, 0.10000E+01, 0.28879E+02, 0.27635E+01, 0.44175E-03
 0.47000E+02, 0.10000E+01, 0.28176E+02, 0.30732E+01, 0.39630E-03
 0.48000E+02, 0.10000E+01, 0.29016E+02, 0.28220E+01, 0.43278E-03
 0.49000E+02, 0.10000E+01, 0.27994E+02, 0.32477E+01, 0.37478E-03
 0.50000E+02, 0.10000E+01, 0.27830E+02, 0.33884E+01, 0.35902E-03
 0.51000E+02, 0.10000E+01, 0.27881E+02, 0.33024E+01, 0.36844E-03
 0.52000E+02, 0.10000E+01, 0.25504E+02, 0.48519E+01, 0.24879E-03
 0.53000E+02, 0.10000E+01, 0.27371E+02, 0.32311E+01, 0.37593E-03
 0.54000E+02, 0.10000E+01, 0.28206E+02, 0.29638E+01, 0.41097E-03
 0.55000E+02, 0.10000E+01, 0.30463E+02, 0.21443E+01, 0.57228E-03
 0.56000E+02, 0.10000E+01, 0.30291E+02, 0.21755E+01, 0.56376E-03
 0.57000E+02, 0.10000E+01, 0.38982E+02, 0.10227E+01, 0.12336E-02
 0.58000E+02, 0.10000E+01, 0.27777E+02, 0.29022E+01, 0.41909E-03
 0.59000E+02, 0.10000E+01, 0.28768E+02, 0.25536E+01, 0.47787E-03
 0.60000E+02, 0.10000E+01, 0.32102E+02, 0.16862E+01, 0.73170E-03
 0.61000E+02, 0.10000E+01, 0.32847E+02, 0.15686E+01, 0.78848E-03
 0.62000E+02, 0.10000E+01, 0.33182E+02, 0.14952E+01, 0.82809E-03
 0.63000E+02, 0.10000E+01, 0.22000E+02, 0.30000E+02, 0.00000E+00
 0.64000E+02, 0.10000E+01, 0.11063E+03, 0.17111E+00, 0.90656E-02
 0.65000E+02, 0.10000E+01, 0.90037E+02, 0.19587E+00, 0.74946E-02
 0.00000E+00, 0.20000E+01, 0.54743E+02, 0.85300E+00, 0.15537E-02
 0.10000E+01, 0.20000E+01, 0.54254E+02, 0.89350E+00, 0.14810E-02
 0.20000E+01, 0.20000E+01, 0.51116E+02, 0.88132E+00, 0.14871E-02
 0.30000E+01, 0.20000E+01, 0.51920E+02, 0.80561E+00, 0.16309E-02
 0.40000E+01, 0.20000E+01, 0.51129E+02, 0.79963E+00, 0.16391E-02
 0.50000E+01, 0.20000E+01, 0.50345E+02, 0.82545E+00, 0.15840E-02
 0.60000E+01, 0.20000E+01, 0.49319E+02, 0.87524E+00, 0.14891E-02
 0.70000E+01, 0.20000E+01, 0.48986E+02, 0.87946E+00, 0.14805E-02
 0.80000E+01, 0.20000E+01, 0.22000E+02, 0.30000E+02, 0.00000E+00
 0.90000E+01, 0.20000E+01, 0.23858E+03, 0.90157E-01, 0.22941E-01
 0.10000E+02, 0.20000E+01, 0.35820E+03, 0.98277E-01, 0.25965E-01
 0.11000E+02, 0.20000E+01, 0.11747E+03, 0.26560E+00, 0.59443E-02
 0.12000E+02, 0.20000E+01, 0.11186E+03, 0.28004E+00, 0.55568E-02
 0.13000E+02, 0.20000E+01, 0.94436E+02, 0.30893E+00, 0.48092E-02
 0.14000E+02, 0.20000E+01, 0.90126E+02, 0.32261E+00, 0.45513E-02
 0.15000E+02, 0.20000E+01, 0.88193E+02, 0.33136E+00, 0.44075E-02
 0.16000E+02, 0.20000E+01, 0.85316E+02, 0.31691E+00, 0.45719E-02
 0.17000E+02, 0.20000E+01, 0.16093E+03, 0.16535E+00, 0.10611E-01
 0.18000E+02, 0.20000E+01, 0.16976E+03, 0.16484E+00, 0.10860E-01
 0.19000E+02, 0.20000E+01, 0.17537E+03, 0.15934E+00, 0.11377E-01
 0.20000E+02, 0.20000E+01, 0.13640E+03, 0.20316E+00, 0.81480E-02
 0.21000E+02, 0.20000E+01, 0.13742E+03, 0.20465E+00, 0.81088E-02
 0.22000E+02, 0.20000E+01, 0.13916E+03, 0.19772E+00, 0.84286E-02
 0.23000E+02, 0.20000E+01, 0.37235E+02, 0.16168E+01, 0.77594E-03
 0.24000E+02, 0.20000E+01, 0.38854E+02, 0.14097E+01, 0.89453E-03
 0.25000E+02, 0.20000E+01, 0.37027E+02, 0.15359E+01, 0.81625E-03
 0.26000E+02, 0.20000E+01, 0.34867E+02, 0.18199E+01, 0.68408E-03
 0.27000E+02, 0.20000E+01, 0.36282E+02, 0.16363E+01, 0.76434E-03
 0.28000E+02, 0.20000E+01, 0.36285E+02, 0.16494E+01, 0.75825E-03
 0.29000E+02, 0.20000E+01, 0.37651E+02, 0.15106E+01, 0.83161E-03
 0.30000E+02, 0.20000E+01, 0.36323E+02, 0.16314E+01, 0.76670E-03
 0.31000E+02, 0.20000E+01, 0.36380E+02, 0.16230E+01, 0.77084E-03
 0.32000E+02, 0.20000E+01, 0.38445E+02, 0.13874E+01, 0.90775E-03
 0.33000E+02, 0.20000E+01, 0.38044E+02, 0.13265E+01, 0.94822E-03
 0.34000E+02, 0.20000E+01, 0.33490E+02, 0.17710E+01, 0.69984E-03
 0.35000E+02, 0.20000E+01, 0.34311E+02, 0.16623E+01, 0.74757E-03
 0.36000E+02, 0.20000E+01, 0.33444E+02, 0.17936E+01, 0.69090E-03
 0.37000E+02, 0.20000E+01, 0.34420E+02, 0.17152E+01, 0.72478E-03
 0.38000E+02, 0.20000E+01, 0.36235E+02, 0.14765E+01, 0.84691E-03
 0.39000E+02, 0.20000E+01, 0.39576E+02, 0.11990E+01, 0.10542E-02
 0.40000E+02, 0.20000E+01, 0.26554E+02, 0.43835E+01, 0.27634E-03
 0.41000E+02, 0.20000E+01, 0.25694E+02, 0.50253E+01, 0.24036E-03
 0.42000E+02, 0.20000E+01, 0.24215E+02, 0.87255E+01, 0.13775E-03
 0.43000E+02, 0.20000E+01, 0.24958E+02, 0.65790E+01, 0.18314E-03
 0.44000E+02, 0.20000E+01, 0.25652E+02, 0.55251E+01, 0.21858E-03
 0.45000E+02, 0.20000E+01, 0.26661E+02, 0.43454E+01, 0.27886E-03
 0.46000E+02, 0.20000E+01, 0.26864E+02, 0.41855E+01, 0.28972E-03
 0.47000E+02, 0.20000E+01, 0.27376E+02, 0.38240E+01, 0.31765E-03
 0.48000E+02, 0.20000E+01, 0.26970E+02, 0.41723E+01, 0.29074E-03
 0.49000E+02, 0.20000E+01, 0.27242E+02, 0.38623E+01, 0.31436E-03
 0.50000E+02, 0.20000E+01, 0.27509E+02, 0.36486E+01, 0.33306E-03
 0.51000E+02, 0.20000E+01, 0.26345E+02, 0.46150E+01, 0.26230E-03
 0.52000E+02, 0.20000E+01, 0.23496E+02, 0.12677E+02, 0.94578E-04
 0.53000E+02, 0.20000E+01, 0.25977E+02, 0.45400E+01, 0.26630E-03
 0.54000E+02, 0.20000E+01, 0.27038E+02, 0.37064E+01, 0.32735E-03
 0.55000E+02, 0.20000E+01, 0.28993E+02, 0.26348E+01, 0.46349E-03
 0.56000E+02, 0.20000E+01, 0.30195E+02, 0.22125E+01, 0.55416E-03
 0.57000E+02, 0.20000E+01, 0.39911E+02, 0.96837E+00, 0.13067E-02
 0.58000E+02, 0.20000E+01, 0.27376E+02, 0.31567E+01, 0.38479E-03
 0.59000E+02, 0.20000E+01, 0.27167E+02, 0.33765E+01, 0.35949E-03
 0.60000E+02, 0.20000E+01, 0.30313E+02, 0.20639E+01, 0.59429E-03
 0.61000E+02, 0.20000E+01, 0.30388E+02, 0.20380E+01, 0.60199E-03
 0.62000E+02, 0.20000E+01, 0.34090E+02, 0.13803E+01, 0.89969E-03
 0.63000E+02, 0.20000E+01, 0.22000E+02, 0.30000E+02, 0.00000E+00
 0.64000E+02, 0.20000E+01, 0.10825E+03, 0.17596E+00, 0.87609E-02
 0.65000E+02, 0.20000E+01, 0.15820E+03, 0.13567E+00, 0.12850E-01
 0.00000E+00, 0.30000E+01, 0.55187E+02, 0.88125E+00, 0.15059E-02
 0.10000E+01, 0.30000E+01, 0.55460E+02, 0.90921E+00, 0.14608E-02
 0.20000E+01, 0.30000E+01, 0.51678E+02, 0.87758E+00, 0.14960E-02
 0.30000E+01, 0.30000E+01, 0.51590E+02, 0.81578E+00, 0.16089E-02
 0.40000E+01, 0.30000E+01, 0.51325E+02, 0.80080E+00, 0.16377E-02
 0.50000E+01, 0.30000E+01, 0.49555E+02, 0.84449E+00, 0.15445E-02
 0.60000E+01, 0.30000E+01, 0.48966E+02, 0.88956E+00, 0.14636E-02
 0.70000E+01, 0.30000E+01, 0.48946E+02, 0.88499E+00, 0.14710E-02
 0.80000E+01, 0.30000E+01, 0.22000E+02, 0.30000E+02, 0.00000E+00
 0.90000E+01, 0.30000E+01, 0.44409E+03, 0.96104E-01, 0.30165E-01
 0.10000E+02, 0.30000E+01, 0.43283E+03, 0.10438E+00, 0.27338E-01
 0.11000E+02, 0.30000E+01, 0.13195E+03, 0.25050E+00, 0.65364E-02
 0.12000E+02, 0.30000E+01, 0.10702E+03, 0.30041E+00, 0.51149E-02
 0.13000E+02, 0.30000E+01, 0.99094E+02, 0.31642E+00, 0.47549E-02
 0.14000E+02, 0.30000E+01, 0.90659E+02, 0.36510E+00, 0.40275E-02
 0.15000E+02, 0.30000E+01, 0.84999E+02, 0.36695E+00, 0.39449E-02
 0.16000E+02, 0.30000E+01, 0.82663E+02, 0.34023E+00, 0.42269E-02
 0.17000E+02, 0.30000E+01, 0.17230E+03, 0.16523E+00, 0.10897E-01
 0.18000E+02, 0.30000E+01, 0.18090E+03, 0.16490E+00, 0.11129E-01
 0.19000E+02, 0.30000E+01, 0.18615E+03, 0.15813E+00, 0.11740E-01
 0.20000E+02, 0.30000E+01, 0.14395E+03, 0.20172E+00, 0.83576E-02
 0.21000E+02, 0.30000E+01, 0.14397E+03, 0.20241E+00, 0.83293E-02
 0.22000E+02, 0.30000E+01, 0.14982E+03, 0.19293E+00, 0.88608E-02
 0.23000E+02, 0.30000E+01, 0.33401E+02, 0.21602E+01, 0.57358E-03
 0.24000E+02, 0.30000E+01, 0.35959E+02, 0.17696E+01, 0.70602E-03
 0.25000E+02, 0.30000E+01, 0.34432E+02, 0.19351E+01, 0.64245E-03
 0.26000E+02, 0.30000E+01, 0.33121E+02, 0.21327E+01, 0.58044E-03
 0.27000E+02, 0.30000E+01, 0.34025E+02, 0.19520E+01, 0.63605E-03
 0.28000E+02, 0.30000E+01, 0.34449E+02, 0.19110E+01, 0.65058E-03
 0.29000E+02, 0.30000E+01, 0.35523E+02, 0.17450E+01, 0.71496E-03
 0.30000E+02, 0.30000E+01, 0.35418E+02, 0.17078E+01, 0.73028E-03
 0.31000E+02, 0.30000E+01, 0.37093E+02, 0.15276E+01, 0.82088E-03
 0.32000E+02, 0.30000E+01, 0.37798E+02, 0.14584E+01, 0.86174E-03
 0.33000E+02, 0.30000E+01, 0.37410E+02, 0.14113E+01, 0.88939E-03
 0.34000E+02, 0.30000E+01, 0.37215E+02, 0.13599E+01, 0.92242E-03
 0.35000E+02, 0.30000E+01, 0.32562E+02, 0.19592E+01, 0.63069E-03
 0.36000E+02, 0.30000E+01, 0.31350E+02, 0.22486E+01, 0.54732E-03
 0.37000E+02, 0.30000E+01, 0.33440E+02, 0.18935E+01, 0.65443E-03
 0.38000E+02, 0.30000E+01, 0.36316E+02, 0.14830E+01, 0.84345E-03
 0.39000E+02, 0.30000E+01, 0.38112E+02, 0.13112E+01, 0.95950E-03
 0.40000E+02, 0.30000E+01, 0.27201E+02, 0.36622E+01, 0.33149E-03
 0.41000E+02, 0.30000E+01, 0.25608E+02, 0.53398E+01, 0.22614E-03
 0.42000E+02, 0.30000E+01, 0.24663E+02, 0.73546E+01, 0.16367E-03
 0.43000E+02, 0.30000E+01, 0.25711E+02, 0.52516E+01, 0.23002E-03
 0.44000E+02, 0.30000E+01, 0.26584E+02, 0.44267E+01, 0.27367E-03
 0.45000E+02, 0.30000E+01, 0.26095E+02, 0.50927E+01, 0.23749E-03
 0.46000E+02, 0.30000E+01, 0.26279E+02, 0.48542E+01, 0.24932E-03
 0.47000E+02, 0.30000E+01, 0.26745E+02, 0.43436E+01, 0.27906E-03
 0.48000E+02, 0.30000E+01, 0.26625E+02, 0.44456E+01, 0.27255E-03
 0.49000E+02, 0.30000E+01, 0.25049E+02, 0.72438E+01, 0.16639E-03
 0.50000E+02, 0.30000E+01, 0.25454E+02, 0.61313E+01, 0.19684E-03
 0.51000E+02, 0.30000E+01, 0.25557E+02, 0.57915E+01, 0.20846E-03
 0.52000E+02, 0.30000E+01, 0.27943E+02, 0.29124E+01, 0.41785E-03
 0.53000E+02, 0.30000E+01, 0.24651E+02, 0.72585E+01, 0.16583E-03
 0.54000E+02, 0.30000E+01, 0.26405E+02, 0.43800E+01, 0.27643E-03
 0.55000E+02, 0.30000E+01, 0.28162E+02, 0.30281E+01, 0.40218E-03
 0.56000E+02, 0.30000E+01, 0.28782E+02, 0.26964E+01, 0.45258E-03
 0.57000E+02, 0.30000E+01, 0.39763E+02, 0.97184E+00, 0.13014E-02
 0.58000E+02, 0.30000E+01, 0.25895E+02, 0.45661E+01, 0.26471E-03
 0.59000E+02, 0.30000E+01, 0.27643E+02, 0.31285E+01, 0.38860E-03
 0.60000E+02, 0.30000E+01, 0.28819E+02, 0.25556E+01, 0.47758E-03
 0.61000E+02, 0.30000E+01, 0.28650E+02, 0.26090E+01, 0.46755E-03
 0.62000E+02, 0.30000E+01, 0.33504E+02, 0.14494E+01, 0.85515E-03
 0.63000E+02, 0.30000E+01, 0.22000E+02, 0.30000E+02, 0.00000E+00
 0.64000E+02, 0.30000E+01, 0.13694E+03, 0.15360E+00, 0.10791E-01
 0.65000E+02, 0.30000E+01, 0.16973E+03, 0.13124E+00, 0.13640E-01
 0.00000E+00, 0.40000E+01, 0.57088E+02, 0.87961E+00, 0.15175E-02
 0.10000E+01, 0.40000E+01, 0.54336E+02, 0.98474E+00, 0.13442E-02
 0.20000E+01, 0.40000E+01, 0.52712E+02, 0.92338E+00, 0.14264E-02
 0.30000E+01, 0.40000E+01, 0.51063E+02, 0.82645E+00, 0.15856E-02
 0.40000E+01, 0.40000E+01, 0.50736E+02, 0.84959E+00, 0.15409E-02
 0.50000E+01, 0.40000E+01, 0.49633E+02, 0.84489E+00, 0.15441E-02
 0.60000E+01, 0.40000E+01, 0.49074E+02, 0.89526E+00, 0.14547E-02
 0.70000E+01, 0.40000E+01, 0.47600E+02, 0.92497E+00, 0.14016E-02
 0.80000E+01, 0.40000E+01, 0.22000E+02, 0.30000E+02, 0.00000E+00
 0.90000E+01, 0.40000E+01, 0.49303E+03, 0.10104E+00, 0.30650E-01
 0.10000E+02, 0.40000E+01, 0.44738E+03, 0.10845E+00, 0.26853E-01
 0.11000E+02, 0.40000E+01, 0.13035E+03, 0.25555E+00, 0.63818E-02
 0.12000E+02, 0.40000E+01, 0.11049E+03, 0.29666E+00, 0.52268E-02
 0.13000E+02, 0.40000E+01, 0.95918E+02, 0.33272E+00, 0.44834E-02
 0.14000E+02, 0.40000E+01, 0.86732E+02, 0.38415E+00, 0.37865E-02
 0.15000E+02, 0.40000E+01, 0.79637E+02, 0.40587E+00, 0.35132E-02
 0.16000E+02, 0.40000E+01, 0.78379E+02, 0.36161E+00, 0.39292E-02
 0.17000E+02, 0.40000E+01, 0.19251E+03, 0.16710E+00, 0.11263E-01
 0.18000E+02, 0.40000E+01, 0.20322E+03, 0.16463E+00, 0.11695E-01
 0.19000E+02, 0.40000E+01, 0.19457E+03, 0.15715E+00, 0.12029E-01
 0.20000E+02, 0.40000E+01, 0.15573E+03, 0.19450E+00, 0.89122E-02
 0.21000E+02, 0.40000E+01, 0.16184E+03, 0.19794E+00, 0.88822E-02
 0.22000E+02, 0.40000E+01, 0.16625E+03, 0.18665E+00, 0.95150E-02
 0.23000E+02, 0.40000E+01, 0.28928E+02, 0.35986E+01, 0.33929E-03
 0.24000E+02, 0.40000E+01, 0.32789E+02, 0.23266E+01, 0.53150E-03
 0.25000E+02, 0.40000E+01, 0.32643E+02, 0.22941E+01, 0.53877E-03
 0.26000E+02, 0.40000E+01, 0.31872E+02, 0.24612E+01, 0.50092E-03
 0.27000E+02, 0.40000E+01, 0.33176E+02, 0.20953E+01, 0.59091E-03
 0.28000E+02, 0.40000E+01, 0.34122E+02, 0.19726E+01, 0.62961E-03
 0.29000E+02, 0.40000E+01, 0.34902E+02, 0.18123E+01, 0.68703E-03
 0.30000E+02, 0.40000E+01, 0.35856E+02, 0.16872E+01, 0.74026E-03
 0.31000E+02, 0.40000E+01, 0.37558E+02, 0.15100E+01, 0.83166E-03
 0.32000E+02, 0.40000E+01, 0.37976E+02, 0.14443E+01, 0.87070E-03
 0.33000E+02, 0.40000E+01, 0.37388E+02, 0.14350E+01, 0.87464E-03
 0.34000E+02, 0.40000E+01, 0.38219E+02, 0.13197E+01, 0.95365E-03
 0.35000E+02, 0.40000E+01, 0.33085E+02, 0.19203E+01, 0.64455E-03
 0.36000E+02, 0.40000E+01, 0.31536E+02, 0.22311E+01, 0.55197E-03
 0.37000E+02, 0.40000E+01, 0.32447E+02, 0.20498E+01, 0.60258E-03
 0.38000E+02, 0.40000E+01, 0.35231E+02, 0.16102E+01, 0.77409E-03
 0.39000E+02, 0.40000E+01, 0.37081E+02, 0.13913E+01, 0.90126E-03
 0.40000E+02, 0.40000E+01, 0.29967E+02, 0.24986E+01, 0.49033E-03
 0.41000E+02, 0.40000E+01, 0.26609E+02, 0.43721E+01, 0.27711E-03
 0.42000E+02, 0.40000E+01, 0.26033E+02, 0.50321E+01, 0.24031E-03
 0.43000E+02, 0.40000E+01, 0.26230E+02, 0.48139E+01, 0.25136E-03
 0.44000E+02, 0.40000E+01, 0.25700E+02, 0.58433E+01, 0.20671E-03
 0.45000E+02, 0.40000E+01, 0.25527E+02, 0.59687E+01, 0.20225E-03
 0.46000E+02, 0.40000E+01, 0.25694E+02, 0.55883E+01, 0.21614E-03
 0.47000E+02, 0.40000E+01, 0.25145E+02, 0.67075E+01, 0.17975E-03
 0.48000E+02, 0.40000E+01, 0.24226E+02, 0.97671E+01, 0.12306E-03
 0.49000E+02, 0.40000E+01, 0.23520E+02, 0.15139E+02, 0.79204E-04
 0.50000E+02, 0.40000E+01, 0.24061E+02, 0.10861E+02, 0.11061E-03
 0.51000E+02, 0.40000E+01, 0.25090E+02, 0.65770E+01, 0.18328E-03
 0.52000E+02, 0.40000E+01, 0.26954E+02, 0.35804E+01, 0.33878E-03
 0.53000E+02, 0.40000E+01, 0.24830E+02, 0.71958E+01, 0.16737E-03
 0.54000E+02, 0.40000E+01, 0.25037E+02, 0.72009E+01, 0.16737E-03
 0.55000E+02, 0.40000E+01, 0.26023E+02, 0.56140E+01, 0.21539E-03
 0.56000E+02, 0.40000E+01, 0.28704E+02, 0.26353E+01, 0.46295E-03
 0.57000E+02, 0.40000E+01, 0.39966E+02, 0.95433E+00, 0.13261E-02
 0.58000E+02, 0.40000E+01, 0.23724E+02, 0.11595E+02, 0.10349E-03
 0.59000E+02, 0.40000E+01, 0.26652E+02, 0.40274E+01, 0.30088E-03
 0.60000E+02, 0.40000E+01, 0.28005E+02, 0.29845E+01, 0.40784E-03
 0.61000E+02, 0.40000E+01, 0.28345E+02, 0.27263E+01, 0.44698E-03
 0.62000E+02, 0.40000E+01, 0.37419E+02, 0.10750E+01, 0.11677E-02
 0.63000E+02, 0.40000E+01, 0.22000E+02, 0.30000E+02, 0.00000E+00
 0.64000E+02, 0.40000E+01, 0.13863E+03, 0.15427E+00, 0.10788E-01
 0.65000E+02, 0.40000E+01, 0.16162E+03, 0.13985E+00, 0.12565E-01
 0.00000E+00, 0.50000E+01, 0.57489E+02, 0.90121E+00, 0.14829E-02
 0.10000E+01, 0.50000E+01, 0.53855E+02, 0.10006E+01, 0.13209E-02
 0.20000E+01, 0.50000E+01, 0.53069E+02, 0.99537E+00, 0.13247E-02
 0.30000E+01, 0.50000E+01, 0.51989E+02, 0.95193E+00, 0.13805E-02
 0.40000E+01, 0.50000E+01, 0.51005E+02, 0.10002E+01, 0.13100E-02
 0.50000E+01, 0.50000E+01, 0.50098E+02, 0.10100E+01, 0.12935E-02
 0.60000E+01, 0.50000E+01, 0.47885E+02, 0.10105E+01, 0.12841E-02
 0.70000E+01, 0.50000E+01, 0.47288E+02, 0.96666E+00, 0.13398E-02
 0.80000E+01, 0.50000E+01, 0.22000E+02, 0.30000E+02, 0.00000E+00
 0.90000E+01, 0.50000E+01, 0.48831E+03, 0.10716E+00, 0.28720E-01
 0.10000E+02, 0.50000E+01, 0.48048E+03, 0.11112E+00, 0.27412E-01
 0.11000E+02, 0.50000E+01, 0.14588E+03, 0.23958E+00, 0.70694E-02
 0.12000E+02, 0.50000E+01, 0.12479E+03, 0.28931E+00, 0.55594E-02
 0.13000E+02, 0.50000E+01, 0.10456E+03, 0.35411E+00, 0.43112E-02
 0.14000E+02, 0.50000E+01, 0.80533E+02, 0.40143E+00, 0.35611E-02
 0.15000E+02, 0.50000E+01, 0.76151E+02, 0.40083E+00, 0.35222E-02
 0.16000E+02, 0.50000E+01, 0.70882E+02, 0.39732E+00, 0.34998E-02
 0.17000E+02, 0.50000E+01, 0.26909E+03, 0.16156E+00, 0.13566E-01
 0.18000E+02, 0.50000E+01, 0.22064E+03, 0.16231E+00, 0.12296E-01
 0.19000E+02, 0.50000E+01, 0.19340E+03, 0.15643E+00, 0.12055E-01
 0.20000E+02, 0.50000E+01, 0.16021E+03, 0.19171E+00, 0.91367E-02
 0.21000E+02, 0.50000E+01, 0.20263E+03, 0.18439E+00, 0.10429E-01
 0.22000E+02, 0.50000E+01, 0.18312E+03, 0.18297E+00, 0.10079E-01
 0.23000E+02, 0.50000E+01, 0.26025E+02, 0.66628E+01, 0.18149E-03
 0.24000E+02, 0.50000E+01, 0.30162E+02, 0.30760E+01, 0.39855E-03
 0.25000E+02, 0.50000E+01, 0.31305E+02, 0.26744E+01, 0.46012E-03
 0.26000E+02, 0.50000E+01, 0.32304E+02, 0.23877E+01, 0.51707E-03
 0.27000E+02, 0.50000E+01, 0.33433E+02, 0.21278E+01, 0.58238E-03
 0.28000E+02, 0.50000E+01, 0.34279E+02, 0.19586E+01, 0.63441E-03
 0.29000E+02, 0.50000E+01, 0.34278E+02, 0.19158E+01, 0.64859E-03
 0.30000E+02, 0.50000E+01, 0.35612E+02, 0.17375E+01, 0.71823E-03
 0.31000E+02, 0.50000E+01, 0.37262E+02, 0.15448E+01, 0.81219E-03
 0.32000E+02, 0.50000E+01, 0.38172E+02, 0.14459E+01, 0.87025E-03
 0.33000E+02, 0.50000E+01, 0.38818E+02, 0.13977E+01, 0.90215E-03
 0.34000E+02, 0.50000E+01, 0.34007E+02, 0.18155E+01, 0.68380E-03
 0.35000E+02, 0.50000E+01, 0.33189E+02, 0.19479E+01, 0.63565E-03
 0.36000E+02, 0.50000E+01, 0.31022E+02, 0.23996E+01, 0.51234E-03
 0.37000E+02, 0.50000E+01, 0.32103E+02, 0.21296E+01, 0.57935E-03
 0.38000E+02, 0.50000E+01, 0.32388E+02, 0.20926E+01, 0.59015E-03
 0.39000E+02, 0.50000E+01, 0.37864E+02, 0.13267E+01, 0.94750E-03
 0.40000E+02, 0.50000E+01, 0.29045E+02, 0.30419E+01, 0.40154E-03
 0.41000E+02, 0.50000E+01, 0.26727E+02, 0.43937E+01, 0.27586E-03
 0.42000E+02, 0.50000E+01, 0.25569E+02, 0.59406E+01, 0.20324E-03
 0.43000E+02, 0.50000E+01, 0.25376E+02, 0.63381E+01, 0.19037E-03
 0.44000E+02, 0.50000E+01, 0.24603E+02, 0.80885E+01, 0.14879E-03
 0.45000E+02, 0.50000E+01, 0.23661E+02, 0.12920E+02, 0.92851E-04
 0.46000E+02, 0.50000E+01, 0.22879E+02, 0.27095E+02, 0.44159E-04
 0.47000E+02, 0.50000E+01, 0.22975E+02, 0.25443E+02, 0.47041E-04
 0.48000E+02, 0.50000E+01, 0.22587E+02, 0.30000E+02, 0.25370E-04
 0.49000E+02, 0.50000E+01, 0.22531E+02, 0.30000E+02, 0.25554E-04
 0.50000E+02, 0.50000E+01, 0.23980E+02, 0.11165E+02, 0.10757E-03
 0.51000E+02, 0.50000E+01, 0.24883E+02, 0.71655E+01, 0.16811E-03
 0.52000E+02, 0.50000E+01, 0.25008E+02, 0.63500E+01, 0.18978E-03
 0.53000E+02, 0.50000E+01, 0.24653E+02, 0.81135E+01, 0.14835E-03
 0.54000E+02, 0.50000E+01, 0.24818E+02, 0.77558E+01, 0.15528E-03
 0.55000E+02, 0.50000E+01, 0.25458E+02, 0.56852E+01, 0.21229E-03
 0.56000E+02, 0.50000E+01, 0.29291E+02, 0.23991E+01, 0.50954E-03
 0.57000E+02, 0.50000E+01, 0.39073E+02, 0.99916E+00, 0.12630E-02
 0.58000E+02, 0.50000E+01, 0.24130E+02, 0.96209E+01, 0.12489E-03
 0.59000E+02, 0.50000E+01, 0.25375E+02, 0.58893E+01, 0.20488E-03
 0.60000E+02, 0.50000E+01, 0.26393E+02, 0.43985E+01, 0.27526E-03
 0.61000E+02, 0.50000E+01, 0.27455E+02, 0.32113E+01, 0.37835E-03
 0.62000E+02, 0.50000E+01, 0.38850E+02, 0.98007E+00, 0.12867E-02
 0.63000E+02, 0.50000E+01, 0.22000E+02, 0.30000E+02, 0.00000E+00
 0.64000E+02, 0.50000E+01, 0.13420E+03, 0.15799E+00, 0.10421E-01
 0.65000E+02, 0.50000E+01, 0.14552E+03, 0.15431E+00, 0.10966E-01
 0.00000E+00, 0.60000E+01, 0.58849E+02, 0.87549E+00, 0.15327E-02
 0.10000E+01, 0.60000E+01, 0.56997E+02, 0.94041E+00, 0.14190E-02
 0.20000E+01, 0.60000E+01, 0.58159E+02, 0.92019E+00, 0.14552E-02
 0.30000E+01, 0.60000E+01, 0.54875E+02, 0.99743E+00, 0.13292E-02
 0.40000E+01, 0.60000E+01, 0.53697E+02, 0.10000E+01, 0.13211E-02
 0.50000E+01, 0.60000E+01, 0.52074E+02, 0.10393E+01, 0.12648E-02
 0.60000E+01, 0.60000E+01, 0.46915E+02, 0.10714E+01, 0.12074E-02
 0.70000E+01, 0.60000E+01, 0.46571E+02, 0.97433E+00, 0.13263E-02
 0.80000E+01, 0.60000E+01, 0.22000E+02, 0.30000E+02, 0.00000E+00
 0.90000E+01, 0.60000E+01, 0.49717E+03, 0.11031E+00, 0.28225E-01
 0.10000E+02, 0.60000E+01, 0.50430E+03, 0.11773E+00, 0.26690E-01
 0.11000E+02, 0.60000E+01, 0.17404E+03, 0.20822E+00, 0.86805E-02
 0.12000E+02, 0.60000E+01, 0.14121E+03, 0.25568E+00, 0.65503E-02
 0.13000E+02, 0.60000E+01, 0.15815E+03, 0.26917E+00, 0.64763E-02
 0.14000E+02, 0.60000E+01, 0.22549E+03, 0.14271E+00, 0.14123E-01
 0.15000E+02, 0.60000E+01, 0.22827E+03, 0.14189E+00, 0.14283E-01
 0.16000E+02, 0.60000E+01, 0.19989E+03, 0.14204E+00, 0.13460E-01
 0.17000E+02, 0.60000E+01, 0.33580E+03, 0.16524E+00, 0.14895E-01
 0.18000E+02, 0.60000E+01, 0.35215E+03, 0.16452E+00, 0.15362E-01
 0.19000E+02, 0.60000E+01, 0.21714E+02, 0.30000E+02, 0.00000E+00
 0.20000E+02, 0.60000E+01, 0.21707E+02, 0.30000E+02, 0.00000E+00
 0.21000E+02, 0.60000E+01, 0.32714E+03, 0.15973E+00, 0.15190E-01
 0.22000E+02, 0.60000E+01, 0.36103E+03, 0.16329E+00, 0.15698E-01
 0.23000E+02, 0.60000E+01, 0.29893E+02, 0.34599E+01, 0.35401E-03
 0.24000E+02, 0.60000E+01, 0.35140E+02, 0.21252E+01, 0.58633E-03
 0.25000E+02, 0.60000E+01, 0.33802E+02, 0.22856E+01, 0.54280E-03
 0.26000E+02, 0.60000E+01, 0.34283E+02, 0.21214E+01, 0.58574E-03
 0.27000E+02, 0.60000E+01, 0.33635E+02, 0.21128E+01, 0.58688E-03
 0.28000E+02, 0.60000E+01, 0.33918E+02, 0.20616E+01, 0.60202E-03
 0.29000E+02, 0.60000E+01, 0.34265E+02, 0.19597E+01, 0.63403E-03
 0.30000E+02, 0.60000E+01, 0.35519E+02, 0.17597E+01, 0.70897E-03
 0.31000E+02, 0.60000E+01, 0.36363E+02, 0.16496E+01, 0.75835E-03
 0.32000E+02, 0.60000E+01, 0.37993E+02, 0.14783E+01, 0.85069E-03
 0.33000E+02, 0.60000E+01, 0.39429E+02, 0.13651E+01, 0.92550E-03
 0.34000E+02, 0.60000E+01, 0.42144E+02, 0.11698E+01, 0.10894E-02
 0.35000E+02, 0.60000E+01, 0.40941E+02, 0.12567E+01, 0.10102E-02
 0.36000E+02, 0.60000E+01, 0.35331E+02, 0.17184E+01, 0.72556E-03
 0.37000E+02, 0.60000E+01, 0.30585E+02, 0.26387E+01, 0.46524E-03
 0.38000E+02, 0.60000E+01, 0.32969E+02, 0.20085E+01, 0.61603E-03
 0.39000E+02, 0.60000E+01, 0.36828E+02, 0.14239E+01, 0.87990E-03
 0.40000E+02, 0.60000E+01, 0.31195E+02, 0.23051E+01, 0.53365E-03
 0.41000E+02, 0.60000E+01, 0.42132E+02, 0.10713E+01, 0.11895E-02
 0.42000E+02, 0.60000E+01, 0.25812E+02, 0.54290E+01, 0.22257E-03
 0.43000E+02, 0.60000E+01, 0.23349E+02, 0.16073E+02, 0.74558E-04
 0.44000E+02, 0.60000E+01, 0.22750E+02, 0.30000E+02, 0.38030E-04
 0.45000E+02, 0.60000E+01, 0.22799E+02, 0.30000E+02, 0.37351E-04
 0.46000E+02, 0.60000E+01, 0.23013E+02, 0.26764E+02, 0.44726E-04
 0.47000E+02, 0.60000E+01, 0.23019E+02, 0.26839E+02, 0.44602E-04
 0.48000E+02, 0.60000E+01, 0.23031E+02, 0.24415E+02, 0.49031E-04
 0.49000E+02, 0.60000E+01, 0.22779E+02, 0.30000E+02, 0.35440E-04
 0.50000E+02, 0.60000E+01, 0.23651E+02, 0.15690E+02, 0.76455E-04
 0.51000E+02, 0.60000E+01, 0.22931E+02, 0.30000E+02, 0.19891E-04
 0.52000E+02, 0.60000E+01, 0.33308E+02, 0.15707E+01, 0.78859E-03
 0.53000E+02, 0.60000E+01, 0.31260E+02, 0.19627E+01, 0.62687E-03
 0.54000E+02, 0.60000E+01, 0.25546E+02, 0.53625E+01, 0.22513E-03
 0.55000E+02, 0.60000E+01, 0.26626E+02, 0.39399E+01, 0.30753E-03
 0.56000E+02, 0.60000E+01, 0.28346E+02, 0.27977E+01, 0.43557E-03
 0.57000E+02, 0.60000E+01, 0.37065E+02, 0.11369E+01, 0.11029E-02
 0.58000E+02, 0.60000E+01, 0.33739E+02, 0.14398E+01, 0.86149E-03
 0.59000E+02, 0.60000E+01, 0.30450E+02, 0.20214E+01, 0.60706E-03
 0.60000E+02, 0.60000E+01, 0.28463E+02, 0.27325E+01, 0.44614E-03
 0.61000E+02, 0.60000E+01, 0.26527E+02, 0.38598E+01, 0.31381E-03
 0.62000E+02, 0.60000E+01, 0.38822E+02, 0.97290E+00, 0.12961E-02
 0.63000E+02, 0.60000E+01, 0.22000E+02, 0.30000E+02, 0.00000E+00
 0.64000E+02, 0.60000E+01, 0.13719E+03, 0.16030E+00, 0.10346E-01
 0.65000E+02, 0.60000E+01, 0.15069E+03, 0.16064E+00, 0.10665E-01
 0.00000E+00, 0.70000E+01, 0.66880E+02, 0.76260E+00, 0.18022E-02
 0.10000E+01, 0.70000E+01, 0.64392E+02, 0.80372E+00, 0.16975E-02
 0.20000E+01, 0.70000E+01, 0.66198E+02, 0.77402E+00, 0.17720E-02
 0.30000E+01, 0.70000E+01, 0.64526E+02, 0.80125E+00, 0.17034E-02
 0.40000E+01, 0.70000E+01, 0.65569E+02, 0.79235E+00, 0.17278E-02
 0.50000E+01, 0.70000E+01, 0.61817E+02, 0.84608E+00, 0.16002E-02
 0.60000E+01, 0.70000E+01, 0.59303E+02, 0.89345E+00, 0.15040E-02
 0.70000E+01, 0.70000E+01, 0.45959E+02, 0.10088E+01, 0.12785E-02
 0.80000E+01, 0.70000E+01, 0.22000E+02, 0.30000E+02, 0.00000E+00
 0.90000E+01, 0.70000E+01, 0.45628E+03, 0.11731E+00, 0.25131E-01
 0.10000E+02, 0.70000E+01, 0.48545E+03, 0.12023E+00, 0.25502E-01
 0.11000E+02, 0.70000E+01, 0.18121E+03, 0.20108E+00, 0.91330E-02
 0.12000E+02, 0.70000E+01, 0.13426E+03, 0.27450E+00, 0.59987E-02
 0.13000E+02, 0.70000E+01, 0.27351E+03, 0.18409E+00, 0.12002E-01
 0.14000E+02, 0.70000E+01, 0.26547E+03, 0.14778E+00, 0.14731E-01
 0.15000E+02, 0.70000E+01, 0.24531E+03, 0.14478E+00, 0.14474E-01
 0.16000E+02, 0.70000E+01, 0.20345E+03, 0.14140E+00, 0.13623E-01
 0.17000E+02, 0.70000E+01, 0.33214E+03, 0.16324E+00, 0.14987E-01
 0.18000E+02, 0.70000E+01, 0.35538E+03, 0.16451E+00, 0.15442E-01
 0.19000E+02, 0.70000E+01, 0.22483E+02, 0.30000E+02, 0.00000E+00
 0.20000E+02, 0.70000E+01, 0.22426E+02, 0.30000E+02, 0.00000E+00
 0.21000E+02, 0.70000E+01, 0.28970E+03, 0.15178E+00, 0.14989E-01
 0.22000E+02, 0.70000E+01, 0.37046E+03, 0.16046E+00, 0.16212E-01
 0.23000E+02, 0.70000E+01, 0.46401E+02, 0.11916E+01, 0.10839E-02
 0.24000E+02, 0.70000E+01, 0.66545E+02, 0.70727E+00, 0.19413E-02
 0.25000E+02, 0.70000E+01, 0.49425E+02, 0.10639E+01, 0.12255E-02
 0.26000E+02, 0.70000E+01, 0.37600E+02, 0.16971E+01, 0.74008E-03
 0.27000E+02, 0.70000E+01, 0.32546E+02, 0.23480E+01, 0.52621E-03
 0.28000E+02, 0.70000E+01, 0.38169E+02, 0.15152E+01, 0.83046E-03
 0.29000E+02, 0.70000E+01, 0.34973E+02, 0.18444E+01, 0.67523E-03
 0.30000E+02, 0.70000E+01, 0.34734E+02, 0.18866E+01, 0.65961E-03
 0.31000E+02, 0.70000E+01, 0.35207E+02, 0.18183E+01, 0.68544E-03
 0.32000E+02, 0.70000E+01, 0.36346E+02, 0.16556E+01, 0.75558E-03
 0.33000E+02, 0.70000E+01, 0.38025E+02, 0.14997E+01, 0.83865E-03
 0.34000E+02, 0.70000E+01, 0.94152E+02, 0.37404E+00, 0.39690E-02
 0.35000E+02, 0.70000E+01, 0.56002E+02, 0.74059E+00, 0.17964E-02
 0.36000E+02, 0.70000E+01, 0.33718E+02, 0.18956E+01, 0.65432E-03
 0.37000E+02, 0.70000E+01, 0.30348E+02, 0.27721E+01, 0.44251E-03
 0.38000E+02, 0.70000E+01, 0.32698E+02, 0.20971E+01, 0.58947E-03
 0.39000E+02, 0.70000E+01, 0.34770E+02, 0.16793E+01, 0.74113E-03
 0.40000E+02, 0.70000E+01, 0.70074E+02, 0.50531E+00, 0.27453E-02
 0.41000E+02, 0.70000E+01, 0.37617E+02, 0.14040E+01, 0.89461E-03
 0.42000E+02, 0.70000E+01, 0.25441E+02, 0.63420E+01, 0.19030E-03
 0.43000E+02, 0.70000E+01, 0.22568E+02, 0.30000E+02, 0.12766E-04
 0.44000E+02, 0.70000E+01, 0.22497E+02, 0.30000E+02, 0.11997E-04
 0.45000E+02, 0.70000E+01, 0.22512E+02, 0.30000E+02, 0.17093E-04
 0.46000E+02, 0.70000E+01, 0.22947E+02, 0.30000E+02, 0.39457E-04
 0.47000E+02, 0.70000E+01, 0.24009E+02, 0.12263E+02, 0.97945E-04
 0.48000E+02, 0.70000E+01, 0.24585E+02, 0.10251E+02, 0.11739E-03
 0.49000E+02, 0.70000E+01, 0.22818E+02, 0.30000E+02, 0.94477E-05
 0.50000E+02, 0.70000E+01, 0.22923E+02, 0.30000E+02, 0.24758E-04
 0.51000E+02, 0.70000E+01, 0.23204E+02, 0.30000E+02, 0.32327E-04
 0.52000E+02, 0.70000E+01, 0.69324E+02, 0.40796E+00, 0.33930E-02
 0.53000E+02, 0.70000E+01, 0.28864E+02, 0.26185E+01, 0.46617E-03
 0.54000E+02, 0.70000E+01, 0.30289E+02, 0.21261E+01, 0.57685E-03
 0.55000E+02, 0.70000E+01, 0.29796E+02, 0.22999E+01, 0.53240E-03
 0.56000E+02, 0.70000E+01, 0.28223E+02, 0.30078E+01, 0.40498E-03
 0.57000E+02, 0.70000E+01, 0.34311E+02, 0.14122E+01, 0.87998E-03
 0.58000E+02, 0.70000E+01, 0.62582E+02, 0.44097E+00, 0.30772E-02
 0.59000E+02, 0.70000E+01, 0.50737E+02, 0.59473E+00, 0.22011E-02
 0.60000E+02, 0.70000E+01, 0.33222E+02, 0.15118E+01, 0.81910E-03
 0.61000E+02, 0.70000E+01, 0.24725E+02, 0.69867E+01, 0.17232E-03
 0.62000E+02, 0.70000E+01, 0.35604E+02, 0.12129E+01, 0.10289E-02
 0.63000E+02, 0.70000E+01, 0.22000E+02, 0.30000E+02, 0.00000E+00
 0.64000E+02, 0.70000E+01, 0.14977E+03, 0.16453E+00, 0.10389E-01
 0.65000E+02, 0.70000E+01, 0.17893E+03, 0.14543E+00, 0.12564E-01
 0.00000E+00, 0.80000E+01, 0.69293E+02, 0.74425E+00, 0.18597E-02
 0.10000E+01, 0.80000E+01, 0.66485E+02, 0.77328E+00, 0.17752E-02
 0.20000E+01, 0.80000E+01, 0.67624E+02, 0.75280E+00, 0.18296E-02
 0.30000E+01, 0.80000E+01, 0.65536E+02, 0.78797E+00, 0.17373E-02
 0.40000E+01, 0.80000E+01, 0.64809E+02, 0.80608E+00, 0.16946E-02
 0.50000E+01, 0.80000E+01, 0.63351E+02, 0.82798E+00, 0.16427E-02
 0.60000E+01, 0.80000E+01, 0.60028E+02, 0.88284E+00, 0.15254E-02
 0.70000E+01, 0.80000E+01, 0.53922E+02, 0.94326E+00, 0.14015E-02
 0.80000E+01, 0.80000E+01, 0.22000E+02, 0.30000E+02, 0.00000E+00
 0.90000E+01, 0.80000E+01, 0.47304E+03, 0.11688E+00, 0.25803E-01
 0.10000E+02, 0.80000E+01, 0.51471E+03, 0.12178E+00, 0.26148E-01
 0.11000E+02, 0.80000E+01, 0.47199E+03, 0.12506E+00, 0.24081E-01
 0.12000E+02, 0.80000E+01, 0.49729E+03, 0.12459E+00, 0.24993E-01
 0.13000E+02, 0.80000E+01, 0.49814E+03, 0.13881E+00, 0.22458E-01
 0.14000E+02, 0.80000E+01, 0.49175E+03, 0.14675E+00, 0.21067E-01
 0.15000E+02, 0.80000E+01, 0.46353E+03, 0.15847E+00, 0.18789E-01
 0.16000E+02, 0.80000E+01, 0.44790E+03, 0.16850E+00, 0.17296E-01
 0.17000E+02, 0.80000E+01, 0.43489E+03, 0.16829E+00, 0.17005E-01
 0.18000E+02, 0.80000E+01, 0.41087E+03, 0.16712E+00, 0.16543E-01
 0.19000E+02, 0.80000E+01, 0.39957E+03, 0.16389E+00, 0.16591E-01
 0.20000E+02, 0.80000E+01, 0.39032E+03, 0.16022E+00, 0.16737E-01
 0.21000E+02, 0.80000E+01, 0.36761E+03, 0.16333E+00, 0.15856E-01
 0.22000E+02, 0.80000E+01, 0.38068E+03, 0.16473E+00, 0.16042E-01
 0.23000E+02, 0.80000E+01, 0.41056E+03, 0.15894E+00, 0.17386E-01
 0.24000E+02, 0.80000E+01, 0.41090E+03, 0.15177E+00, 0.18217E-01
 0.25000E+02, 0.80000E+01, 0.38996E+03, 0.15521E+00, 0.17268E-01
 0.26000E+02, 0.80000E+01, 0.37402E+03, 0.17177E+00, 0.15229E-01
 0.27000E+02, 0.80000E+01, 0.38196E+03, 0.16392E+00, 0.16154E-01
 0.28000E+02, 0.80000E+01, 0.38643E+03, 0.16204E+00, 0.16452E-01
 0.29000E+02, 0.80000E+01, 0.39612E+03, 0.15781E+00, 0.17141E-01
 0.30000E+02, 0.80000E+01, 0.37419E+03, 0.14786E+00, 0.17695E-01
 0.31000E+02, 0.80000E+01, 0.34711E+03, 0.13992E+00, 0.17917E-01
 0.32000E+02, 0.80000E+01, 0.33499E+03, 0.13998E+00, 0.17560E-01
 0.33000E+02, 0.80000E+01, 0.32836E+03, 0.15067E+00, 0.16136E-01
 0.34000E+02, 0.80000E+01, 0.30029E+03, 0.15243E+00, 0.15205E-01
 0.35000E+02, 0.80000E+01, 0.30470E+03, 0.13906E+00, 0.16795E-01
 0.36000E+02, 0.80000E+01, 0.21137E+03, 0.18020E+00, 0.10868E-01
 0.37000E+02, 0.80000E+01, 0.23229E+03, 0.16153E+00, 0.12647E-01
 0.38000E+02, 0.80000E+01, 0.25962E+03, 0.14272E+00, 0.15088E-01
 0.39000E+02, 0.80000E+01, 0.28908E+03, 0.12359E+00, 0.18387E-01
 0.40000E+02, 0.80000E+01, 0.27571E+03, 0.12909E+00, 0.17185E-01
 0.41000E+02, 0.80000E+01, 0.23124E+03, 0.15553E+00, 0.13107E-01
 0.42000E+02, 0.80000E+01, 0.19849E+03, 0.17981E+00, 0.10602E-01
 0.43000E+02, 0.80000E+01, 0.20625E+03, 0.17074E+00, 0.11349E-01
 0.44000E+02, 0.80000E+01, 0.19382E+03, 0.17270E+00, 0.10929E-01
 0.45000E+02, 0.80000E+01, 0.19498E+03, 0.16989E+00, 0.11137E-01
 0.46000E+02, 0.80000E+01, 0.19809E+03, 0.16400E+00, 0.11614E-01
 0.47000E+02, 0.80000E+01, 0.19583E+03, 0.16801E+00, 0.11282E-01
 0.48000E+02, 0.80000E+01, 0.21704E+03, 0.15094E+00, 0.13126E-01
 0.49000E+02, 0.80000E+01, 0.21532E+03, 0.14728E+00, 0.13406E-01
 0.50000E+02, 0.80000E+01, 0.24204E+03, 0.12833E+00, 0.16226E-01
 0.51000E+02, 0.80000E+01, 0.24765E+03, 0.12367E+00, 0.17021E-01
 0.52000E+02, 0.80000E+01, 0.18602E+03, 0.15472E+00, 0.11996E-01
 0.53000E+02, 0.80000E+01, 0.19931E+03, 0.14468E+00, 0.13199E-01
 0.54000E+02, 0.80000E+01, 0.21494E+03, 0.13381E+00, 0.14743E-01
 0.55000E+02, 0.80000E+01, 0.23058E+03, 0.11691E+00, 0.17414E-01
 0.56000E+02, 0.80000E+01, 0.21219E+03, 0.12034E+00, 0.16301E-01
 0.57000E+02, 0.80000E+01, 0.18414E+03, 0.14084E+00, 0.13123E-01
 0.58000E+02, 0.80000E+01, 0.18528E+03, 0.13853E+00, 0.13375E-01
 0.59000E+02, 0.80000E+01, 0.16782E+03, 0.15553E+00, 0.11459E-01
 0.60000E+02, 0.80000E+01, 0.18423E+03, 0.14081E+00, 0.13128E-01
 0.61000E+02, 0.80000E+01, 0.19427E+03, 0.12586E+00, 0.15011E-01
 0.62000E+02, 0.80000E+01, 0.19449E+03, 0.12452E+00, 0.15179E-01
 0.63000E+02, 0.80000E+01, 0.15391E+03, 0.16738E+00, 0.10313E-01
 0.64000E+02, 0.80000E+01, 0.16715E+03, 0.16334E+00, 0.10895E-01
 0.65000E+02, 0.80000E+01, 0.19152E+03, 0.13872E+00, 0.13539E-01
 0.00000E+00, 0.90000E+01, 0.69239E+02, 0.75418E+00, 0.18349E-02
 0.10000E+01, 0.90000E+01, 0.65831E+02, 0.80292E+00, 0.17064E-02
 0.20000E+01, 0.90000E+01, 0.61272E+02, 0.85145E+00, 0.15875E-02
 0.30000E+01, 0.90000E+01, 0.57780E+02, 0.94197E+00, 0.14200E-02
 0.40000E+01, 0.90000E+01, 0.57795E+02, 0.95802E+00, 0.13962E-02
 0.50000E+01, 0.90000E+01, 0.59344E+02, 0.93375E+00, 0.14392E-02
 0.60000E+01, 0.90000E+01, 0.58261E+02, 0.93963E+00, 0.14256E-02
 0.70000E+01, 0.90000E+01, 0.58190E+02, 0.90672E+00, 0.14770E-02
 0.80000E+01, 0.90000E+01, 0.22000E+02, 0.30000E+02, 0.00000E+00
 0.90000E+01, 0.90000E+01, 0.44335E+03, 0.11569E+00, 0.25032E-01
 0.10000E+02, 0.90000E+01, 0.48594E+03, 0.12059E+00, 0.25443E-01
 0.11000E+02, 0.90000E+01, 0.40881E+03, 0.13006E+00, 0.21193E-01
 0.12000E+02, 0.90000E+01, 0.40164E+03, 0.14446E+00, 0.18879E-01
 0.13000E+02, 0.90000E+01, 0.47131E+03, 0.13881E+00, 0.21677E-01
 0.14000E+02, 0.90000E+01, 0.48896E+03, 0.14699E+00, 0.20956E-01
 0.15000E+02, 0.90000E+01, 0.42071E+03, 0.15992E+00, 0.17537E-01
 0.16000E+02, 0.90000E+01, 0.41646E+03, 0.16013E+00, 0.17407E-01
 0.17000E+02, 0.90000E+01, 0.42385E+03, 0.15880E+00, 0.17740E-01
 0.18000E+02, 0.90000E+01, 0.37434E+03, 0.17371E+00, 0.15066E-01
 0.19000E+02, 0.90000E+01, 0.26972E+03, 0.20132E+00, 0.10899E-01
 0.20000E+02, 0.90000E+01, 0.34628E+03, 0.17357E+00, 0.14424E-01
 0.21000E+02, 0.90000E+01, 0.39072E+03, 0.16788E+00, 0.15984E-01
 0.22000E+02, 0.90000E+01, 0.36685E+03, 0.17118E+00, 0.15111E-01
 0.23000E+02, 0.90000E+01, 0.31385E+03, 0.18038E+00, 0.13153E-01
 0.24000E+02, 0.90000E+01, 0.32238E+03, 0.17657E+00, 0.13632E-01
 0.25000E+02, 0.90000E+01, 0.35581E+03, 0.16640E+00, 0.15277E-01
 0.26000E+02, 0.90000E+01, 0.32605E+03, 0.18100E+00, 0.13381E-01
 0.27000E+02, 0.90000E+01, 0.31299E+03, 0.19116E+00, 0.12393E-01
 0.28000E+02, 0.90000E+01, 0.36073E+03, 0.17923E+00, 0.14294E-01
 0.29000E+02, 0.90000E+01, 0.35071E+03, 0.16310E+00, 0.15460E-01
 0.30000E+02, 0.90000E+01, 0.28451E+03, 0.17604E+00, 0.12804E-01
 0.31000E+02, 0.90000E+01, 0.26416E+03, 0.18291E+00, 0.11873E-01
 0.32000E+02, 0.90000E+01, 0.28744E+03, 0.18165E+00, 0.12473E-01
 0.33000E+02, 0.90000E+01, 0.26202E+03, 0.18471E+00, 0.11711E-01
 0.34000E+02, 0.90000E+01, 0.27084E+03, 0.16805E+00, 0.13084E-01
 0.35000E+02, 0.90000E+01, 0.25851E+03, 0.16221E+00, 0.13247E-01
 0.36000E+02, 0.90000E+01, 0.20494E+03, 0.21046E+00, 0.91816E-02
 0.37000E+02, 0.90000E+01, 0.23568E+03, 0.17082E+00, 0.12040E-01
 0.38000E+02, 0.90000E+01, 0.25401E+03, 0.16080E+00, 0.13251E-01
 0.39000E+02, 0.90000E+01, 0.20985E+03, 0.19567E+00, 0.99769E-02
 0.40000E+02, 0.90000E+01, 0.17803E+03, 0.21894E+00, 0.83290E-02
 0.41000E+02, 0.90000E+01, 0.20343E+03, 0.18694E+00, 0.10304E-01
 0.42000E+02, 0.90000E+01, 0.19394E+03, 0.19105E+00, 0.98816E-02
 0.43000E+02, 0.90000E+01, 0.19820E+03, 0.18405E+00, 0.10351E-01
 0.44000E+02, 0.90000E+01, 0.21734E+03, 0.16558E+00, 0.11973E-01
 0.45000E+02, 0.90000E+01, 0.21664E+03, 0.16622E+00, 0.11910E-01
 0.46000E+02, 0.90000E+01, 0.20945E+03, 0.16778E+00, 0.11626E-01
 0.47000E+02, 0.90000E+01, 0.20668E+03, 0.16961E+00, 0.11434E-01
 0.48000E+02, 0.90000E+01, 0.20392E+03, 0.16800E+00, 0.11478E-01
 0.49000E+02, 0.90000E+01, 0.22403E+03, 0.15831E+00, 0.12694E-01
 0.50000E+02, 0.90000E+01, 0.24860E+03, 0.14010E+00, 0.15052E-01
 0.51000E+02, 0.90000E+01, 0.23187E+03, 0.13961E+00, 0.14621E-01
 0.52000E+02, 0.90000E+01, 0.21115E+03, 0.14730E+00, 0.13289E-01
 0.53000E+02, 0.90000E+01, 0.22066E+03, 0.14233E+00, 0.14023E-01
 0.54000E+02, 0.90000E+01, 0.23411E+03, 0.13240E+00, 0.15485E-01
 0.55000E+02, 0.90000E+01, 0.23135E+03, 0.12576E+00, 0.16214E-01
 0.56000E+02, 0.90000E+01, 0.18178E+03, 0.15294E+00, 0.12022E-01
 0.57000E+02, 0.90000E+01, 0.18021E+03, 0.15757E+00, 0.11629E-01
 0.58000E+02, 0.90000E+01, 0.19428E+03, 0.15256E+00, 0.12383E-01
 0.59000E+02, 0.90000E+01, 0.19594E+03, 0.14566E+00, 0.13016E-01
 0.60000E+02, 0.90000E+01, 0.19308E+03, 0.14825E+00, 0.12711E-01
 0.61000E+02, 0.90000E+01, 0.17635E+03, 0.15735E+00, 0.11546E-01
 0.62000E+02, 0.90000E+01, 0.16897E+03, 0.16147E+00, 0.11067E-01
 0.63000E+02, 0.90000E+01, 0.16950E+03, 0.16467E+00, 0.10865E-01
 0.64000E+02, 0.90000E+01, 0.17379E+03, 0.16059E+00, 0.11249E-01
 0.65000E+02, 0.90000E+01, 0.18543E+03, 0.15099E+00, 0.12276E-01
 0.00000E+00, 0.10000E+02, 0.68919E+02, 0.75948E+00, 0.18204E-02
 0.10000E+01, 0.10000E+02, 0.62763E+02, 0.86832E+00, 0.15636E-02
 0.20000E+01, 0.10000E+02, 0.58329E+02, 0.95141E+00, 0.14082E-02
 0.30000E+01, 0.10000E+02, 0.62028E+02, 0.91476E+00, 0.14810E-02
 0.40000E+01, 0.10000E+02, 0.73692E+02, 0.76834E+00, 0.18245E-02
 0.50000E+01, 0.10000E+02, 0.73599E+02, 0.76118E+00, 0.18412E-02
 0.60000E+01, 0.10000E+02, 0.59683E+02, 0.93437E+00, 0.14397E-02
 0.70000E+01, 0.10000E+02, 0.57549E+02, 0.92991E+00, 0.14374E-02
 0.80000E+01, 0.10000E+02, 0.22000E+02, 0.30000E+02, 0.00000E+00
 0.90000E+01, 0.10000E+02, 0.42499E+03, 0.11701E+00, 0.24115E-01
 0.10000E+02, 0.10000E+02, 0.42436E+03, 0.11750E+00, 0.23992E-01
 0.11000E+02, 0.10000E+02, 0.37693E+03, 0.12873E+00, 0.20411E-01
 0.12000E+02, 0.10000E+02, 0.50691E+03, 0.13898E+00, 0.22686E-01
 0.13000E+02, 0.10000E+02, 0.48227E+03, 0.13807E+00, 0.22114E-01
 0.14000E+02, 0.10000E+02, 0.53328E+03, 0.13833E+00, 0.23563E-01
 0.15000E+02, 0.10000E+02, 0.49113E+03, 0.15006E+00, 0.20586E-01
 0.16000E+02, 0.10000E+02, 0.43457E+03, 0.17454E+00, 0.16389E-01
 0.17000E+02, 0.10000E+02, 0.39120E+03, 0.16296E+00, 0.16477E-01
 0.18000E+02, 0.10000E+02, 0.26549E+03, 0.20774E+00, 0.10480E-01
 0.19000E+02, 0.10000E+02, 0.23164E+03, 0.22799E+00, 0.89491E-02
 0.20000E+02, 0.10000E+02, 0.28278E+03, 0.20139E+00, 0.11157E-01
 0.21000E+02, 0.10000E+02, 0.35960E+03, 0.17994E+00, 0.14213E-01
 0.22000E+02, 0.10000E+02, 0.33746E+03, 0.18751E+00, 0.13162E-01
 0.23000E+02, 0.10000E+02, 0.30886E+03, 0.19109E+00, 0.12311E-01
 0.24000E+02, 0.10000E+02, 0.27478E+03, 0.20483E+00, 0.10812E-01
 0.25000E+02, 0.10000E+02, 0.27860E+03, 0.19937E+00, 0.11186E-01
 0.26000E+02, 0.10000E+02, 0.27015E+03, 0.20389E+00, 0.10770E-01
 0.27000E+02, 0.10000E+02, 0.25707E+03, 0.21029E+00, 0.10191E-01
 0.28000E+02, 0.10000E+02, 0.28028E+03, 0.19246E+00, 0.11622E-01
 0.29000E+02, 0.10000E+02, 0.26490E+03, 0.20197E+00, 0.10768E-01
 0.30000E+02, 0.10000E+02, 0.24958E+03, 0.20473E+00, 0.10320E-01
 0.31000E+02, 0.10000E+02, 0.26966E+03, 0.18708E+00, 0.11727E-01
 0.32000E+02, 0.10000E+02, 0.26506E+03, 0.18358E+00, 0.11849E-01
 0.33000E+02, 0.10000E+02, 0.26072E+03, 0.17385E+00, 0.12412E-01
 0.34000E+02, 0.10000E+02, 0.26747E+03, 0.16048E+00, 0.13616E-01
 0.35000E+02, 0.10000E+02, 0.22997E+03, 0.18530E+00, 0.10974E-01
 0.36000E+02, 0.10000E+02, 0.22503E+03, 0.20419E+00, 0.98610E-02
 0.37000E+02, 0.10000E+02, 0.23009E+03, 0.19504E+00, 0.10429E-01
 0.38000E+02, 0.10000E+02, 0.25346E+03, 0.17398E+00, 0.12234E-01
 0.39000E+02, 0.10000E+02, 0.19063E+03, 0.22120E+00, 0.84743E-02
 0.40000E+02, 0.10000E+02, 0.17211E+03, 0.23367E+00, 0.77017E-02
 0.41000E+02, 0.10000E+02, 0.18389E+03, 0.21711E+00, 0.85082E-02
 0.42000E+02, 0.10000E+02, 0.20710E+03, 0.19266E+00, 0.10075E-01
 0.43000E+02, 0.10000E+02, 0.22228E+03, 0.18031E+00, 0.11106E-01
 0.44000E+02, 0.10000E+02, 0.23161E+03, 0.16536E+00, 0.12337E-01
 0.45000E+02, 0.10000E+02, 0.22339E+03, 0.17099E+00, 0.11737E-01
 0.46000E+02, 0.10000E+02, 0.22198E+03, 0.16909E+00, 0.11835E-01
 0.47000E+02, 0.10000E+02, 0.21681E+03, 0.17042E+00, 0.11620E-01
 0.48000E+02, 0.10000E+02, 0.21030E+03, 0.16726E+00, 0.11683E-01
 0.49000E+02, 0.10000E+02, 0.21653E+03, 0.15917E+00, 0.12435E-01
 0.50000E+02, 0.10000E+02, 0.21871E+03, 0.15432E+00, 0.12883E-01
 0.51000E+02, 0.10000E+02, 0.21739E+03, 0.15334E+00, 0.12930E-01
 0.52000E+02, 0.10000E+02, 0.22521E+03, 0.14938E+00, 0.13485E-01
 0.53000E+02, 0.10000E+02, 0.20668E+03, 0.15740E+00, 0.12321E-01
 0.54000E+02, 0.10000E+02, 0.18033E+03, 0.16587E+00, 0.11051E-01
 0.55000E+02, 0.10000E+02, 0.18084E+03, 0.16811E+00, 0.10915E-01
 0.56000E+02, 0.10000E+02, 0.19165E+03, 0.16444E+00, 0.11425E-01
 0.57000E+02, 0.10000E+02, 0.19875E+03, 0.16056E+00, 0.11879E-01
 0.58000E+02, 0.10000E+02, 0.20465E+03, 0.14925E+00, 0.12939E-01
 0.59000E+02, 0.10000E+02, 0.20378E+03, 0.14317E+00, 0.13464E-01
 0.60000E+02, 0.10000E+02, 0.19752E+03, 0.14764E+00, 0.12885E-01
 0.61000E+02, 0.10000E+02, 0.17487E+03, 0.16681E+00, 0.10856E-01
 0.62000E+02, 0.10000E+02, 0.17458E+03, 0.16407E+00, 0.11030E-01
 0.63000E+02, 0.10000E+02, 0.17203E+03, 0.16476E+00, 0.10921E-01
 0.64000E+02, 0.10000E+02, 0.17308E+03, 0.16325E+00, 0.11048E-01
 0.65000E+02, 0.10000E+02, 0.19255E+03, 0.15084E+00, 0.12479E-01
 0.00000E+00, 0.11000E+02, 0.68674E+02, 0.77723E+00, 0.17776E-02
 0.10000E+01, 0.11000E+02, 0.64606E+02, 0.88438E+00, 0.15436E-02
 0.20000E+01, 0.11000E+02, 0.84927E+02, 0.68278E+00, 0.21197E-02
 0.30000E+01, 0.11000E+02, 0.89027E+02, 0.64367E+00, 0.22742E-02
 0.40000E+01, 0.11000E+02, 0.87997E+02, 0.65446E+00, 0.22304E-02
 0.50000E+01, 0.11000E+02, 0.82185E+02, 0.69900E+00, 0.20546E-02
 0.60000E+01, 0.11000E+02, 0.75019E+02, 0.74029E+00, 0.19009E-02
 0.70000E+01, 0.11000E+02, 0.67013E+02, 0.79563E+00, 0.17280E-02
 0.80000E+01, 0.11000E+02, 0.22000E+02, 0.30000E+02, 0.00000E+00
 0.90000E+01, 0.11000E+02, 0.54042E+03, 0.13499E+00, 0.24360E-01
 0.10000E+02, 0.11000E+02, 0.44680E+03, 0.12722E+00, 0.22873E-01
 0.11000E+02, 0.11000E+02, 0.37679E+03, 0.12137E+00, 0.21644E-01
 0.12000E+02, 0.11000E+02, 0.50074E+03, 0.13489E+00, 0.23188E-01
 0.13000E+02, 0.11000E+02, 0.49089E+03, 0.13691E+00, 0.22555E-01
 0.14000E+02, 0.11000E+02, 0.46315E+03, 0.14245E+00, 0.20892E-01
 0.15000E+02, 0.11000E+02, 0.49762E+03, 0.14640E+00, 0.21280E-01
 0.16000E+02, 0.11000E+02, 0.49316E+03, 0.17255E+00, 0.17950E-01
 0.17000E+02, 0.11000E+02, 0.30107E+03, 0.18885E+00, 0.12290E-01
 0.18000E+02, 0.11000E+02, 0.24821E+03, 0.22334E+00, 0.94352E-02
 0.19000E+02, 0.11000E+02, 0.28225E+03, 0.20604E+00, 0.10895E-01
 0.20000E+02, 0.11000E+02, 0.30757E+03, 0.19645E+00, 0.11948E-01
 0.21000E+02, 0.11000E+02, 0.33950E+03, 0.18538E+00, 0.13358E-01
 0.22000E+02, 0.11000E+02, 0.34061E+03, 0.18682E+00, 0.13279E-01
 0.23000E+02, 0.11000E+02, 0.33832E+03, 0.18892E+00, 0.13082E-01
 0.24000E+02, 0.11000E+02, 0.31214E+03, 0.19659E+00, 0.12033E-01
 0.25000E+02, 0.11000E+02, 0.27774E+03, 0.20864E+00, 0.10672E-01
 0.26000E+02, 0.11000E+02, 0.25848E+03, 0.22322E+00, 0.96262E-02
 0.27000E+02, 0.11000E+02, 0.25668E+03, 0.22370E+00, 0.95729E-02
 0.28000E+02, 0.11000E+02, 0.28264E+03, 0.19619E+00, 0.11450E-01
 0.29000E+02, 0.11000E+02, 0.26983E+03, 0.19853E+00, 0.11054E-01
 0.30000E+02, 0.11000E+02, 0.25722E+03, 0.20082E+00, 0.10675E-01
 0.31000E+02, 0.11000E+02, 0.26402E+03, 0.18963E+00, 0.11449E-01
 0.32000E+02, 0.11000E+02, 0.27076E+03, 0.17586E+00, 0.12500E-01
 0.33000E+02, 0.11000E+02, 0.26643E+03, 0.17436E+00, 0.12508E-01
 0.34000E+02, 0.11000E+02, 0.24458E+03, 0.19083E+00, 0.10966E-01
 0.35000E+02, 0.11000E+02, 0.21877E+03, 0.21294E+00, 0.93373E-02
 0.36000E+02, 0.11000E+02, 0.21189E+03, 0.23298E+00, 0.84146E-02
 0.37000E+02, 0.11000E+02, 0.22388E+03, 0.21670E+00, 0.92705E-02
 0.38000E+02, 0.11000E+02, 0.24592E+03, 0.19030E+00, 0.11025E-01
 0.39000E+02, 0.11000E+02, 0.18512E+03, 0.23535E+00, 0.78703E-02
 0.40000E+02, 0.11000E+02, 0.19274E+03, 0.22848E+00, 0.82416E-02
 0.41000E+02, 0.11000E+02, 0.20148E+03, 0.21319E+00, 0.89982E-02
 0.42000E+02, 0.11000E+02, 0.21479E+03, 0.20383E+00, 0.96758E-02
 0.43000E+02, 0.11000E+02, 0.23431E+03, 0.19277E+00, 0.10640E-01
 0.44000E+02, 0.11000E+02, 0.24608E+03, 0.16892E+00, 0.12424E-01
 0.45000E+02, 0.11000E+02, 0.21650E+03, 0.17956E+00, 0.11022E-01
 0.46000E+02, 0.11000E+02, 0.21049E+03, 0.18406E+00, 0.10620E-01
 0.47000E+02, 0.11000E+02, 0.20536E+03, 0.18858E+00, 0.10256E-01
 0.48000E+02, 0.11000E+02, 0.20467E+03, 0.18500E+00, 0.10439E-01
 0.49000E+02, 0.11000E+02, 0.22803E+03, 0.16402E+00, 0.12350E-01
 0.50000E+02, 0.11000E+02, 0.22301E+03, 0.15699E+00, 0.12774E-01
 0.51000E+02, 0.11000E+02, 0.23082E+03, 0.15311E+00, 0.13304E-01
 0.52000E+02, 0.11000E+02, 0.20753E+03, 0.16639E+00, 0.11676E-01
 0.53000E+02, 0.11000E+02, 0.19346E+03, 0.17298E+00, 0.10902E-01
 0.54000E+02, 0.11000E+02, 0.19061E+03, 0.17648E+00, 0.10621E-01
 0.55000E+02, 0.11000E+02, 0.19466E+03, 0.17114E+00, 0.11048E-01
 0.56000E+02, 0.11000E+02, 0.19155E+03, 0.16621E+00, 0.11300E-01
 0.57000E+02, 0.11000E+02, 0.20615E+03, 0.15197E+00, 0.12748E-01
 0.58000E+02, 0.11000E+02, 0.21036E+03, 0.14642E+00, 0.13347E-01
 0.59000E+02, 0.11000E+02, 0.18614E+03, 0.16017E+00, 0.11590E-01
 0.60000E+02, 0.11000E+02, 0.17244E+03, 0.17239E+00, 0.10447E-01
 0.61000E+02, 0.11000E+02, 0.17538E+03, 0.17226E+00, 0.10524E-01
 0.62000E+02, 0.11000E+02, 0.18226E+03, 0.16415E+00, 0.11214E-01
 0.63000E+02, 0.11000E+02, 0.18342E+03, 0.16044E+00, 0.11502E-01
 0.64000E+02, 0.11000E+02, 0.18634E+03, 0.15955E+00, 0.11640E-01
 0.65000E+02, 0.11000E+02, 0.19975E+03, 0.15068E+00, 0.12685E-01
 0.00000E+00, 0.12000E+02, 0.69500E+02, 0.80855E+00, 0.17129E-02
 0.10000E+01, 0.12000E+02, 0.79328E+02, 0.75349E+00, 0.18907E-02
 0.20000E+01, 0.12000E+02, 0.87393E+02, 0.67612E+00, 0.21553E-02
 0.30000E+01, 0.12000E+02, 0.84322E+02, 0.73755E+00, 0.19590E-02
 0.40000E+01, 0.12000E+02, 0.86630E+02, 0.74944E+00, 0.19403E-02
 0.50000E+01, 0.12000E+02, 0.95460E+02, 0.63340E+00, 0.23522E-02
 0.60000E+01, 0.12000E+02, 0.11057E+03, 0.50913E+00, 0.30463E-02
 0.70000E+01, 0.12000E+02, 0.12134E+03, 0.45178E+00, 0.35293E-02
 0.80000E+01, 0.12000E+02, 0.22000E+02, 0.30000E+02, 0.00000E+00
 0.90000E+01, 0.12000E+02, 0.59115E+03, 0.15618E+00, 0.22368E-01
 0.10000E+02, 0.12000E+02, 0.64098E+03, 0.17330E+00, 0.21320E-01
 0.11000E+02, 0.12000E+02, 0.67853E+03, 0.13925E+00, 0.27624E-01
 0.12000E+02, 0.12000E+02, 0.65344E+03, 0.14401E+00, 0.26005E-01
 0.13000E+02, 0.12000E+02, 0.58773E+03, 0.14609E+00, 0.23817E-01
 0.14000E+02, 0.12000E+02, 0.54733E+03, 0.14095E+00, 0.23528E-01
 0.15000E+02, 0.12000E+02, 0.47342E+03, 0.15544E+00, 0.19412E-01
 0.16000E+02, 0.12000E+02, 0.47323E+03, 0.16580E+00, 0.18196E-01
 0.17000E+02, 0.12000E+02, 0.44352E+03, 0.16863E+00, 0.17178E-01
 0.18000E+02, 0.12000E+02, 0.40710E+03, 0.17282E+00, 0.15909E-01
 0.19000E+02, 0.12000E+02, 0.33802E+03, 0.17891E+00, 0.13808E-01
 0.20000E+02, 0.12000E+02, 0.32918E+03, 0.18710E+00, 0.13012E-01
 0.21000E+02, 0.12000E+02, 0.32063E+03, 0.19042E+00, 0.12603E-01
 0.22000E+02, 0.12000E+02, 0.32714E+03, 0.18594E+00, 0.13048E-01
 0.23000E+02, 0.12000E+02, 0.32860E+03, 0.18632E+00, 0.13054E-01
 0.24000E+02, 0.12000E+02, 0.32938E+03, 0.18791E+00, 0.12960E-01
 0.25000E+02, 0.12000E+02, 0.30850E+03, 0.19632E+00, 0.11975E-01
 0.26000E+02, 0.12000E+02, 0.27920E+03, 0.21027E+00, 0.10617E-01
 0.27000E+02, 0.12000E+02, 0.26996E+03, 0.22031E+00, 0.99638E-02
 0.28000E+02, 0.12000E+02, 0.27824E+03, 0.21144E+00, 0.10540E-01
 0.29000E+02, 0.12000E+02, 0.26842E+03, 0.20802E+00, 0.10523E-01
 0.30000E+02, 0.12000E+02, 0.24595E+03, 0.22550E+00, 0.93041E-02
 0.31000E+02, 0.12000E+02, 0.25587E+03, 0.20809E+00, 0.10275E-01
 0.32000E+02, 0.12000E+02, 0.26311E+03, 0.19233E+00, 0.11270E-01
 0.33000E+02, 0.12000E+02, 0.25399E+03, 0.20478E+00, 0.10405E-01
 0.34000E+02, 0.12000E+02, 0.22990E+03, 0.23345E+00, 0.87095E-02
 0.35000E+02, 0.12000E+02, 0.20519E+03, 0.26726E+00, 0.72339E-02
 0.36000E+02, 0.12000E+02, 0.20887E+03, 0.25840E+00, 0.75396E-02
 0.37000E+02, 0.12000E+02, 0.23204E+03, 0.22592E+00, 0.90380E-02
 0.38000E+02, 0.12000E+02, 0.22084E+03, 0.22662E+00, 0.88103E-02
 0.39000E+02, 0.12000E+02, 0.20219E+03, 0.25593E+00, 0.75069E-02
 0.40000E+02, 0.12000E+02, 0.20969E+03, 0.23125E+00, 0.84394E-02
 0.41000E+02, 0.12000E+02, 0.21426E+03, 0.22271E+00, 0.88460E-02
 0.42000E+02, 0.12000E+02, 0.21829E+03, 0.21417E+00, 0.92746E-02
 0.43000E+02, 0.12000E+02, 0.23513E+03, 0.18658E+00, 0.11010E-01
 0.44000E+02, 0.12000E+02, 0.23054E+03, 0.17796E+00, 0.11439E-01
 0.45000E+02, 0.12000E+02, 0.23627E+03, 0.17437E+00, 0.11808E-01
 0.46000E+02, 0.12000E+02, 0.23377E+03, 0.17763E+00, 0.11535E-01
 0.47000E+02, 0.12000E+02, 0.21559E+03, 0.19031E+00, 0.10380E-01
 0.48000E+02, 0.12000E+02, 0.20705E+03, 0.18411E+00, 0.10542E-01
 0.49000E+02, 0.12000E+02, 0.21301E+03, 0.18031E+00, 0.10898E-01
 0.50000E+02, 0.12000E+02, 0.22762E+03, 0.16306E+00, 0.12413E-01
 0.51000E+02, 0.12000E+02, 0.20781E+03, 0.17536E+00, 0.11086E-01
 0.52000E+02, 0.12000E+02, 0.19568E+03, 0.18772E+00, 0.10094E-01
 0.53000E+02, 0.12000E+02, 0.18329E+03, 0.19951E+00, 0.92470E-02
 0.54000E+02, 0.12000E+02, 0.18800E+03, 0.19178E+00, 0.97188E-02
 0.55000E+02, 0.12000E+02, 0.19446E+03, 0.17962E+00, 0.10522E-01
 0.56000E+02, 0.12000E+02, 0.19769E+03, 0.16723E+00, 0.11380E-01
 0.57000E+02, 0.12000E+02, 0.20182E+03, 0.16130E+00, 0.11902E-01
 0.58000E+02, 0.12000E+02, 0.18645E+03, 0.16472E+00, 0.11278E-01
 0.59000E+02, 0.12000E+02, 0.17930E+03, 0.16982E+00, 0.10769E-01
 0.60000E+02, 0.12000E+02, 0.19351E+03, 0.15852E+00, 0.11898E-01
 0.61000E+02, 0.12000E+02, 0.19357E+03, 0.15924E+00, 0.11846E-01
 0.62000E+02, 0.12000E+02, 0.18937E+03, 0.16312E+00, 0.11461E-01
 0.63000E+02, 0.12000E+02, 0.18207E+03, 0.16732E+00, 0.10996E-01
 0.64000E+02, 0.12000E+02, 0.17811E+03, 0.16626E+00, 0.10970E-01
 0.65000E+02, 0.12000E+02, 0.19413E+03, 0.15168E+00, 0.12451E-01
 0.00000E+00, 0.13000E+02, 0.75020E+02, 0.72709E+00, 0.19354E-02
 0.10000E+01, 0.13000E+02, 0.80615E+02, 0.73254E+00, 0.19519E-02
 0.20000E+01, 0.13000E+02, 0.89302E+02, 0.69199E+00, 0.21170E-02
 0.30000E+01, 0.13000E+02, 0.87555E+02, 0.78392E+00, 0.18598E-02
 0.40000E+01, 0.13000E+02, 0.92918E+02, 0.77746E+00, 0.19031E-02
 0.50000E+01, 0.13000E+02, 0.98306E+02, 0.62452E+00, 0.24040E-02
 0.60000E+01, 0.13000E+02, 0.11473E+03, 0.49670E+00, 0.31563E-02
 0.70000E+01, 0.13000E+02, 0.15316E+03, 0.38839E+00, 0.44364E-02
 0.80000E+01, 0.13000E+02, 0.22000E+02, 0.30000E+02, 0.00000E+00
 0.90000E+01, 0.13000E+02, 0.65045E+03, 0.21126E+00, 0.17670E-01
 0.10000E+02, 0.13000E+02, 0.64929E+03, 0.20932E+00, 0.17811E-01
 0.11000E+02, 0.13000E+02, 0.67347E+03, 0.14621E+00, 0.26168E-01
 0.12000E+02, 0.13000E+02, 0.57482E+03, 0.15257E+00, 0.22464E-01
 0.13000E+02, 0.13000E+02, 0.47004E+03, 0.16006E+00, 0.18767E-01
 0.14000E+02, 0.13000E+02, 0.38942E+03, 0.17869E+00, 0.14987E-01
 0.15000E+02, 0.13000E+02, 0.40728E+03, 0.16990E+00, 0.16187E-01
 0.16000E+02, 0.13000E+02, 0.39147E+03, 0.17473E+00, 0.15374E-01
 0.17000E+02, 0.13000E+02, 0.39319E+03, 0.19526E+00, 0.13793E-01
 0.18000E+02, 0.13000E+02, 0.38515E+03, 0.19102E+00, 0.13929E-01
 0.19000E+02, 0.13000E+02, 0.34271E+03, 0.17826E+00, 0.13964E-01
 0.20000E+02, 0.13000E+02, 0.32322E+03, 0.17382E+00, 0.13868E-01
 0.21000E+02, 0.13000E+02, 0.34814E+03, 0.17095E+00, 0.14689E-01
 0.22000E+02, 0.13000E+02, 0.33471E+03, 0.17952E+00, 0.13686E-01
 0.23000E+02, 0.13000E+02, 0.33897E+03, 0.18522E+00, 0.13357E-01
 0.24000E+02, 0.13000E+02, 0.33741E+03, 0.18775E+00, 0.13144E-01
 0.25000E+02, 0.13000E+02, 0.32913E+03, 0.18853E+00, 0.12912E-01
 0.26000E+02, 0.13000E+02, 0.30963E+03, 0.19471E+00, 0.12097E-01
 0.27000E+02, 0.13000E+02, 0.28152E+03, 0.22095E+00, 0.10146E-01
 0.28000E+02, 0.13000E+02, 0.26895E+03, 0.22953E+00, 0.95460E-02
 0.29000E+02, 0.13000E+02, 0.25576E+03, 0.23489E+00, 0.91013E-02
 0.30000E+02, 0.13000E+02, 0.26126E+03, 0.22992E+00, 0.93947E-02
 0.31000E+02, 0.13000E+02, 0.25665E+03, 0.23182E+00, 0.92370E-02
 0.32000E+02, 0.13000E+02, 0.25546E+03, 0.22499E+00, 0.94964E-02
 0.33000E+02, 0.13000E+02, 0.25065E+03, 0.22413E+00, 0.94460E-02
 0.34000E+02, 0.13000E+02, 0.23077E+03, 0.24967E+00, 0.81577E-02
 0.35000E+02, 0.13000E+02, 0.23547E+03, 0.25638E+00, 0.80184E-02
 0.36000E+02, 0.13000E+02, 0.23339E+03, 0.25517E+00, 0.80235E-02
 0.37000E+02, 0.13000E+02, 0.24060E+03, 0.23112E+00, 0.89843E-02
 0.38000E+02, 0.13000E+02, 0.22835E+03, 0.24394E+00, 0.83093E-02
 0.39000E+02, 0.13000E+02, 0.22910E+03, 0.24100E+00, 0.84233E-02
 0.40000E+02, 0.13000E+02, 0.21395E+03, 0.24462E+00, 0.80484E-02
 0.41000E+02, 0.13000E+02, 0.21920E+03, 0.23777E+00, 0.83694E-02
 0.42000E+02, 0.13000E+02, 0.22436E+03, 0.22338E+00, 0.90019E-02
 0.43000E+02, 0.13000E+02, 0.22028E+03, 0.21436E+00, 0.93038E-02
 0.44000E+02, 0.13000E+02, 0.22843E+03, 0.19119E+00, 0.10604E-01
 0.45000E+02, 0.13000E+02, 0.24271E+03, 0.18164E+00, 0.11479E-01
 0.46000E+02, 0.13000E+02, 0.24124E+03, 0.18366E+00, 0.11320E-01
 0.47000E+02, 0.13000E+02, 0.22736E+03, 0.19360E+00, 0.10449E-01
 0.48000E+02, 0.13000E+02, 0.20557E+03, 0.20691E+00, 0.93515E-02
 0.49000E+02, 0.13000E+02, 0.19941E+03, 0.20745E+00, 0.92071E-02
 0.50000E+02, 0.13000E+02, 0.21142E+03, 0.18885E+00, 0.10371E-01
 0.51000E+02, 0.13000E+02, 0.21770E+03, 0.17102E+00, 0.11601E-01
 0.52000E+02, 0.13000E+02, 0.19628E+03, 0.19045E+00, 0.99625E-02
 0.53000E+02, 0.13000E+02, 0.18819E+03, 0.20734E+00, 0.89933E-02
 0.54000E+02, 0.13000E+02, 0.19145E+03, 0.20394E+00, 0.92075E-02
 0.55000E+02, 0.13000E+02, 0.19912E+03, 0.19009E+00, 0.10042E-01
 0.56000E+02, 0.13000E+02, 0.20546E+03, 0.17575E+00, 0.11007E-01
 0.57000E+02, 0.13000E+02, 0.20564E+03, 0.17061E+00, 0.11343E-01
 0.58000E+02, 0.13000E+02, 0.20286E+03, 0.16650E+00, 0.11555E-01
 0.59000E+02, 0.13000E+02, 0.19506E+03, 0.16356E+00, 0.11570E-01
 0.60000E+02, 0.13000E+02, 0.19561E+03, 0.16036E+00, 0.11815E-01
 0.61000E+02, 0.13000E+02, 0.19556E+03, 0.15981E+00, 0.11854E-01
 0.62000E+02, 0.13000E+02, 0.19042E+03, 0.16470E+00, 0.11376E-01
 0.63000E+02, 0.13000E+02, 0.17327E+03, 0.16868E+00, 0.10697E-01
 0.64000E+02, 0.13000E+02, 0.16707E+03, 0.17127E+00, 0.10389E-01
 0.65000E+02, 0.13000E+02, 0.18217E+03, 0.16034E+00, 0.11478E-01
 0.00000E+00, 0.14000E+02, 0.80633E+02, 0.65642E+00, 0.21784E-02
 0.10000E+01, 0.14000E+02, 0.87004E+02, 0.68110E+00, 0.21372E-02
 0.20000E+01, 0.14000E+02, 0.94319E+02, 0.72364E+00, 0.20525E-02
 0.30000E+01, 0.14000E+02, 0.96152E+02, 0.79654E+00, 0.18739E-02
 0.40000E+01, 0.14000E+02, 0.10325E+03, 0.77501E+00, 0.19630E-02
 0.50000E+01, 0.14000E+02, 0.12375E+03, 0.55127E+00, 0.29100E-02
 0.60000E+01, 0.14000E+02, 0.17062E+03, 0.38630E+00, 0.46432E-02
 0.70000E+01, 0.14000E+02, 0.23092E+03, 0.30717E+00, 0.66327E-02
 0.80000E+01, 0.14000E+02, 0.22000E+02, 0.30000E+02, 0.00000E+00
 0.90000E+01, 0.14000E+02, 0.65395E+03, 0.23902E+00, 0.15677E-01
 0.10000E+02, 0.14000E+02, 0.57861E+03, 0.19921E+00, 0.17282E-01
 0.11000E+02, 0.14000E+02, 0.55307E+03, 0.15682E+00, 0.21294E-01
 0.12000E+02, 0.14000E+02, 0.55551E+03, 0.15823E+00, 0.21167E-01
 0.13000E+02, 0.14000E+02, 0.49036E+03, 0.19114E+00, 0.16145E-01
 0.14000E+02, 0.14000E+02, 0.40582E+03, 0.20783E+00, 0.13204E-01
 0.15000E+02, 0.14000E+02, 0.37285E+03, 0.19437E+00, 0.13433E-01
 0.16000E+02, 0.14000E+02, 0.38843E+03, 0.20422E+00, 0.13094E-01
 0.17000E+02, 0.14000E+02, 0.42086E+03, 0.23383E+00, 0.11996E-01
 0.18000E+02, 0.14000E+02, 0.37103E+03, 0.21083E+00, 0.12349E-01
 0.19000E+02, 0.14000E+02, 0.33189E+03, 0.19434E+00, 0.12584E-01
 0.20000E+02, 0.14000E+02, 0.37403E+03, 0.18104E+00, 0.14449E-01
 0.21000E+02, 0.14000E+02, 0.40227E+03, 0.19076E+00, 0.14311E-01
 0.22000E+02, 0.14000E+02, 0.38021E+03, 0.18709E+00, 0.14115E-01
 0.23000E+02, 0.14000E+02, 0.38873E+03, 0.19075E+00, 0.14024E-01
 0.24000E+02, 0.14000E+02, 0.38120E+03, 0.19156E+00, 0.13807E-01
 0.25000E+02, 0.14000E+02, 0.35436E+03, 0.19470E+00, 0.13027E-01
 0.26000E+02, 0.14000E+02, 0.31799E+03, 0.19483E+00, 0.12264E-01
 0.27000E+02, 0.14000E+02, 0.29804E+03, 0.21613E+00, 0.10682E-01
 0.28000E+02, 0.14000E+02, 0.28827E+03, 0.23227E+00, 0.97696E-02
 0.29000E+02, 0.14000E+02, 0.25716E+03, 0.24624E+00, 0.87046E-02
 0.30000E+02, 0.14000E+02, 0.25768E+03, 0.24151E+00, 0.88838E-02
 0.31000E+02, 0.14000E+02, 0.25255E+03, 0.24631E+00, 0.86266E-02
 0.32000E+02, 0.14000E+02, 0.24726E+03, 0.27305E+00, 0.77033E-02
 0.33000E+02, 0.14000E+02, 0.25750E+03, 0.24520E+00, 0.87472E-02
 0.34000E+02, 0.14000E+02, 0.26615E+03, 0.22085E+00, 0.98699E-02
 0.35000E+02, 0.14000E+02, 0.25495E+03, 0.23054E+00, 0.92585E-02
 0.36000E+02, 0.14000E+02, 0.24090E+03, 0.26722E+00, 0.77752E-02
 0.37000E+02, 0.14000E+02, 0.23638E+03, 0.24995E+00, 0.82393E-02
 0.38000E+02, 0.14000E+02, 0.23767E+03, 0.23794E+00, 0.86772E-02
 0.39000E+02, 0.14000E+02, 0.24569E+03, 0.23330E+00, 0.89887E-02
 0.40000E+02, 0.14000E+02, 0.23332E+03, 0.24373E+00, 0.83990E-02
 0.41000E+02, 0.14000E+02, 0.22747E+03, 0.24698E+00, 0.81927E-02
 0.42000E+02, 0.14000E+02, 0.24026E+03, 0.22325E+00, 0.92951E-02
 0.43000E+02, 0.14000E+02, 0.22904E+03, 0.22736E+00, 0.89276E-02
 0.44000E+02, 0.14000E+02, 0.22220E+03, 0.22411E+00, 0.89334E-02
 0.45000E+02, 0.14000E+02, 0.22576E+03, 0.21751E+00, 0.92710E-02
 0.46000E+02, 0.14000E+02, 0.23478E+03, 0.20379E+00, 0.10074E-01
 0.47000E+02, 0.14000E+02, 0.23158E+03, 0.20289E+00, 0.10055E-01
 0.48000E+02, 0.14000E+02, 0.21886E+03, 0.20894E+00, 0.95178E-02
 0.49000E+02, 0.14000E+02, 0.20350E+03, 0.21041E+00, 0.91560E-02
 0.50000E+02, 0.14000E+02, 0.21569E+03, 0.18290E+00, 0.10802E-01
 0.51000E+02, 0.14000E+02, 0.22341E+03, 0.17035E+00, 0.11781E-01
 0.52000E+02, 0.14000E+02, 0.21974E+03, 0.17448E+00, 0.11418E-01
 0.53000E+02, 0.14000E+02, 0.19656E+03, 0.20260E+00, 0.93707E-02
 0.54000E+02, 0.14000E+02, 0.19465E+03, 0.20497E+00, 0.92245E-02
 0.55000E+02, 0.14000E+02, 0.20018E+03, 0.19485E+00, 0.98186E-02
 0.56000E+02, 0.14000E+02, 0.20568E+03, 0.18403E+00, 0.10516E-01
 0.57000E+02, 0.14000E+02, 0.20744E+03, 0.17612E+00, 0.11029E-01
 0.58000E+02, 0.14000E+02, 0.20705E+03, 0.17222E+00, 0.11269E-01
 0.59000E+02, 0.14000E+02, 0.20320E+03, 0.16994E+00, 0.11330E-01
 0.60000E+02, 0.14000E+02, 0.20082E+03, 0.16677E+00, 0.11487E-01
 0.61000E+02, 0.14000E+02, 0.20426E+03, 0.16311E+00, 0.11830E-01
 0.62000E+02, 0.14000E+02, 0.19851E+03, 0.16134E+00, 0.11816E-01
 0.63000E+02, 0.14000E+02, 0.18430E+03, 0.16520E+00, 0.11192E-01
 0.64000E+02, 0.14000E+02, 0.16517E+03, 0.17303E+00, 0.10239E-01
 0.65000E+02, 0.14000E+02, 0.17320E+03, 0.16431E+00, 0.10980E-01
 0.00000E+00, 0.15000E+02, 0.87982E+02, 0.61540E+00, 0.23719E-02
 0.10000E+01, 0.15000E+02, 0.10632E+03, 0.56525E+00, 0.27134E-02
 0.20000E+01, 0.15000E+02, 0.11151E+03, 0.58722E+00, 0.26476E-02
 0.30000E+01, 0.15000E+02, 0.11992E+03, 0.61049E+00, 0.26023E-02
 0.40000E+01, 0.15000E+02, 0.12654E+03, 0.61258E+00, 0.26372E-02
 0.50000E+01, 0.15000E+02, 0.14064E+03, 0.53886E+00, 0.31037E-02
 0.60000E+01, 0.15000E+02, 0.17270E+03, 0.43749E+00, 0.41191E-02
 0.70000E+01, 0.15000E+02, 0.19516E+03, 0.39503E+00, 0.47917E-02
 0.80000E+01, 0.15000E+02, 0.22000E+02, 0.30000E+02, 0.00000E+00
 0.90000E+01, 0.15000E+02, 0.71033E+03, 0.25756E+00, 0.15434E-01
 0.10000E+02, 0.15000E+02, 0.54821E+03, 0.23774E+00, 0.13964E-01
 0.11000E+02, 0.15000E+02, 0.56931E+03, 0.17778E+00, 0.19153E-01
 0.12000E+02, 0.15000E+02, 0.72938E+03, 0.16192E+00, 0.25025E-01
 0.13000E+02, 0.15000E+02, 0.66902E+03, 0.21588E+00, 0.17640E-01
 0.14000E+02, 0.15000E+02, 0.45529E+03, 0.25308E+00, 0.11634E-01
 0.15000E+02, 0.15000E+02, 0.41043E+03, 0.24225E+00, 0.11405E-01
 0.16000E+02, 0.15000E+02, 0.50276E+03, 0.29282E+00, 0.10710E-01
 0.17000E+02, 0.15000E+02, 0.49928E+03, 0.29826E+00, 0.10467E-01
 0.18000E+02, 0.15000E+02, 0.44072E+03, 0.27304E+00, 0.10567E-01
 0.19000E+02, 0.15000E+02, 0.40483E+03, 0.22733E+00, 0.12054E-01
 0.20000E+02, 0.15000E+02, 0.40379E+03, 0.20893E+00, 0.13096E-01
 0.21000E+02, 0.15000E+02, 0.39121E+03, 0.21091E+00, 0.12732E-01
 0.22000E+02, 0.15000E+02, 0.39039E+03, 0.20554E+00, 0.13048E-01
 0.23000E+02, 0.15000E+02, 0.36894E+03, 0.21248E+00, 0.12214E-01
 0.24000E+02, 0.15000E+02, 0.36568E+03, 0.22398E+00, 0.11528E-01
 0.25000E+02, 0.15000E+02, 0.33695E+03, 0.24669E+00, 0.99961E-02
 0.26000E+02, 0.15000E+02, 0.30881E+03, 0.26597E+00, 0.88439E-02
 0.27000E+02, 0.15000E+02, 0.26376E+03, 0.30478E+00, 0.71201E-02
 0.28000E+02, 0.15000E+02, 0.27464E+03, 0.29811E+00, 0.74271E-02
 0.29000E+02, 0.15000E+02, 0.26638E+03, 0.28205E+00, 0.77317E-02
 0.30000E+02, 0.15000E+02, 0.27005E+03, 0.23968E+00, 0.91602E-02
 0.31000E+02, 0.15000E+02, 0.25707E+03, 0.25805E+00, 0.83048E-02
 0.32000E+02, 0.15000E+02, 0.24982E+03, 0.30317E+00, 0.69723E-02
 0.33000E+02, 0.15000E+02, 0.25520E+03, 0.26905E+00, 0.79372E-02
 0.34000E+02, 0.15000E+02, 0.26505E+03, 0.24774E+00, 0.87807E-02
 0.35000E+02, 0.15000E+02, 0.24113E+03, 0.28358E+00, 0.73300E-02
 0.36000E+02, 0.15000E+02, 0.23864E+03, 0.28756E+00, 0.71935E-02
 0.37000E+02, 0.15000E+02, 0.24090E+03, 0.28241E+00, 0.73570E-02
 0.38000E+02, 0.15000E+02, 0.24314E+03, 0.26056E+00, 0.80087E-02
 0.39000E+02, 0.15000E+02, 0.23466E+03, 0.26188E+00, 0.78374E-02
 0.40000E+02, 0.15000E+02, 0.23327E+03, 0.26331E+00, 0.77736E-02
 0.41000E+02, 0.15000E+02, 0.24390E+03, 0.24396E+00, 0.85662E-02
 0.42000E+02, 0.15000E+02, 0.24492E+03, 0.23323E+00, 0.89779E-02
 0.43000E+02, 0.15000E+02, 0.23533E+03, 0.23139E+00, 0.88820E-02
 0.44000E+02, 0.15000E+02, 0.23617E+03, 0.22259E+00, 0.92484E-02
 0.45000E+02, 0.15000E+02, 0.23247E+03, 0.22090E+00, 0.92513E-02
 0.46000E+02, 0.15000E+02, 0.22816E+03, 0.22238E+00, 0.91113E-02
 0.47000E+02, 0.15000E+02, 0.22229E+03, 0.22022E+00, 0.90930E-02
 0.48000E+02, 0.15000E+02, 0.22892E+03, 0.20629E+00, 0.98371E-02
 0.49000E+02, 0.15000E+02, 0.22650E+03, 0.19842E+00, 0.10178E-01
 0.50000E+02, 0.15000E+02, 0.21537E+03, 0.18381E+00, 0.10742E-01
 0.51000E+02, 0.15000E+02, 0.21694E+03, 0.17734E+00, 0.11170E-01
 0.52000E+02, 0.15000E+02, 0.19988E+03, 0.19931E+00, 0.95927E-02
 0.53000E+02, 0.15000E+02, 0.18870E+03, 0.21658E+00, 0.86192E-02
 0.54000E+02, 0.15000E+02, 0.19430E+03, 0.20831E+00, 0.90698E-02
 0.55000E+02, 0.15000E+02, 0.20191E+03, 0.19798E+00, 0.96984E-02
 0.56000E+02, 0.15000E+02, 0.20650E+03, 0.18979E+00, 0.10215E-01
 0.57000E+02, 0.15000E+02, 0.20888E+03, 0.18262E+00, 0.10668E-01
 0.58000E+02, 0.15000E+02, 0.20916E+03, 0.17595E+00, 0.11080E-01
 0.59000E+02, 0.15000E+02, 0.20348E+03, 0.17872E+00, 0.10779E-01
 0.60000E+02, 0.15000E+02, 0.20449E+03, 0.17519E+00, 0.11020E-01
 0.61000E+02, 0.15000E+02, 0.20755E+03, 0.16377E+00, 0.11864E-01
 0.62000E+02, 0.15000E+02, 0.20692E+03, 0.15946E+00, 0.12168E-01
 0.63000E+02, 0.15000E+02, 0.19465E+03, 0.16410E+00, 0.11522E-01
 0.64000E+02, 0.15000E+02, 0.16959E+03, 0.17327E+00, 0.10328E-01
 0.65000E+02, 0.15000E+02, 0.16294E+03, 0.16946E+00, 0.10401E-01
 0.00000E+00, 0.16000E+02, 0.10817E+03, 0.40500E+00, 0.38055E-02
 0.10000E+01, 0.16000E+02, 0.10495E+03, 0.41595E+00, 0.36741E-02
 0.20000E+01, 0.16000E+02, 0.12144E+03, 0.40459E+00, 0.39420E-02
 0.30000E+01, 0.16000E+02, 0.12691E+03, 0.43368E+00, 0.37285E-02
 0.40000E+01, 0.16000E+02, 0.14245E+03, 0.45170E+00, 0.37188E-02
 0.50000E+01, 0.16000E+02, 0.16457E+03, 0.44957E+00, 0.39353E-02
 0.60000E+01, 0.16000E+02, 0.22326E+03, 0.43172E+00, 0.46475E-02
 0.70000E+01, 0.16000E+02, 0.24274E+03, 0.41990E+00, 0.49658E-02
 0.80000E+01, 0.16000E+02, 0.22000E+02, 0.30000E+02, 0.00000E+00
 0.90000E+01, 0.16000E+02, 0.69803E+03, 0.33023E+00, 0.11887E-01
 0.10000E+02, 0.16000E+02, 0.54109E+03, 0.37140E+00, 0.88611E-02
 0.11000E+02, 0.16000E+02, 0.72658E+03, 0.17182E+00, 0.23517E-01
 0.12000E+02, 0.16000E+02, 0.83006E+03, 0.14968E+00, 0.29790E-01
 0.13000E+02, 0.16000E+02, 0.66670E+03, 0.29784E+00, 0.12754E-01
 0.14000E+02, 0.16000E+02, 0.47695E+03, 0.29115E+00, 0.10413E-01
 0.15000E+02, 0.16000E+02, 0.53872E+03, 0.30520E+00, 0.10752E-01
 0.16000E+02, 0.16000E+02, 0.52566E+03, 0.34668E+00, 0.93132E-02
 0.17000E+02, 0.16000E+02, 0.46996E+03, 0.38681E+00, 0.77649E-02
 0.18000E+02, 0.16000E+02, 0.43308E+03, 0.37609E+00, 0.75900E-02
 0.19000E+02, 0.16000E+02, 0.38440E+03, 0.34022E+00, 0.78117E-02
 0.20000E+02, 0.16000E+02, 0.37345E+03, 0.31162E+00, 0.83866E-02
 0.21000E+02, 0.16000E+02, 0.39290E+03, 0.25957E+00, 0.10371E-01
 0.22000E+02, 0.16000E+02, 0.38884E+03, 0.23466E+00, 0.11402E-01
 0.23000E+02, 0.16000E+02, 0.37906E+03, 0.26058E+00, 0.10116E-01
 0.24000E+02, 0.16000E+02, 0.35190E+03, 0.29822E+00, 0.84713E-02
 0.25000E+02, 0.16000E+02, 0.33272E+03, 0.32162E+00, 0.76142E-02
 0.26000E+02, 0.16000E+02, 0.26973E+03, 0.37035E+00, 0.59247E-02
 0.27000E+02, 0.16000E+02, 0.27168E+03, 0.34462E+00, 0.63901E-02
 0.28000E+02, 0.16000E+02, 0.26579E+03, 0.30352E+00, 0.71768E-02
 0.29000E+02, 0.16000E+02, 0.25663E+03, 0.28394E+00, 0.75414E-02
 0.30000E+02, 0.16000E+02, 0.26856E+03, 0.27118E+00, 0.80741E-02
 0.31000E+02, 0.16000E+02, 0.25961E+03, 0.26612E+00, 0.80915E-02
 0.32000E+02, 0.16000E+02, 0.24455E+03, 0.26184E+00, 0.79914E-02
 0.33000E+02, 0.16000E+02, 0.23940E+03, 0.27382E+00, 0.75658E-02
 0.34000E+02, 0.16000E+02, 0.24222E+03, 0.26589E+00, 0.78344E-02
 0.35000E+02, 0.16000E+02, 0.24988E+03, 0.25873E+00, 0.81706E-02
 0.36000E+02, 0.16000E+02, 0.25109E+03, 0.25481E+00, 0.83155E-02
 0.37000E+02, 0.16000E+02, 0.25900E+03, 0.25488E+00, 0.84388E-02
 0.38000E+02, 0.16000E+02, 0.25433E+03, 0.26210E+00, 0.81343E-02
 0.39000E+02, 0.16000E+02, 0.24622E+03, 0.26788E+00, 0.78364E-02
 0.40000E+02, 0.16000E+02, 0.24736E+03, 0.26339E+00, 0.79873E-02
 0.41000E+02, 0.16000E+02, 0.23889E+03, 0.25081E+00, 0.82515E-02
 0.42000E+02, 0.16000E+02, 0.23800E+03, 0.23964E+00, 0.86212E-02
 0.43000E+02, 0.16000E+02, 0.23855E+03, 0.22508E+00, 0.91889E-02
 0.44000E+02, 0.16000E+02, 0.24497E+03, 0.21636E+00, 0.96788E-02
 0.45000E+02, 0.16000E+02, 0.24237E+03, 0.22104E+00, 0.94265E-02
 0.46000E+02, 0.16000E+02, 0.23185E+03, 0.22540E+00, 0.90556E-02
 0.47000E+02, 0.16000E+02, 0.22745E+03, 0.22205E+00, 0.91120E-02
 0.48000E+02, 0.16000E+02, 0.22912E+03, 0.20995E+00, 0.96693E-02
 0.49000E+02, 0.16000E+02, 0.23226E+03, 0.19125E+00, 0.10681E-01
 0.50000E+02, 0.16000E+02, 0.21835E+03, 0.18819E+00, 0.10556E-01
 0.51000E+02, 0.16000E+02, 0.21112E+03, 0.19867E+00, 0.98522E-02
 0.52000E+02, 0.16000E+02, 0.20721E+03, 0.20651E+00, 0.94015E-02
 0.53000E+02, 0.16000E+02, 0.20773E+03, 0.20247E+00, 0.95995E-02
 0.54000E+02, 0.16000E+02, 0.19703E+03, 0.20763E+00, 0.91528E-02
 0.55000E+02, 0.16000E+02, 0.19927E+03, 0.20324E+00, 0.93951E-02
 0.56000E+02, 0.16000E+02, 0.19647E+03, 0.20308E+00, 0.93468E-02
 0.57000E+02, 0.16000E+02, 0.19917E+03, 0.19590E+00, 0.97452E-02
 0.58000E+02, 0.16000E+02, 0.20476E+03, 0.18525E+00, 0.10427E-01
 0.59000E+02, 0.16000E+02, 0.20352E+03, 0.18451E+00, 0.10442E-01
 0.60000E+02, 0.16000E+02, 0.20266E+03, 0.17934E+00, 0.10723E-01
 0.61000E+02, 0.16000E+02, 0.20137E+03, 0.17537E+00, 0.10936E-01
 0.62000E+02, 0.16000E+02, 0.19769E+03, 0.17093E+00, 0.11133E-01
 0.63000E+02, 0.16000E+02, 0.19321E+03, 0.16576E+00, 0.11372E-01
 0.64000E+02, 0.16000E+02, 0.18491E+03, 0.17030E+00, 0.10871E-01
 0.65000E+02, 0.16000E+02, 0.16548E+03, 0.17171E+00, 0.10325E-01
 0.00000E+00, 0.17000E+02, 0.11831E+03, 0.40073E+00, 0.39483E-02
 0.10000E+01, 0.17000E+02, 0.12579E+03, 0.40972E+00, 0.39355E-02
 0.20000E+01, 0.17000E+02, 0.12913E+03, 0.40467E+00, 0.40180E-02
 0.30000E+01, 0.17000E+02, 0.13716E+03, 0.43351E+00, 0.38256E-02
 0.40000E+01, 0.17000E+02, 0.16021E+03, 0.45886E+00, 0.38172E-02
 0.50000E+01, 0.17000E+02, 0.17775E+03, 0.46001E+00, 0.39618E-02
 0.60000E+01, 0.17000E+02, 0.18917E+03, 0.44491E+00, 0.42000E-02
 0.70000E+01, 0.17000E+02, 0.16897E+03, 0.42846E+00, 0.41707E-02
 0.80000E+01, 0.17000E+02, 0.22000E+02, 0.30000E+02, 0.00000E+00
 0.90000E+01, 0.17000E+02, 0.79816E+03, 0.32382E+00, 0.13372E-01
 0.10000E+02, 0.17000E+02, 0.67106E+03, 0.36021E+00, 0.10595E-01
 0.11000E+02, 0.17000E+02, 0.87916E+03, 0.17144E+00, 0.27167E-01
 0.12000E+02, 0.17000E+02, 0.91057E+03, 0.15169E+00, 0.31540E-01
 0.13000E+02, 0.17000E+02, 0.72364E+03, 0.35978E+00, 0.11198E-01
 0.14000E+02, 0.17000E+02, 0.74687E+03, 0.37897E+00, 0.10879E-01
 0.15000E+02, 0.17000E+02, 0.78786E+03, 0.35338E+00, 0.12136E-01
 0.16000E+02, 0.17000E+02, 0.88063E+03, 0.26791E+00, 0.17406E-01
 0.17000E+02, 0.17000E+02, 0.85820E+03, 0.25656E+00, 0.17823E-01
 0.18000E+02, 0.17000E+02, 0.65720E+03, 0.29364E+00, 0.12806E-01
 0.19000E+02, 0.17000E+02, 0.49214E+03, 0.41674E+00, 0.74222E-02
 0.20000E+02, 0.17000E+02, 0.41092E+03, 0.41932E+00, 0.65937E-02
 0.21000E+02, 0.17000E+02, 0.44286E+03, 0.31062E+00, 0.93168E-02
 0.22000E+02, 0.17000E+02, 0.40911E+03, 0.29198E+00, 0.94444E-02
 0.23000E+02, 0.17000E+02, 0.42620E+03, 0.28108E+00, 0.10056E-01
 0.24000E+02, 0.17000E+02, 0.38957E+03, 0.31700E+00, 0.84497E-02
 0.25000E+02, 0.17000E+02, 0.38618E+03, 0.33646E+00, 0.79203E-02
 0.26000E+02, 0.17000E+02, 0.28955E+03, 0.37449E+00, 0.60731E-02
 0.27000E+02, 0.17000E+02, 0.27897E+03, 0.34422E+00, 0.64831E-02
 0.28000E+02, 0.17000E+02, 0.28889E+03, 0.31434E+00, 0.72268E-02
 0.29000E+02, 0.17000E+02, 0.29880E+03, 0.29010E+00, 0.79688E-02
 0.30000E+02, 0.17000E+02, 0.24607E+03, 0.26171E+00, 0.80188E-02
 0.31000E+02, 0.17000E+02, 0.24145E+03, 0.25626E+00, 0.81166E-02
 0.32000E+02, 0.17000E+02, 0.24130E+03, 0.25738E+00, 0.80789E-02
 0.33000E+02, 0.17000E+02, 0.24694E+03, 0.24529E+00, 0.85698E-02
 0.34000E+02, 0.17000E+02, 0.25611E+03, 0.23943E+00, 0.89346E-02
 0.35000E+02, 0.17000E+02, 0.25033E+03, 0.24630E+00, 0.85906E-02
 0.36000E+02, 0.17000E+02, 0.25178E+03, 0.24376E+00, 0.87040E-02
 0.37000E+02, 0.17000E+02, 0.27020E+03, 0.23410E+00, 0.93811E-02
 0.38000E+02, 0.17000E+02, 0.26987E+03, 0.24300E+00, 0.90322E-02
 0.39000E+02, 0.17000E+02, 0.25369E+03, 0.25894E+00, 0.82234E-02
 0.40000E+02, 0.17000E+02, 0.24628E+03, 0.24672E+00, 0.85094E-02
 0.41000E+02, 0.17000E+02, 0.24986E+03, 0.22840E+00, 0.92553E-02
 0.42000E+02, 0.17000E+02, 0.25373E+03, 0.21870E+00, 0.97372E-02
 0.43000E+02, 0.17000E+02, 0.24922E+03, 0.21403E+00, 0.98649E-02
 0.44000E+02, 0.17000E+02, 0.24063E+03, 0.21312E+00, 0.97437E-02
 0.45000E+02, 0.17000E+02, 0.23591E+03, 0.21393E+00, 0.96180E-02
 0.46000E+02, 0.17000E+02, 0.23564E+03, 0.21761E+00, 0.94501E-02
 0.47000E+02, 0.17000E+02, 0.23166E+03, 0.21581E+00, 0.94546E-02
 0.48000E+02, 0.17000E+02, 0.23557E+03, 0.20162E+00, 0.10198E-01
 0.49000E+02, 0.17000E+02, 0.22466E+03, 0.20670E+00, 0.97341E-02
 0.50000E+02, 0.17000E+02, 0.22062E+03, 0.20602E+00, 0.96870E-02
 0.51000E+02, 0.17000E+02, 0.22440E+03, 0.19611E+00, 0.10254E-01
 0.52000E+02, 0.17000E+02, 0.21790E+03, 0.20099E+00, 0.98746E-02
 0.53000E+02, 0.17000E+02, 0.20581E+03, 0.20763E+00, 0.93236E-02
 0.54000E+02, 0.17000E+02, 0.20323E+03, 0.20541E+00, 0.93737E-02
 0.55000E+02, 0.17000E+02, 0.19316E+03, 0.20852E+00, 0.90385E-02
 0.56000E+02, 0.17000E+02, 0.19238E+03, 0.20766E+00, 0.90610E-02
 0.57000E+02, 0.17000E+02, 0.19610E+03, 0.20384E+00, 0.93044E-02
 0.58000E+02, 0.17000E+02, 0.20436E+03, 0.19462E+00, 0.99168E-02
 0.59000E+02, 0.17000E+02, 0.20749E+03, 0.18117E+00, 0.10723E-01
 0.60000E+02, 0.17000E+02, 0.20001E+03, 0.18169E+00, 0.10525E-01
 0.61000E+02, 0.17000E+02, 0.20109E+03, 0.17826E+00, 0.10753E-01
 0.62000E+02, 0.17000E+02, 0.19802E+03, 0.16690E+00, 0.11410E-01
 0.63000E+02, 0.17000E+02, 0.16887E+03, 0.15623E+00, 0.11436E-01
 0.64000E+02, 0.17000E+02, 0.16984E+03, 0.16195E+00, 0.11056E-01
 0.65000E+02, 0.17000E+02, 0.15963E+03, 0.17270E+00, 0.10129E-01
 0.00000E+00, 0.18000E+02, 0.11937E+03, 0.39640E+00, 0.40022E-02
 0.10000E+01, 0.18000E+02, 0.13130E+03, 0.40103E+00, 0.40763E-02
 0.20000E+01, 0.18000E+02, 0.13153E+03, 0.39809E+00, 0.41087E-02
 0.30000E+01, 0.18000E+02, 0.13457E+03, 0.40895E+00, 0.40297E-02
 0.40000E+01, 0.18000E+02, 0.15361E+03, 0.44364E+00, 0.38880E-02
 0.50000E+01, 0.18000E+02, 0.15035E+03, 0.43999E+00, 0.38903E-02
 0.60000E+01, 0.18000E+02, 0.14646E+03, 0.44100E+00, 0.38458E-02
 0.70000E+01, 0.18000E+02, 0.13142E+03, 0.41708E+00, 0.39206E-02
 0.80000E+01, 0.18000E+02, 0.22000E+02, 0.30000E+02, 0.00000E+00
 0.90000E+01, 0.18000E+02, 0.98891E+03, 0.25792E+00, 0.19777E-01
 0.10000E+02, 0.18000E+02, 0.93935E+03, 0.30163E+00, 0.16248E-01
 0.11000E+02, 0.18000E+02, 0.95837E+03, 0.17596E+00, 0.28288E-01
 0.12000E+02, 0.18000E+02, 0.95719E+03, 0.15614E+00, 0.31848E-01
 0.13000E+02, 0.18000E+02, 0.94814E+03, 0.23296E+00, 0.21189E-01
 0.14000E+02, 0.18000E+02, 0.97099E+03, 0.28562E+00, 0.17606E-01
 0.15000E+02, 0.18000E+02, 0.10724E+04, 0.22682E+00, 0.23977E-01
 0.16000E+02, 0.18000E+02, 0.10550E+04, 0.19762E+00, 0.27163E-01
 0.17000E+02, 0.18000E+02, 0.10296E+04, 0.20441E+00, 0.25760E-01
 0.18000E+02, 0.18000E+02, 0.88238E+03, 0.17479E+00, 0.26720E-01
 0.19000E+02, 0.18000E+02, 0.87027E+03, 0.18185E+00, 0.25414E-01
 0.20000E+02, 0.18000E+02, 0.43623E+03, 0.47764E+00, 0.60028E-02
 0.21000E+02, 0.18000E+02, 0.48460E+03, 0.38829E+00, 0.78877E-02
 0.22000E+02, 0.18000E+02, 0.43123E+03, 0.35542E+00, 0.80103E-02
 0.23000E+02, 0.18000E+02, 0.38665E+03, 0.37553E+00, 0.71013E-02
 0.24000E+02, 0.18000E+02, 0.39959E+03, 0.36391E+00, 0.74718E-02
 0.25000E+02, 0.18000E+02, 0.36252E+03, 0.37613E+00, 0.68309E-02
 0.26000E+02, 0.18000E+02, 0.32946E+03, 0.36531E+00, 0.66674E-02
 0.27000E+02, 0.18000E+02, 0.31261E+03, 0.33685E+00, 0.70284E-02
 0.28000E+02, 0.18000E+02, 0.30350E+03, 0.31352E+00, 0.74341E-02
 0.29000E+02, 0.18000E+02, 0.29995E+03, 0.26078E+00, 0.88825E-02
 0.30000E+02, 0.18000E+02, 0.28334E+03, 0.21638E+00, 0.10395E-01
 0.31000E+02, 0.18000E+02, 0.18669E+03, 0.27377E+00, 0.67887E-02
 0.32000E+02, 0.18000E+02, 0.21902E+03, 0.24871E+00, 0.79982E-02
 0.33000E+02, 0.18000E+02, 0.26002E+03, 0.22895E+00, 0.94124E-02
 0.34000E+02, 0.18000E+02, 0.26638E+03, 0.21778E+00, 0.10013E-01
 0.35000E+02, 0.18000E+02, 0.27747E+03, 0.21145E+00, 0.10525E-01
 0.36000E+02, 0.18000E+02, 0.28752E+03, 0.21333E+00, 0.10623E-01
 0.37000E+02, 0.18000E+02, 0.27846E+03, 0.21412E+00, 0.10412E-01
 0.38000E+02, 0.18000E+02, 0.26567E+03, 0.21019E+00, 0.10361E-01
 0.39000E+02, 0.18000E+02, 0.26642E+03, 0.21034E+00, 0.10368E-01
 0.40000E+02, 0.18000E+02, 0.26508E+03, 0.20949E+00, 0.10384E-01
 0.41000E+02, 0.18000E+02, 0.26927E+03, 0.20570E+00, 0.10658E-01
 0.42000E+02, 0.18000E+02, 0.25971E+03, 0.19196E+00, 0.11220E-01
 0.43000E+02, 0.18000E+02, 0.26023E+03, 0.17942E+00, 0.12016E-01
 0.44000E+02, 0.18000E+02, 0.22972E+03, 0.20002E+00, 0.10162E-01
 0.45000E+02, 0.18000E+02, 0.23087E+03, 0.19791E+00, 0.10293E-01
 0.46000E+02, 0.18000E+02, 0.23418E+03, 0.19550E+00, 0.10489E-01
 0.47000E+02, 0.18000E+02, 0.23784E+03, 0.18656E+00, 0.11070E-01
 0.48000E+02, 0.18000E+02, 0.24057E+03, 0.18404E+00, 0.11282E-01
 0.49000E+02, 0.18000E+02, 0.24264E+03, 0.18071E+00, 0.11536E-01
 0.50000E+02, 0.18000E+02, 0.23806E+03, 0.17183E+00, 0.12025E-01
 0.51000E+02, 0.18000E+02, 0.23054E+03, 0.17405E+00, 0.11697E-01
 0.52000E+02, 0.18000E+02, 0.20230E+03, 0.19475E+00, 0.98673E-02
 0.53000E+02, 0.18000E+02, 0.19353E+03, 0.20827E+00, 0.90566E-02
 0.54000E+02, 0.18000E+02, 0.20165E+03, 0.19269E+00, 0.99592E-02
 0.55000E+02, 0.18000E+02, 0.19783E+03, 0.19712E+00, 0.96571E-02
 0.56000E+02, 0.18000E+02, 0.19780E+03, 0.19470E+00, 0.97766E-02
 0.57000E+02, 0.18000E+02, 0.19807E+03, 0.18756E+00, 0.10155E-01
 0.58000E+02, 0.18000E+02, 0.19315E+03, 0.18848E+00, 0.99995E-02
 0.59000E+02, 0.18000E+02, 0.20155E+03, 0.17557E+00, 0.10928E-01
 0.60000E+02, 0.18000E+02, 0.19284E+03, 0.15837E+00, 0.11892E-01
 0.61000E+02, 0.18000E+02, 0.18357E+03, 0.15497E+00, 0.11911E-01
 0.62000E+02, 0.18000E+02, 0.18637E+03, 0.15508E+00, 0.11977E-01
 0.63000E+02, 0.18000E+02, 0.15964E+03, 0.15024E+00, 0.11643E-01
 0.64000E+02, 0.18000E+02, 0.16503E+03, 0.16091E+00, 0.11007E-01
 0.65000E+02, 0.18000E+02, 0.15949E+03, 0.17166E+00, 0.10187E-01
 0.00000E+00, 0.19000E+02, 0.10669E+03, 0.38458E+00, 0.39920E-02
 0.10000E+01, 0.19000E+02, 0.12591E+03, 0.39015E+00, 0.41342E-02
 0.20000E+01, 0.19000E+02, 0.13523E+03, 0.38529E+00, 0.42840E-02
 0.30000E+01, 0.19000E+02, 0.14391E+03, 0.38527E+00, 0.43754E-02
 0.40000E+01, 0.19000E+02, 0.14997E+03, 0.37832E+00, 0.45204E-02
 0.50000E+01, 0.19000E+02, 0.15015E+03, 0.39278E+00, 0.43558E-02
 0.60000E+01, 0.19000E+02, 0.14553E+03, 0.38638E+00, 0.43797E-02
 0.70000E+01, 0.19000E+02, 0.13145E+03, 0.38521E+00, 0.42453E-02
 0.80000E+01, 0.19000E+02, 0.22000E+02, 0.30000E+02, 0.00000E+00
 0.90000E+01, 0.19000E+02, 0.10563E+04, 0.17911E+00, 0.29999E-01
 0.10000E+02, 0.19000E+02, 0.10798E+04, 0.18969E+00, 0.28827E-01
 0.11000E+02, 0.19000E+02, 0.98428E+03, 0.19524E+00, 0.26031E-01
 0.12000E+02, 0.19000E+02, 0.90405E+03, 0.16115E+00, 0.29525E-01
 0.13000E+02, 0.19000E+02, 0.10685E+04, 0.17514E+00, 0.30962E-01
 0.14000E+02, 0.19000E+02, 0.11218E+04, 0.20406E+00, 0.27629E-01
 0.15000E+02, 0.19000E+02, 0.10890E+04, 0.22055E+00, 0.24964E-01
 0.16000E+02, 0.19000E+02, 0.10607E+04, 0.20273E+00, 0.26592E-01
 0.17000E+02, 0.19000E+02, 0.96531E+03, 0.21990E+00, 0.22763E-01
 0.18000E+02, 0.19000E+02, 0.79265E+03, 0.16893E+00, 0.25501E-01
 0.19000E+02, 0.19000E+02, 0.58883E+03, 0.19027E+00, 0.18310E-01
 0.20000E+02, 0.19000E+02, 0.54509E+03, 0.19813E+00, 0.16692E-01
 0.21000E+02, 0.19000E+02, 0.52157E+03, 0.19250E+00, 0.16687E-01
 0.22000E+02, 0.19000E+02, 0.51711E+03, 0.18617E+00, 0.17157E-01
 0.23000E+02, 0.19000E+02, 0.51544E+03, 0.17597E+00, 0.18113E-01
 0.24000E+02, 0.19000E+02, 0.52176E+03, 0.15745E+00, 0.20406E-01
 0.25000E+02, 0.19000E+02, 0.50863E+03, 0.14070E+00, 0.22458E-01
 0.26000E+02, 0.19000E+02, 0.49083E+03, 0.13347E+00, 0.23136E-01
 0.27000E+02, 0.19000E+02, 0.46023E+03, 0.12714E+00, 0.23313E-01
 0.28000E+02, 0.19000E+02, 0.43883E+03, 0.12622E+00, 0.22799E-01
 0.29000E+02, 0.19000E+02, 0.39580E+03, 0.12863E+00, 0.21021E-01
 0.30000E+02, 0.19000E+02, 0.26523E+02, 0.92610E+01, 0.13079E-03
 0.31000E+02, 0.19000E+02, 0.23021E+02, 0.30000E+02, 0.72599E-05
 0.32000E+02, 0.19000E+02, 0.22718E+02, 0.30000E+02, 0.39424E-05
 0.33000E+02, 0.19000E+02, 0.22874E+02, 0.30000E+02, 0.32108E-05
 0.34000E+02, 0.19000E+02, 0.23045E+02, 0.30000E+02, 0.93084E-05
 0.35000E+02, 0.19000E+02, 0.24228E+02, 0.17225E+02, 0.69779E-04
 0.36000E+02, 0.19000E+02, 0.32967E+02, 0.25547E+01, 0.48431E-03
 0.37000E+02, 0.19000E+02, 0.10839E+03, 0.39664E+00, 0.38879E-02
 0.38000E+02, 0.19000E+02, 0.89801E+02, 0.48105E+00, 0.30495E-02
 0.39000E+02, 0.19000E+02, 0.30027E+02, 0.34262E+01, 0.35765E-03
 0.40000E+02, 0.19000E+02, 0.31432E+02, 0.29319E+01, 0.41988E-03
 0.41000E+02, 0.19000E+02, 0.23798E+02, 0.20860E+02, 0.57536E-04
 0.42000E+02, 0.19000E+02, 0.26097E+02, 0.72434E+01, 0.16698E-03
 0.43000E+02, 0.19000E+02, 0.38220E+02, 0.14695E+01, 0.85644E-03
 0.44000E+02, 0.19000E+02, 0.39999E+02, 0.13167E+01, 0.96127E-03
 0.45000E+02, 0.19000E+02, 0.57139E+02, 0.75308E+00, 0.17727E-02
 0.46000E+02, 0.19000E+02, 0.88890E+02, 0.44096E+00, 0.33185E-02
 0.47000E+02, 0.19000E+02, 0.79106E+02, 0.47585E+00, 0.29920E-02
 0.48000E+02, 0.19000E+02, 0.41828E+02, 0.72224E+00, 0.17627E-02
 0.49000E+02, 0.19000E+02, 0.38634E+02, 0.87861E+00, 0.14343E-02
 0.50000E+02, 0.19000E+02, 0.30307E+02, 0.19084E+01, 0.64270E-03
 0.51000E+02, 0.19000E+02, 0.25563E+02, 0.52030E+01, 0.23205E-03
 0.52000E+02, 0.19000E+02, 0.34627E+02, 0.12301E+01, 0.10113E-02
 0.53000E+02, 0.19000E+02, 0.44830E+02, 0.67232E+00, 0.19116E-02
 0.54000E+02, 0.19000E+02, 0.44887E+02, 0.68118E+00, 0.18871E-02
 0.55000E+02, 0.19000E+02, 0.41320E+02, 0.80557E+00, 0.15778E-02
 0.56000E+02, 0.19000E+02, 0.47153E+02, 0.63477E+00, 0.20395E-02
 0.57000E+02, 0.19000E+02, 0.52193E+02, 0.56351E+00, 0.23336E-02
 0.58000E+02, 0.19000E+02, 0.97089E+02, 0.29553E+00, 0.50636E-02
 0.59000E+02, 0.19000E+02, 0.22000E+02, 0.30000E+02, 0.00000E+00
 0.60000E+02, 0.19000E+02, 0.14093E+03, 0.13780E+00, 0.12146E-01
 0.61000E+02, 0.19000E+02, 0.14313E+03, 0.14586E+00, 0.11536E-01
 0.62000E+02, 0.19000E+02, 0.14115E+03, 0.15408E+00, 0.10868E-01
 0.63000E+02, 0.19000E+02, 0.14983E+03, 0.14980E+00, 0.11412E-01
 0.64000E+02, 0.19000E+02, 0.15930E+03, 0.15185E+00, 0.11510E-01
 0.65000E+02, 0.19000E+02, 0.16409E+03, 0.16737E+00, 0.10559E-01
 0.00000E+00, 0.20000E+02, 0.19500E+03, 0.32192E+00, 0.58778E-02
 0.10000E+01, 0.20000E+02, 0.20750E+03, 0.33252E+00, 0.58423E-02
 0.20000E+01, 0.20000E+02, 0.24813E+03, 0.32476E+00, 0.64877E-02
 0.30000E+01, 0.20000E+02, 0.24971E+03, 0.31360E+00, 0.67389E-02
 0.40000E+01, 0.20000E+02, 0.25164E+03, 0.31131E+00, 0.68135E-02
 0.50000E+01, 0.20000E+02, 0.25217E+03, 0.31737E+00, 0.66902E-02
 0.60000E+01, 0.20000E+02, 0.38596E+03, 0.26697E+00, 0.99786E-02
 0.70000E+01, 0.20000E+02, 0.61646E+03, 0.22069E+00, 0.16293E-01
 0.80000E+01, 0.20000E+02, 0.22000E+02, 0.30000E+02, 0.00000E+00
 0.90000E+01, 0.20000E+02, 0.99112E+03, 0.17799E+00, 0.28709E-01
 0.10000E+02, 0.20000E+02, 0.10355E+04, 0.17424E+00, 0.30356E-01
 0.11000E+02, 0.20000E+02, 0.91573E+03, 0.21675E+00, 0.22169E-01
 0.12000E+02, 0.20000E+02, 0.85922E+03, 0.14650E+00, 0.31241E-01
 0.13000E+02, 0.20000E+02, 0.97544E+03, 0.16504E+00, 0.30578E-01
 0.14000E+02, 0.20000E+02, 0.10721E+04, 0.20574E+00, 0.26428E-01
 0.15000E+02, 0.20000E+02, 0.97549E+03, 0.21666E+00, 0.23293E-01
 0.16000E+02, 0.20000E+02, 0.92056E+03, 0.18468E+00, 0.26124E-01
 0.17000E+02, 0.20000E+02, 0.89307E+03, 0.19699E+00, 0.23929E-01
 0.18000E+02, 0.20000E+02, 0.81037E+03, 0.17820E+00, 0.24575E-01
 0.19000E+02, 0.20000E+02, 0.55516E+03, 0.24225E+00, 0.13820E-01
 0.20000E+02, 0.20000E+02, 0.46620E+03, 0.22611E+00, 0.13216E-01
 0.21000E+02, 0.20000E+02, 0.47089E+03, 0.19733E+00, 0.15240E-01
 0.22000E+02, 0.20000E+02, 0.43016E+03, 0.18643E+00, 0.15248E-01
 0.23000E+02, 0.20000E+02, 0.41013E+03, 0.17783E+00, 0.15530E-01
 0.24000E+02, 0.20000E+02, 0.42065E+03, 0.16676E+00, 0.16816E-01
 0.25000E+02, 0.20000E+02, 0.37493E+03, 0.15630E+00, 0.16759E-01
 0.26000E+02, 0.20000E+02, 0.36638E+03, 0.14838E+00, 0.17421E-01
 0.27000E+02, 0.20000E+02, 0.39187E+03, 0.14929E+00, 0.18005E-01
 0.28000E+02, 0.20000E+02, 0.40236E+03, 0.14136E+00, 0.19314E-01
 0.29000E+02, 0.20000E+02, 0.38723E+03, 0.12746E+00, 0.20940E-01
 0.30000E+02, 0.20000E+02, 0.26718E+02, 0.67632E+01, 0.17921E-03
 0.31000E+02, 0.20000E+02, 0.23905E+02, 0.18712E+02, 0.64163E-04
 0.32000E+02, 0.20000E+02, 0.23466E+02, 0.30000E+02, 0.37675E-04
 0.33000E+02, 0.20000E+02, 0.23119E+02, 0.30000E+02, 0.20245E-04
 0.34000E+02, 0.20000E+02, 0.23020E+02, 0.30000E+02, 0.12841E-04
 0.35000E+02, 0.20000E+02, 0.23062E+02, 0.30000E+02, 0.16476E-04
 0.36000E+02, 0.20000E+02, 0.23510E+02, 0.30000E+02, 0.37085E-04
 0.37000E+02, 0.20000E+02, 0.30255E+02, 0.34733E+01, 0.35307E-03
 0.38000E+02, 0.20000E+02, 0.50758E+02, 0.99620E+00, 0.13142E-02
 0.39000E+02, 0.20000E+02, 0.38903E+02, 0.16443E+01, 0.76705E-03
 0.40000E+02, 0.20000E+02, 0.28201E+02, 0.47139E+01, 0.25838E-03
 0.41000E+02, 0.20000E+02, 0.25634E+02, 0.82568E+01, 0.14626E-03
 0.42000E+02, 0.20000E+02, 0.30686E+02, 0.29337E+01, 0.41860E-03
 0.43000E+02, 0.20000E+02, 0.43793E+02, 0.11368E+01, 0.11268E-02
 0.44000E+02, 0.20000E+02, 0.41910E+02, 0.12077E+01, 0.10544E-02
 0.45000E+02, 0.20000E+02, 0.31644E+02, 0.24984E+01, 0.49308E-03
 0.46000E+02, 0.20000E+02, 0.36481E+02, 0.17380E+01, 0.72008E-03
 0.47000E+02, 0.20000E+02, 0.59987E+02, 0.69319E+00, 0.19424E-02
 0.48000E+02, 0.20000E+02, 0.43037E+02, 0.67368E+00, 0.18970E-02
 0.49000E+02, 0.20000E+02, 0.39781E+02, 0.82209E+00, 0.15385E-02
 0.50000E+02, 0.20000E+02, 0.30661E+02, 0.18198E+01, 0.67476E-03
 0.51000E+02, 0.20000E+02, 0.28944E+02, 0.22705E+01, 0.53777E-03
 0.52000E+02, 0.20000E+02, 0.32346E+02, 0.14957E+01, 0.82555E-03
 0.53000E+02, 0.20000E+02, 0.29549E+02, 0.20818E+01, 0.58770E-03
 0.54000E+02, 0.20000E+02, 0.29900E+02, 0.19986E+01, 0.61286E-03
 0.55000E+02, 0.20000E+02, 0.39490E+02, 0.84665E+00, 0.14925E-02
 0.56000E+02, 0.20000E+02, 0.44451E+02, 0.63087E+00, 0.20348E-02
 0.57000E+02, 0.20000E+02, 0.48479E+02, 0.55567E+00, 0.23395E-02
 0.58000E+02, 0.20000E+02, 0.54207E+02, 0.46013E+00, 0.28755E-02
 0.59000E+02, 0.20000E+02, 0.22000E+02, 0.30000E+02, 0.00000E+00
 0.60000E+02, 0.20000E+02, 0.14775E+03, 0.13386E+00, 0.12709E-01
 0.61000E+02, 0.20000E+02, 0.13998E+03, 0.15570E+00, 0.10724E-01
 0.62000E+02, 0.20000E+02, 0.13993E+03, 0.16484E+00, 0.10129E-01
 0.63000E+02, 0.20000E+02, 0.13954E+03, 0.17705E+00, 0.94214E-02
 0.64000E+02, 0.20000E+02, 0.15061E+03, 0.16400E+00, 0.10444E-01
 0.65000E+02, 0.20000E+02, 0.16330E+03, 0.16436E+00, 0.10733E-01
 0.00000E+00, 0.21000E+02, 0.19658E+03, 0.32075E+00, 0.59192E-02
 0.10000E+01, 0.21000E+02, 0.20160E+03, 0.31957E+00, 0.60045E-02
 0.20000E+01, 0.21000E+02, 0.20292E+03, 0.33836E+00, 0.56869E-02
 0.30000E+01, 0.21000E+02, 0.27178E+03, 0.30730E+00, 0.71674E-02
 0.40000E+01, 0.21000E+02, 0.28962E+03, 0.28891E+00, 0.78730E-02
 0.50000E+01, 0.21000E+02, 0.31679E+03, 0.28558E+00, 0.83495E-02
 0.60000E+01, 0.21000E+02, 0.34026E+03, 0.28269E+00, 0.87705E-02
 0.70000E+01, 0.21000E+02, 0.33517E+03, 0.29184E+00, 0.84250E-02
 0.80000E+01, 0.21000E+02, 0.22000E+02, 0.30000E+02, 0.00000E+00
 0.90000E+01, 0.21000E+02, 0.93402E+03, 0.27219E+00, 0.17926E-01
 0.10000E+02, 0.21000E+02, 0.96255E+03, 0.19180E+00, 0.26040E-01
 0.11000E+02, 0.21000E+02, 0.87536E+03, 0.30692E+00, 0.15125E-01
 0.12000E+02, 0.21000E+02, 0.74122E+03, 0.13244E+00, 0.30956E-01
 0.13000E+02, 0.21000E+02, 0.81497E+03, 0.15272E+00, 0.28797E-01
 0.14000E+02, 0.21000E+02, 0.98733E+03, 0.19918E+00, 0.25578E-01
 0.15000E+02, 0.21000E+02, 0.91315E+03, 0.21424E+00, 0.22380E-01
 0.16000E+02, 0.21000E+02, 0.85646E+03, 0.16857E+00, 0.27085E-01
 0.17000E+02, 0.21000E+02, 0.83024E+03, 0.19050E+00, 0.23411E-01
 0.18000E+02, 0.21000E+02, 0.71987E+03, 0.19650E+00, 0.20425E-01
 0.19000E+02, 0.21000E+02, 0.81632E+03, 0.18598E+00, 0.23677E-01
 0.20000E+02, 0.21000E+02, 0.48480E+03, 0.20670E+00, 0.14821E-01
 0.21000E+02, 0.21000E+02, 0.41986E+03, 0.17197E+00, 0.16288E-01
 0.22000E+02, 0.21000E+02, 0.40564E+03, 0.15861E+00, 0.17297E-01
 0.23000E+02, 0.21000E+02, 0.40400E+03, 0.14731E+00, 0.18579E-01
 0.24000E+02, 0.21000E+02, 0.36666E+03, 0.14607E+00, 0.17703E-01
 0.25000E+02, 0.21000E+02, 0.34448E+03, 0.14343E+00, 0.17405E-01
 0.26000E+02, 0.21000E+02, 0.35000E+03, 0.14449E+00, 0.17432E-01
 0.27000E+02, 0.21000E+02, 0.36456E+03, 0.14816E+00, 0.17396E-01
 0.28000E+02, 0.21000E+02, 0.38647E+03, 0.13981E+00, 0.19069E-01
 0.29000E+02, 0.21000E+02, 0.37106E+03, 0.13035E+00, 0.19976E-01
 0.30000E+02, 0.21000E+02, 0.27192E+02, 0.56104E+01, 0.21637E-03
 0.31000E+02, 0.21000E+02, 0.25467E+02, 0.72927E+01, 0.16550E-03
 0.32000E+02, 0.21000E+02, 0.24465E+02, 0.11817E+02, 0.10179E-03
 0.33000E+02, 0.21000E+02, 0.23504E+02, 0.30000E+02, 0.38928E-04
 0.34000E+02, 0.21000E+02, 0.23261E+02, 0.30000E+02, 0.25288E-04
 0.35000E+02, 0.21000E+02, 0.23472E+02, 0.30000E+02, 0.32528E-04
 0.36000E+02, 0.21000E+02, 0.24767E+02, 0.12731E+02, 0.94583E-04
 0.37000E+02, 0.21000E+02, 0.27001E+02, 0.53676E+01, 0.22602E-03
 0.38000E+02, 0.21000E+02, 0.28474E+02, 0.40961E+01, 0.29763E-03
 0.39000E+02, 0.21000E+02, 0.29514E+02, 0.36688E+01, 0.33344E-03
 0.40000E+02, 0.21000E+02, 0.26823E+02, 0.57080E+01, 0.21241E-03
 0.41000E+02, 0.21000E+02, 0.29708E+02, 0.33309E+01, 0.36750E-03
 0.42000E+02, 0.21000E+02, 0.36407E+02, 0.16878E+01, 0.74131E-03
 0.43000E+02, 0.21000E+02, 0.45091E+02, 0.10558E+01, 0.12183E-02
 0.44000E+02, 0.21000E+02, 0.42929E+02, 0.11232E+01, 0.11375E-02
 0.45000E+02, 0.21000E+02, 0.31445E+02, 0.24107E+01, 0.51069E-03
 0.46000E+02, 0.21000E+02, 0.42030E+02, 0.12945E+01, 0.98407E-03
 0.47000E+02, 0.21000E+02, 0.51915E+02, 0.84299E+00, 0.15586E-02
 0.48000E+02, 0.21000E+02, 0.40564E+02, 0.78505E+00, 0.16151E-02
 0.49000E+02, 0.21000E+02, 0.34026E+02, 0.12813E+01, 0.96896E-03
 0.50000E+02, 0.21000E+02, 0.30466E+02, 0.18857E+01, 0.65077E-03
 0.51000E+02, 0.21000E+02, 0.30764E+02, 0.17952E+01, 0.68426E-03
 0.52000E+02, 0.21000E+02, 0.31681E+02, 0.16012E+01, 0.76948E-03
 0.53000E+02, 0.21000E+02, 0.30868E+02, 0.17509E+01, 0.70180E-03
 0.54000E+02, 0.21000E+02, 0.29162E+02, 0.22123E+01, 0.55232E-03
 0.55000E+02, 0.21000E+02, 0.29649E+02, 0.19128E+01, 0.63982E-03
 0.56000E+02, 0.21000E+02, 0.35233E+02, 0.10781E+01, 0.11561E-02
 0.57000E+02, 0.21000E+02, 0.46637E+02, 0.55407E+00, 0.23328E-02
 0.58000E+02, 0.21000E+02, 0.67870E+02, 0.30964E+00, 0.44514E-02
 0.59000E+02, 0.21000E+02, 0.22000E+02, 0.30000E+02, 0.00000E+00
 0.60000E+02, 0.21000E+02, 0.15060E+03, 0.13734E+00, 0.12470E-01
 0.61000E+02, 0.21000E+02, 0.14297E+03, 0.15702E+00, 0.10712E-01
 0.62000E+02, 0.21000E+02, 0.15230E+03, 0.14552E+00, 0.11817E-01
 0.63000E+02, 0.21000E+02, 0.15001E+03, 0.15969E+00, 0.10710E-01
 0.64000E+02, 0.21000E+02, 0.14944E+03, 0.16724E+00, 0.10213E-01
 0.65000E+02, 0.21000E+02, 0.15564E+03, 0.16584E+00, 0.10450E-01
 0.00000E+00, 0.22000E+02, 0.17765E+03, 0.33922E+00, 0.53712E-02
 0.10000E+01, 0.22000E+02, 0.18960E+03, 0.32743E+00, 0.57122E-02
 0.20000E+01, 0.22000E+02, 0.19608E+03, 0.33290E+00, 0.56971E-02
 0.30000E+01, 0.22000E+02, 0.19681E+03, 0.34958E+00, 0.54336E-02
 0.40000E+01, 0.22000E+02, 0.25564E+03, 0.31031E+00, 0.68876E-02
 0.50000E+01, 0.22000E+02, 0.30945E+03, 0.28506E+00, 0.82607E-02
 0.60000E+01, 0.22000E+02, 0.31158E+03, 0.30153E+00, 0.78379E-02
 0.70000E+01, 0.22000E+02, 0.26394E+03, 0.33810E+00, 0.64206E-02
 0.80000E+01, 0.22000E+02, 0.22000E+02, 0.30000E+02, 0.00000E+00
 0.90000E+01, 0.22000E+02, 0.77571E+03, 0.35853E+00, 0.11824E-01
 0.10000E+02, 0.22000E+02, 0.82399E+03, 0.34815E+00, 0.12737E-01
 0.11000E+02, 0.22000E+02, 0.78736E+03, 0.20436E+00, 0.20975E-01
 0.12000E+02, 0.22000E+02, 0.73928E+03, 0.24016E+00, 0.17039E-01
 0.13000E+02, 0.22000E+02, 0.80321E+03, 0.16210E+00, 0.26839E-01
 0.14000E+02, 0.22000E+02, 0.90911E+03, 0.22194E+00, 0.21531E-01
 0.15000E+02, 0.22000E+02, 0.87272E+03, 0.28700E+00, 0.16137E-01
 0.16000E+02, 0.22000E+02, 0.81639E+03, 0.18680E+00, 0.23575E-01
 0.17000E+02, 0.22000E+02, 0.79969E+03, 0.19731E+00, 0.21976E-01
 0.18000E+02, 0.22000E+02, 0.70125E+03, 0.20215E+00, 0.19483E-01
 0.19000E+02, 0.22000E+02, 0.78497E+03, 0.18797E+00, 0.22752E-01
 0.20000E+02, 0.22000E+02, 0.44179E+03, 0.17657E+00, 0.16365E-01
 0.21000E+02, 0.22000E+02, 0.41045E+03, 0.16025E+00, 0.17242E-01
 0.22000E+02, 0.22000E+02, 0.39322E+03, 0.14656E+00, 0.18377E-01
 0.23000E+02, 0.22000E+02, 0.39401E+03, 0.13995E+00, 0.19267E-01
 0.24000E+02, 0.22000E+02, 0.35513E+03, 0.13937E+00, 0.18220E-01
 0.25000E+02, 0.22000E+02, 0.34081E+03, 0.14042E+00, 0.17673E-01
 0.26000E+02, 0.22000E+02, 0.35012E+03, 0.14037E+00, 0.17947E-01
 0.27000E+02, 0.22000E+02, 0.36418E+03, 0.14112E+00, 0.18254E-01
 0.28000E+02, 0.22000E+02, 0.36897E+03, 0.13725E+00, 0.18910E-01
 0.29000E+02, 0.22000E+02, 0.34817E+03, 0.13017E+00, 0.19293E-01
 0.30000E+02, 0.22000E+02, 0.27448E+02, 0.49806E+01, 0.24394E-03
 0.31000E+02, 0.22000E+02, 0.25863E+02, 0.66901E+01, 0.18065E-03
 0.32000E+02, 0.22000E+02, 0.24025E+02, 0.18716E+02, 0.64176E-04
 0.33000E+02, 0.22000E+02, 0.23502E+02, 0.30000E+02, 0.35979E-04
 0.34000E+02, 0.22000E+02, 0.23768E+02, 0.25742E+02, 0.46620E-04
 0.35000E+02, 0.22000E+02, 0.24932E+02, 0.11712E+02, 0.10287E-03
 0.36000E+02, 0.22000E+02, 0.27251E+02, 0.50086E+01, 0.24242E-03
 0.37000E+02, 0.22000E+02, 0.28578E+02, 0.36675E+01, 0.33253E-03
 0.38000E+02, 0.22000E+02, 0.27603E+02, 0.43554E+01, 0.27910E-03
 0.39000E+02, 0.22000E+02, 0.27607E+02, 0.45505E+01, 0.26714E-03
 0.40000E+02, 0.22000E+02, 0.28608E+02, 0.38872E+01, 0.31376E-03
 0.41000E+02, 0.22000E+02, 0.33132E+02, 0.21627E+01, 0.57240E-03
 0.42000E+02, 0.22000E+02, 0.38645E+02, 0.14647E+01, 0.86042E-03
 0.43000E+02, 0.22000E+02, 0.43404E+02, 0.11346E+01, 0.11277E-02
 0.44000E+02, 0.22000E+02, 0.36879E+02, 0.15545E+01, 0.80610E-03
 0.45000E+02, 0.22000E+02, 0.32158E+02, 0.22038E+01, 0.55995E-03
 0.46000E+02, 0.22000E+02, 0.33283E+02, 0.21297E+01, 0.58155E-03
 0.47000E+02, 0.22000E+02, 0.36313E+02, 0.16832E+01, 0.74311E-03
 0.48000E+02, 0.22000E+02, 0.39942E+02, 0.81689E+00, 0.15491E-02
 0.49000E+02, 0.22000E+02, 0.34423E+02, 0.12689E+01, 0.97968E-03
 0.50000E+02, 0.22000E+02, 0.33509E+02, 0.13500E+01, 0.91813E-03
 0.51000E+02, 0.22000E+02, 0.31704E+02, 0.15872E+01, 0.77633E-03
 0.52000E+02, 0.22000E+02, 0.30256E+02, 0.18838E+01, 0.65097E-03
 0.53000E+02, 0.22000E+02, 0.28309E+02, 0.25109E+01, 0.48525E-03
 0.54000E+02, 0.22000E+02, 0.31323E+02, 0.16460E+01, 0.74766E-03
 0.55000E+02, 0.22000E+02, 0.29828E+02, 0.19309E+01, 0.63421E-03
 0.56000E+02, 0.22000E+02, 0.32136E+02, 0.14466E+01, 0.85298E-03
 0.57000E+02, 0.22000E+02, 0.37733E+02, 0.91254E+00, 0.13770E-02
 0.58000E+02, 0.22000E+02, 0.52271E+02, 0.46754E+00, 0.28132E-02
 0.59000E+02, 0.22000E+02, 0.22000E+02, 0.30000E+02, 0.00000E+00
 0.60000E+02, 0.22000E+02, 0.15235E+03, 0.13575E+00, 0.12669E-01
 0.61000E+02, 0.22000E+02, 0.14361E+03, 0.14762E+00, 0.11411E-01
 0.62000E+02, 0.22000E+02, 0.15679E+03, 0.14241E+00, 0.12202E-01
 0.63000E+02, 0.22000E+02, 0.16032E+03, 0.14158E+00, 0.12375E-01
 0.64000E+02, 0.22000E+02, 0.16218E+03, 0.14034E+00, 0.12538E-01
 0.65000E+02, 0.22000E+02, 0.15911E+03, 0.13920E+00, 0.12551E-01
 0.00000E+00, 0.23000E+02, 0.17182E+03, 0.33625E+00, 0.53488E-02
 0.10000E+01, 0.23000E+02, 0.19134E+03, 0.32425E+00, 0.57900E-02
 0.20000E+01, 0.23000E+02, 0.20282E+03, 0.33157E+00, 0.58021E-02
 0.30000E+01, 0.23000E+02, 0.19445E+03, 0.35090E+00, 0.53860E-02
 0.40000E+01, 0.23000E+02, 0.19777E+03, 0.35350E+00, 0.53844E-02
 0.50000E+01, 0.23000E+02, 0.26139E+03, 0.31232E+00, 0.69176E-02
 0.60000E+01, 0.23000E+02, 0.28822E+03, 0.30345E+00, 0.74771E-02
 0.70000E+01, 0.23000E+02, 0.26652E+03, 0.33217E+00, 0.65668E-02
 0.80000E+01, 0.23000E+02, 0.22000E+02, 0.30000E+02, 0.00000E+00
 0.90000E+01, 0.23000E+02, 0.67061E+03, 0.35888E+00, 0.10629E-01
 0.10000E+02, 0.23000E+02, 0.68707E+03, 0.38843E+00, 0.99915E-02
 0.11000E+02, 0.23000E+02, 0.76823E+03, 0.17068E+00, 0.24661E-01
 0.12000E+02, 0.23000E+02, 0.73783E+03, 0.20270E+00, 0.20159E-01
 0.13000E+02, 0.23000E+02, 0.79473E+03, 0.19787E+00, 0.21814E-01
 0.14000E+02, 0.23000E+02, 0.82815E+03, 0.20397E+00, 0.21823E-01
 0.15000E+02, 0.23000E+02, 0.85408E+03, 0.24135E+00, 0.18878E-01
 0.16000E+02, 0.23000E+02, 0.78852E+03, 0.19634E+00, 0.21856E-01
 0.17000E+02, 0.23000E+02, 0.75951E+03, 0.19552E+00, 0.21347E-01
 0.18000E+02, 0.23000E+02, 0.69812E+03, 0.19895E+00, 0.19732E-01
 0.19000E+02, 0.23000E+02, 0.71969E+03, 0.19309E+00, 0.20782E-01
 0.20000E+02, 0.23000E+02, 0.39816E+03, 0.16271E+00, 0.16676E-01
 0.21000E+02, 0.23000E+02, 0.35829E+03, 0.14409E+00, 0.17713E-01
 0.22000E+02, 0.23000E+02, 0.36321E+03, 0.13943E+00, 0.18447E-01
 0.23000E+02, 0.23000E+02, 0.37620E+03, 0.13759E+00, 0.19075E-01
 0.24000E+02, 0.23000E+02, 0.37401E+03, 0.13667E+00, 0.19139E-01
 0.25000E+02, 0.23000E+02, 0.33621E+03, 0.13806E+00, 0.17840E-01
 0.26000E+02, 0.23000E+02, 0.34823E+03, 0.13187E+00, 0.19046E-01
 0.27000E+02, 0.23000E+02, 0.35777E+03, 0.13063E+00, 0.19521E-01
 0.28000E+02, 0.23000E+02, 0.36604E+03, 0.13354E+00, 0.19347E-01
 0.29000E+02, 0.23000E+02, 0.34450E+03, 0.12748E+00, 0.19583E-01
 0.30000E+02, 0.23000E+02, 0.26815E+02, 0.56263E+01, 0.21549E-03
 0.31000E+02, 0.23000E+02, 0.24660E+02, 0.12104E+02, 0.99446E-04
 0.32000E+02, 0.23000E+02, 0.24189E+02, 0.17662E+02, 0.68043E-04
 0.33000E+02, 0.23000E+02, 0.24806E+02, 0.12440E+02, 0.96805E-04
 0.34000E+02, 0.23000E+02, 0.25652E+02, 0.81449E+01, 0.14828E-03
 0.35000E+02, 0.23000E+02, 0.27003E+02, 0.52053E+01, 0.23306E-03
 0.36000E+02, 0.23000E+02, 0.28525E+02, 0.37272E+01, 0.32714E-03
 0.37000E+02, 0.23000E+02, 0.29535E+02, 0.30642E+01, 0.39926E-03
 0.38000E+02, 0.23000E+02, 0.28973E+02, 0.33477E+01, 0.36476E-03
 0.39000E+02, 0.23000E+02, 0.28866E+02, 0.34202E+01, 0.35691E-03
 0.40000E+02, 0.23000E+02, 0.29428E+02, 0.30682E+01, 0.39860E-03
 0.41000E+02, 0.23000E+02, 0.34271E+02, 0.18995E+01, 0.65414E-03
 0.42000E+02, 0.23000E+02, 0.39759E+02, 0.13537E+01, 0.93430E-03
 0.43000E+02, 0.23000E+02, 0.40024E+02, 0.13088E+01, 0.96713E-03
 0.44000E+02, 0.23000E+02, 0.34757E+02, 0.17815E+01, 0.69858E-03
 0.45000E+02, 0.23000E+02, 0.32055E+02, 0.21760E+01, 0.56690E-03
 0.46000E+02, 0.23000E+02, 0.31811E+02, 0.22148E+01, 0.55653E-03
 0.47000E+02, 0.23000E+02, 0.34255E+02, 0.18580E+01, 0.66873E-03
 0.48000E+02, 0.23000E+02, 0.39335E+02, 0.86269E+00, 0.14640E-02
 0.49000E+02, 0.23000E+02, 0.35720E+02, 0.10985E+01, 0.11365E-02
 0.50000E+02, 0.23000E+02, 0.31108E+02, 0.16552E+01, 0.74298E-03
 0.51000E+02, 0.23000E+02, 0.30878E+02, 0.17155E+01, 0.71630E-03
 0.52000E+02, 0.23000E+02, 0.28847E+02, 0.22541E+01, 0.54152E-03
 0.53000E+02, 0.23000E+02, 0.27266E+02, 0.30177E+01, 0.40236E-03
 0.54000E+02, 0.23000E+02, 0.27077E+02, 0.31314E+01, 0.38752E-03
 0.55000E+02, 0.23000E+02, 0.31692E+02, 0.14932E+01, 0.82516E-03
 0.56000E+02, 0.23000E+02, 0.35191E+02, 0.10693E+01, 0.11655E-02
 0.57000E+02, 0.23000E+02, 0.30973E+02, 0.15740E+01, 0.78093E-03
 0.58000E+02, 0.23000E+02, 0.57066E+02, 0.40902E+00, 0.32631E-02
 0.59000E+02, 0.23000E+02, 0.22000E+02, 0.30000E+02, 0.00000E+00
 0.60000E+02, 0.23000E+02, 0.15201E+03, 0.13897E+00, 0.12365E-01
 0.61000E+02, 0.23000E+02, 0.14926E+03, 0.14291E+00, 0.11946E-01
 0.62000E+02, 0.23000E+02, 0.15593E+03, 0.14185E+00, 0.12226E-01
 0.63000E+02, 0.23000E+02, 0.16096E+03, 0.14113E+00, 0.12432E-01
 0.64000E+02, 0.23000E+02, 0.16452E+03, 0.13779E+00, 0.12839E-01
 0.65000E+02, 0.23000E+02, 0.16118E+03, 0.13266E+00, 0.13233E-01
 0.00000E+00, 0.24000E+02, 0.16826E+03, 0.33396E+00, 0.53422E-02
 0.10000E+01, 0.24000E+02, 0.18192E+03, 0.32095E+00, 0.57310E-02
 0.20000E+01, 0.24000E+02, 0.20928E+03, 0.32389E+00, 0.60203E-02
 0.30000E+01, 0.24000E+02, 0.20813E+03, 0.34183E+00, 0.56907E-02
 0.40000E+01, 0.24000E+02, 0.20790E+03, 0.34884E+00, 0.55736E-02
 0.50000E+01, 0.24000E+02, 0.22746E+03, 0.34711E+00, 0.58292E-02
 0.60000E+01, 0.24000E+02, 0.25056E+03, 0.33324E+00, 0.63519E-02
 0.70000E+01, 0.24000E+02, 0.23136E+03, 0.33921E+00, 0.60114E-02
 0.80000E+01, 0.24000E+02, 0.22000E+02, 0.30000E+02, 0.00000E+00
 0.90000E+01, 0.24000E+02, 0.64081E+03, 0.32321E+00, 0.11429E-01
 0.10000E+02, 0.24000E+02, 0.68086E+03, 0.32717E+00, 0.11786E-01
 0.11000E+02, 0.24000E+02, 0.71850E+03, 0.26174E+00, 0.15313E-01
 0.12000E+02, 0.24000E+02, 0.69643E+03, 0.28572E+00, 0.13716E-01
 0.13000E+02, 0.24000E+02, 0.73381E+03, 0.27346E+00, 0.14883E-01
 0.14000E+02, 0.24000E+02, 0.77796E+03, 0.21713E+00, 0.19566E-01
 0.15000E+02, 0.24000E+02, 0.78946E+03, 0.18494E+00, 0.23223E-01
 0.16000E+02, 0.24000E+02, 0.72416E+03, 0.20505E+00, 0.19659E-01
 0.17000E+02, 0.24000E+02, 0.69988E+03, 0.19150E+00, 0.20537E-01
 0.18000E+02, 0.24000E+02, 0.64857E+03, 0.19678E+00, 0.18932E-01
 0.19000E+02, 0.24000E+02, 0.52109E+03, 0.18336E+00, 0.17507E-01
 0.20000E+02, 0.24000E+02, 0.38736E+03, 0.15819E+00, 0.16876E-01
 0.21000E+02, 0.24000E+02, 0.34315E+03, 0.14256E+00, 0.17473E-01
 0.22000E+02, 0.24000E+02, 0.33672E+03, 0.13573E+00, 0.18162E-01
 0.23000E+02, 0.24000E+02, 0.35476E+03, 0.13377E+00, 0.18973E-01
 0.24000E+02, 0.24000E+02, 0.33650E+03, 0.13497E+00, 0.18256E-01
 0.25000E+02, 0.24000E+02, 0.32946E+03, 0.12823E+00, 0.18995E-01
 0.26000E+02, 0.24000E+02, 0.34281E+03, 0.12580E+00, 0.19790E-01
 0.27000E+02, 0.24000E+02, 0.34467E+03, 0.12536E+00, 0.19920E-01
 0.28000E+02, 0.24000E+02, 0.35183E+03, 0.12997E+00, 0.19435E-01
 0.29000E+02, 0.24000E+02, 0.34749E+03, 0.12820E+00, 0.19567E-01
 0.30000E+02, 0.24000E+02, 0.25469E+02, 0.89428E+01, 0.13497E-03
 0.31000E+02, 0.24000E+02, 0.24124E+02, 0.18623E+02, 0.64518E-04
 0.32000E+02, 0.24000E+02, 0.25378E+02, 0.95345E+01, 0.12655E-03
 0.33000E+02, 0.24000E+02, 0.25466E+02, 0.93426E+01, 0.12919E-03
 0.34000E+02, 0.24000E+02, 0.27517E+02, 0.45385E+01, 0.26777E-03
 0.35000E+02, 0.24000E+02, 0.27585E+02, 0.45877E+01, 0.26495E-03
 0.36000E+02, 0.24000E+02, 0.29524E+02, 0.29963E+01, 0.40828E-03
 0.37000E+02, 0.24000E+02, 0.30064E+02, 0.28260E+01, 0.43366E-03
 0.38000E+02, 0.24000E+02, 0.30095E+02, 0.27921E+01, 0.43898E-03
 0.39000E+02, 0.24000E+02, 0.30293E+02, 0.27616E+01, 0.44411E-03
 0.40000E+02, 0.24000E+02, 0.31212E+02, 0.25587E+01, 0.48078E-03
 0.41000E+02, 0.24000E+02, 0.32823E+02, 0.21104E+01, 0.58600E-03
 0.42000E+02, 0.24000E+02, 0.38385E+02, 0.14798E+01, 0.85091E-03
 0.43000E+02, 0.24000E+02, 0.40599E+02, 0.12755E+01, 0.99418E-03
 0.44000E+02, 0.24000E+02, 0.35260E+02, 0.17257E+01, 0.72232E-03
 0.45000E+02, 0.24000E+02, 0.32724E+02, 0.20367E+01, 0.60701E-03
 0.46000E+02, 0.24000E+02, 0.32829E+02, 0.19816E+01, 0.62411E-03
 0.47000E+02, 0.24000E+02, 0.32796E+02, 0.19815E+01, 0.62406E-03
 0.48000E+02, 0.24000E+02, 0.39839E+02, 0.81551E+00, 0.15512E-02
 0.49000E+02, 0.24000E+02, 0.34018E+02, 0.12042E+01, 0.10310E-02
 0.50000E+02, 0.24000E+02, 0.30047E+02, 0.18862E+01, 0.64970E-03
 0.51000E+02, 0.24000E+02, 0.32718E+02, 0.13576E+01, 0.91064E-03
 0.52000E+02, 0.24000E+02, 0.32408E+02, 0.14042E+01, 0.87950E-03
 0.53000E+02, 0.24000E+02, 0.30371E+02, 0.17750E+01, 0.69113E-03
 0.54000E+02, 0.24000E+02, 0.29990E+02, 0.18574E+01, 0.65966E-03
 0.55000E+02, 0.24000E+02, 0.30209E+02, 0.17724E+01, 0.69178E-03
 0.56000E+02, 0.24000E+02, 0.29692E+02, 0.18760E+01, 0.65246E-03
 0.57000E+02, 0.24000E+02, 0.30133E+02, 0.17441E+01, 0.70285E-03
 0.58000E+02, 0.24000E+02, 0.39004E+02, 0.80892E+00, 0.15597E-02
 0.59000E+02, 0.24000E+02, 0.22000E+02, 0.30000E+02, 0.00000E+00
 0.60000E+02, 0.24000E+02, 0.15047E+03, 0.14097E+00, 0.12145E-01
 0.61000E+02, 0.24000E+02, 0.14426E+03, 0.15508E+00, 0.10879E-01
 0.62000E+02, 0.24000E+02, 0.14380E+03, 0.15599E+00, 0.10804E-01
 0.63000E+02, 0.24000E+02, 0.16468E+03, 0.14047E+00, 0.12598E-01
 0.64000E+02, 0.24000E+02, 0.17094E+03, 0.13595E+00, 0.13202E-01
 0.65000E+02, 0.24000E+02, 0.17504E+03, 0.12268E+00, 0.14766E-01
 0.00000E+00, 0.25000E+02, 0.16355E+03, 0.32580E+00, 0.54176E-02
 0.10000E+01, 0.25000E+02, 0.19221E+03, 0.31419E+00, 0.59865E-02
 0.20000E+01, 0.25000E+02, 0.21067E+03, 0.31269E+00, 0.62539E-02
 0.30000E+01, 0.25000E+02, 0.20800E+03, 0.31433E+00, 0.61869E-02
 0.40000E+01, 0.25000E+02, 0.21071E+03, 0.32921E+00, 0.59404E-02
 0.50000E+01, 0.25000E+02, 0.21851E+03, 0.34128E+00, 0.58228E-02
 0.60000E+01, 0.25000E+02, 0.21982E+03, 0.34326E+00, 0.58047E-02
 0.70000E+01, 0.25000E+02, 0.20929E+03, 0.34483E+00, 0.56547E-02
 0.80000E+01, 0.25000E+02, 0.22000E+02, 0.30000E+02, 0.00000E+00
 0.90000E+01, 0.25000E+02, 0.60327E+03, 0.30802E+00, 0.11500E-01
 0.10000E+02, 0.25000E+02, 0.66023E+03, 0.30495E+00, 0.12371E-01
 0.11000E+02, 0.25000E+02, 0.66174E+03, 0.29508E+00, 0.12806E-01
 0.12000E+02, 0.25000E+02, 0.64515E+03, 0.27999E+00, 0.13256E-01
 0.13000E+02, 0.25000E+02, 0.64587E+03, 0.26325E+00, 0.14110E-01
 0.14000E+02, 0.25000E+02, 0.68275E+03, 0.23658E+00, 0.16331E-01
 0.15000E+02, 0.25000E+02, 0.68987E+03, 0.22186E+00, 0.17544E-01
 0.16000E+02, 0.25000E+02, 0.68766E+03, 0.21896E+00, 0.17736E-01
 0.17000E+02, 0.25000E+02, 0.66326E+03, 0.18953E+00, 0.19969E-01
 0.18000E+02, 0.25000E+02, 0.62431E+03, 0.19031E+00, 0.19060E-01
 0.19000E+02, 0.25000E+02, 0.38471E+03, 0.16754E+00, 0.15871E-01
 0.20000E+02, 0.25000E+02, 0.35263E+03, 0.14984E+00, 0.16880E-01
 0.21000E+02, 0.25000E+02, 0.34294E+03, 0.14177E+00, 0.17564E-01
 0.22000E+02, 0.25000E+02, 0.34811E+03, 0.13657E+00, 0.18387E-01
 0.23000E+02, 0.25000E+02, 0.34276E+03, 0.13138E+00, 0.18947E-01
 0.24000E+02, 0.25000E+02, 0.31835E+03, 0.12605E+00, 0.18967E-01
 0.25000E+02, 0.25000E+02, 0.32239E+03, 0.12025E+00, 0.20017E-01
 0.26000E+02, 0.25000E+02, 0.33095E+03, 0.12008E+00, 0.20333E-01
 0.27000E+02, 0.25000E+02, 0.33987E+03, 0.12555E+00, 0.19736E-01
 0.28000E+02, 0.25000E+02, 0.34182E+03, 0.12604E+00, 0.19721E-01
 0.29000E+02, 0.25000E+02, 0.34260E+03, 0.13116E+00, 0.18975E-01
 0.30000E+02, 0.25000E+02, 0.23872E+02, 0.22677E+02, 0.52940E-04
 0.31000E+02, 0.25000E+02, 0.24532E+02, 0.13472E+02, 0.89308E-04
 0.32000E+02, 0.25000E+02, 0.25361E+02, 0.90715E+01, 0.13300E-03
 0.33000E+02, 0.25000E+02, 0.27554E+02, 0.43577E+01, 0.27891E-03
 0.34000E+02, 0.25000E+02, 0.28119E+02, 0.39524E+01, 0.30809E-03
 0.35000E+02, 0.25000E+02, 0.28426E+02, 0.39593E+01, 0.30786E-03
 0.36000E+02, 0.25000E+02, 0.30289E+02, 0.27996E+01, 0.43808E-03
 0.37000E+02, 0.25000E+02, 0.30516E+02, 0.26944E+01, 0.45552E-03
 0.38000E+02, 0.25000E+02, 0.30405E+02, 0.26075E+01, 0.47054E-03
 0.39000E+02, 0.25000E+02, 0.31475E+02, 0.23656E+01, 0.52048E-03
 0.40000E+02, 0.25000E+02, 0.32131E+02, 0.22924E+01, 0.53826E-03
 0.41000E+02, 0.25000E+02, 0.33710E+02, 0.19888E+01, 0.62363E-03
 0.42000E+02, 0.25000E+02, 0.35040E+02, 0.17908E+01, 0.69558E-03
 0.43000E+02, 0.25000E+02, 0.37201E+02, 0.15385E+01, 0.81532E-03
 0.44000E+02, 0.25000E+02, 0.35423E+02, 0.16966E+01, 0.73510E-03
 0.45000E+02, 0.25000E+02, 0.36146E+02, 0.15424E+01, 0.81049E-03
 0.46000E+02, 0.25000E+02, 0.36087E+02, 0.14913E+01, 0.83809E-03
 0.47000E+02, 0.25000E+02, 0.32733E+02, 0.19310E+01, 0.64026E-03
 0.48000E+02, 0.25000E+02, 0.39530E+02, 0.81280E+00, 0.15549E-02
 0.49000E+02, 0.25000E+02, 0.34799E+02, 0.10976E+01, 0.11340E-02
 0.50000E+02, 0.25000E+02, 0.32592E+02, 0.13369E+01, 0.92437E-03
 0.51000E+02, 0.25000E+02, 0.33030E+02, 0.12941E+01, 0.95627E-03
 0.52000E+02, 0.25000E+02, 0.34354E+02, 0.11347E+01, 0.10953E-02
 0.53000E+02, 0.25000E+02, 0.32964E+02, 0.12928E+01, 0.95701E-03
 0.54000E+02, 0.25000E+02, 0.29666E+02, 0.18827E+01, 0.65008E-03
 0.55000E+02, 0.25000E+02, 0.27033E+02, 0.28962E+01, 0.41893E-03
 0.56000E+02, 0.25000E+02, 0.25867E+02, 0.38643E+01, 0.31275E-03
 0.57000E+02, 0.25000E+02, 0.25370E+02, 0.44254E+01, 0.27264E-03
 0.58000E+02, 0.25000E+02, 0.24663E+02, 0.58313E+01, 0.20642E-03
 0.59000E+02, 0.25000E+02, 0.22000E+02, 0.30000E+02, 0.00000E+00
 0.60000E+02, 0.25000E+02, 0.15469E+03, 0.13708E+00, 0.12615E-01
 0.61000E+02, 0.25000E+02, 0.14848E+03, 0.15367E+00, 0.11090E-01
 0.62000E+02, 0.25000E+02, 0.15410E+03, 0.15043E+00, 0.11480E-01
 0.63000E+02, 0.25000E+02, 0.18045E+03, 0.13312E+00, 0.13772E-01
 0.64000E+02, 0.25000E+02, 0.19008E+03, 0.12761E+00, 0.14672E-01
 0.65000E+02, 0.25000E+02, 0.19322E+03, 0.11953E+00, 0.15770E-01
 0.00000E+00, 0.26000E+02, 0.48610E+03, 0.25009E+00, 0.12271E-01
 0.10000E+01, 0.26000E+02, 0.48819E+03, 0.24476E+00, 0.12572E-01
 0.20000E+01, 0.26000E+02, 0.48433E+03, 0.24387E+00, 0.12554E-01
 0.30000E+01, 0.26000E+02, 0.47742E+03, 0.22758E+00, 0.13330E-01
 0.40000E+01, 0.26000E+02, 0.46153E+03, 0.21597E+00, 0.13749E-01
 0.50000E+01, 0.26000E+02, 0.44210E+03, 0.20634E+00, 0.14010E-01
 0.60000E+01, 0.26000E+02, 0.37543E+03, 0.18676E+00, 0.14036E-01
 0.70000E+01, 0.26000E+02, 0.22000E+02, 0.30000E+02, 0.00000E+00
 0.80000E+01, 0.26000E+02, 0.57460E+03, 0.23369E+00, 0.14663E-01
 0.90000E+01, 0.26000E+02, 0.60787E+03, 0.25788E+00, 0.13809E-01
 0.10000E+02, 0.26000E+02, 0.63657E+03, 0.25976E+00, 0.14155E-01
 0.11000E+02, 0.26000E+02, 0.64744E+03, 0.27929E+00, 0.13323E-01
 0.12000E+02, 0.26000E+02, 0.61933E+03, 0.23591E+00, 0.15291E-01
 0.13000E+02, 0.26000E+02, 0.64514E+03, 0.21482E+00, 0.17278E-01
 0.14000E+02, 0.26000E+02, 0.66196E+03, 0.22949E+00, 0.16469E-01
 0.15000E+02, 0.26000E+02, 0.64965E+03, 0.23784E+00, 0.15682E-01
 0.16000E+02, 0.26000E+02, 0.66548E+03, 0.24777E+00, 0.15311E-01
 0.17000E+02, 0.26000E+02, 0.65939E+03, 0.19640E+00, 0.19191E-01
 0.18000E+02, 0.26000E+02, 0.60185E+03, 0.18316E+00, 0.19309E-01
 0.19000E+02, 0.26000E+02, 0.41110E+03, 0.14123E+00, 0.19582E-01
 0.20000E+02, 0.26000E+02, 0.42792E+03, 0.13752E+00, 0.20606E-01
 0.21000E+02, 0.26000E+02, 0.39173E+03, 0.13126E+00, 0.20473E-01
 0.22000E+02, 0.26000E+02, 0.42997E+03, 0.12077E+00, 0.23532E-01
 0.23000E+02, 0.26000E+02, 0.42217E+03, 0.11805E+00, 0.23806E-01
 0.24000E+02, 0.26000E+02, 0.39911E+03, 0.11889E+00, 0.22853E-01
 0.25000E+02, 0.26000E+02, 0.37244E+03, 0.12339E+00, 0.21148E-01
 0.26000E+02, 0.26000E+02, 0.36960E+03, 0.12875E+00, 0.20177E-01
 0.27000E+02, 0.26000E+02, 0.34508E+03, 0.12776E+00, 0.19559E-01
 0.28000E+02, 0.26000E+02, 0.32999E+03, 0.12356E+00, 0.19730E-01
 0.29000E+02, 0.26000E+02, 0.32328E+03, 0.12287E+00, 0.19620E-01
 0.30000E+02, 0.26000E+02, 0.23654E+02, 0.24143E+02, 0.49689E-04
 0.31000E+02, 0.26000E+02, 0.24597E+02, 0.13080E+02, 0.92006E-04
 0.32000E+02, 0.26000E+02, 0.26310E+02, 0.59788E+01, 0.20244E-03
 0.33000E+02, 0.26000E+02, 0.28247E+02, 0.38220E+01, 0.31873E-03
 0.34000E+02, 0.26000E+02, 0.28587E+02, 0.35499E+01, 0.34355E-03
 0.35000E+02, 0.26000E+02, 0.29310E+02, 0.33187E+01, 0.36836E-03
 0.36000E+02, 0.26000E+02, 0.30480E+02, 0.27184E+01, 0.45145E-03
 0.37000E+02, 0.26000E+02, 0.30924E+02, 0.25756E+01, 0.47718E-03
 0.38000E+02, 0.26000E+02, 0.31698E+02, 0.22470E+01, 0.54836E-03
 0.39000E+02, 0.26000E+02, 0.33807E+02, 0.19313E+01, 0.64240E-03
 0.40000E+02, 0.26000E+02, 0.33880E+02, 0.19614E+01, 0.63268E-03
 0.41000E+02, 0.26000E+02, 0.34635E+02, 0.18831E+01, 0.66063E-03
 0.42000E+02, 0.26000E+02, 0.36902E+02, 0.15591E+01, 0.80377E-03
 0.43000E+02, 0.26000E+02, 0.36832E+02, 0.15443E+01, 0.81129E-03
 0.44000E+02, 0.26000E+02, 0.36822E+02, 0.15292E+01, 0.81931E-03
 0.45000E+02, 0.26000E+02, 0.40891E+02, 0.11202E+01, 0.11331E-02
 0.46000E+02, 0.26000E+02, 0.40204E+02, 0.11523E+01, 0.10991E-02
 0.47000E+02, 0.26000E+02, 0.38019E+02, 0.12797E+01, 0.98284E-03
 0.48000E+02, 0.26000E+02, 0.38304E+02, 0.83872E+00, 0.15009E-02
 0.49000E+02, 0.26000E+02, 0.37356E+02, 0.88290E+00, 0.14215E-02
 0.50000E+02, 0.26000E+02, 0.34916E+02, 0.10734E+01, 0.11600E-02
 0.51000E+02, 0.26000E+02, 0.33139E+02, 0.12685E+01, 0.97596E-03
 0.52000E+02, 0.26000E+02, 0.35345E+02, 0.10287E+01, 0.12121E-02
 0.53000E+02, 0.26000E+02, 0.34699E+02, 0.10781E+01, 0.11542E-02
 0.54000E+02, 0.26000E+02, 0.33426E+02, 0.11921E+01, 0.10395E-02
 0.55000E+02, 0.26000E+02, 0.31486E+02, 0.14263E+01, 0.86326E-03
 0.56000E+02, 0.26000E+02, 0.32153E+02, 0.13211E+01, 0.93405E-03
 0.57000E+02, 0.26000E+02, 0.33878E+02, 0.11040E+01, 0.11240E-02
 0.58000E+02, 0.26000E+02, 0.32114E+02, 0.12829E+01, 0.96172E-03
 0.59000E+02, 0.26000E+02, 0.22000E+02, 0.30000E+02, 0.00000E+00
 0.60000E+02, 0.26000E+02, 0.15630E+03, 0.13311E+00, 0.13041E-01
 0.61000E+02, 0.26000E+02, 0.15264E+03, 0.14872E+00, 0.11571E-01
 0.62000E+02, 0.26000E+02, 0.15420E+03, 0.15120E+00, 0.11424E-01
 0.63000E+02, 0.26000E+02, 0.18362E+03, 0.13398E+00, 0.13779E-01
 0.64000E+02, 0.26000E+02, 0.18814E+03, 0.13523E+00, 0.13787E-01
 0.65000E+02, 0.26000E+02, 0.19750E+03, 0.13179E+00, 0.14434E-01
 0.00000E+00, 0.27000E+02, 0.47922E+03, 0.24400E+00, 0.12463E-01
 0.10000E+01, 0.27000E+02, 0.47423E+03, 0.23595E+00, 0.12803E-01
 0.20000E+01, 0.27000E+02, 0.42556E+03, 0.22666E+00, 0.12459E-01
 0.30000E+01, 0.27000E+02, 0.43218E+03, 0.20742E+00, 0.13744E-01
 0.40000E+01, 0.27000E+02, 0.41853E+03, 0.20538E+00, 0.13612E-01
 0.50000E+01, 0.27000E+02, 0.41896E+03, 0.20195E+00, 0.13852E-01
 0.60000E+01, 0.27000E+02, 0.41497E+03, 0.19574E+00, 0.14209E-01
 0.70000E+01, 0.27000E+02, 0.22000E+02, 0.30000E+02, 0.00000E+00
 0.80000E+01, 0.27000E+02, 0.58894E+03, 0.23838E+00, 0.14617E-01
 0.90000E+01, 0.27000E+02, 0.58562E+03, 0.20480E+00, 0.16948E-01
 0.10000E+02, 0.27000E+02, 0.56495E+03, 0.19329E+00, 0.17525E-01
 0.11000E+02, 0.27000E+02, 0.57651E+03, 0.20931E+00, 0.16407E-01
 0.12000E+02, 0.27000E+02, 0.58678E+03, 0.22088E+00, 0.15736E-01
 0.13000E+02, 0.27000E+02, 0.61954E+03, 0.18279E+00, 0.19739E-01
 0.14000E+02, 0.27000E+02, 0.55860E+03, 0.20956E+00, 0.16042E-01
 0.15000E+02, 0.27000E+02, 0.58413E+03, 0.20792E+00, 0.16665E-01
 0.16000E+02, 0.27000E+02, 0.60418E+03, 0.19999E+00, 0.17731E-01
 0.17000E+02, 0.27000E+02, 0.63242E+03, 0.20069E+00, 0.18238E-01
 0.18000E+02, 0.27000E+02, 0.59449E+03, 0.17580E+00, 0.19948E-01
 0.19000E+02, 0.27000E+02, 0.44637E+03, 0.11504E+00, 0.25279E-01
 0.20000E+02, 0.27000E+02, 0.49653E+03, 0.11540E+00, 0.26958E-01
 0.21000E+02, 0.27000E+02, 0.52163E+03, 0.10988E+00, 0.29234E-01
 0.22000E+02, 0.27000E+02, 0.51190E+03, 0.10109E+00, 0.31387E-01
 0.23000E+02, 0.27000E+02, 0.48054E+03, 0.96791E-01, 0.31473E-01
 0.24000E+02, 0.27000E+02, 0.44034E+03, 0.98938E-01, 0.29148E-01
 0.25000E+02, 0.27000E+02, 0.41176E+03, 0.10195E+00, 0.27153E-01
 0.26000E+02, 0.27000E+02, 0.39321E+03, 0.10271E+00, 0.26224E-01
 0.27000E+02, 0.27000E+02, 0.38217E+03, 0.98813E-01, 0.26805E-01
 0.28000E+02, 0.27000E+02, 0.36788E+03, 0.97418E-01, 0.26596E-01
 0.29000E+02, 0.27000E+02, 0.31715E+03, 0.90098E-01, 0.26481E-01
 0.30000E+02, 0.27000E+02, 0.61293E+02, 0.98766E+00, 0.13686E-02
 0.31000E+02, 0.27000E+02, 0.61224E+02, 0.10040E+01, 0.13461E-02
 0.32000E+02, 0.27000E+02, 0.56576E+02, 0.11367E+01, 0.11724E-02
 0.33000E+02, 0.27000E+02, 0.60344E+02, 0.10380E+01, 0.12986E-02
 0.34000E+02, 0.27000E+02, 0.59463E+02, 0.10796E+01, 0.12453E-02
 0.35000E+02, 0.27000E+02, 0.56931E+02, 0.11434E+01, 0.11668E-02
 0.36000E+02, 0.27000E+02, 0.59407E+02, 0.10829E+01, 0.12413E-02
 0.37000E+02, 0.27000E+02, 0.61574E+02, 0.10230E+01, 0.13225E-02
 0.38000E+02, 0.27000E+02, 0.61747E+02, 0.10033E+01, 0.13491E-02
 0.39000E+02, 0.27000E+02, 0.61523E+02, 0.99465E+00, 0.13600E-02
 0.40000E+02, 0.27000E+02, 0.61894E+02, 0.97203E+00, 0.13932E-02
 0.41000E+02, 0.27000E+02, 0.62198E+02, 0.95234E+00, 0.14232E-02
 0.42000E+02, 0.27000E+02, 0.57227E+02, 0.98585E+00, 0.13545E-02
 0.43000E+02, 0.27000E+02, 0.48645E+02, 0.11110E+01, 0.11707E-02
 0.44000E+02, 0.27000E+02, 0.43607E+02, 0.12540E+01, 0.10210E-02
 0.45000E+02, 0.27000E+02, 0.42027E+02, 0.13285E+01, 0.95890E-03
 0.46000E+02, 0.27000E+02, 0.40046E+02, 0.14299E+01, 0.88532E-03
 0.47000E+02, 0.27000E+02, 0.31187E+02, 0.21438E+01, 0.57378E-03
 0.48000E+02, 0.27000E+02, 0.47611E+02, 0.53244E+00, 0.24349E-02
 0.49000E+02, 0.27000E+02, 0.42412E+02, 0.68343E+00, 0.18662E-02
 0.50000E+02, 0.27000E+02, 0.41276E+02, 0.72877E+00, 0.17438E-02
 0.51000E+02, 0.27000E+02, 0.38175E+02, 0.85494E+00, 0.14718E-02
 0.52000E+02, 0.27000E+02, 0.34146E+02, 0.11633E+01, 0.10677E-02
 0.53000E+02, 0.27000E+02, 0.31660E+02, 0.14467E+01, 0.85161E-03
 0.54000E+02, 0.27000E+02, 0.29839E+02, 0.17775E+01, 0.68897E-03
 0.55000E+02, 0.27000E+02, 0.28364E+02, 0.22319E+01, 0.54602E-03
 0.56000E+02, 0.27000E+02, 0.24989E+02, 0.50928E+01, 0.23662E-03
 0.57000E+02, 0.27000E+02, 0.26163E+02, 0.35100E+01, 0.34466E-03
 0.58000E+02, 0.27000E+02, 0.37312E+02, 0.88490E+00, 0.14181E-02
 0.59000E+02, 0.27000E+02, 0.22000E+02, 0.30000E+02, 0.00000E+00
 0.60000E+02, 0.27000E+02, 0.16304E+03, 0.13978E+00, 0.12612E-01
 0.61000E+02, 0.27000E+02, 0.18276E+03, 0.13671E+00, 0.13479E-01
 0.62000E+02, 0.27000E+02, 0.18986E+03, 0.13495E+00, 0.13868E-01
 0.63000E+02, 0.27000E+02, 0.19052E+03, 0.13259E+00, 0.14134E-01
 0.64000E+02, 0.27000E+02, 0.18305E+03, 0.13920E+00, 0.13246E-01
 0.65000E+02, 0.27000E+02, 0.18147E+03, 0.13804E+00, 0.13311E-01
 0.00000E+00, 0.28000E+02, 0.44759E+03, 0.23135E+00, 0.12592E-01
 0.10000E+01, 0.28000E+02, 0.46522E+03, 0.23611E+00, 0.12640E-01
 0.20000E+01, 0.28000E+02, 0.42802E+03, 0.22969E+00, 0.12339E-01
 0.30000E+01, 0.28000E+02, 0.41739E+03, 0.20333E+00, 0.13726E-01
 0.40000E+01, 0.28000E+02, 0.40378E+03, 0.20086E+00, 0.13622E-01
 0.50000E+01, 0.28000E+02, 0.39339E+03, 0.19814E+00, 0.13597E-01
 0.60000E+01, 0.28000E+02, 0.36772E+03, 0.18577E+00, 0.13944E-01
 0.70000E+01, 0.28000E+02, 0.32800E+03, 0.17802E+00, 0.13648E-01
 0.80000E+01, 0.28000E+02, 0.22000E+02, 0.30000E+02, 0.00000E+00
 0.90000E+01, 0.28000E+02, 0.56497E+03, 0.17586E+00, 0.19262E-01
 0.10000E+02, 0.28000E+02, 0.52571E+03, 0.18876E+00, 0.17106E-01
 0.11000E+02, 0.28000E+02, 0.52344E+03, 0.18333E+00, 0.17562E-01
 0.12000E+02, 0.28000E+02, 0.56633E+03, 0.19791E+00, 0.17144E-01
 0.13000E+02, 0.28000E+02, 0.54321E+03, 0.19974E+00, 0.16519E-01
 0.14000E+02, 0.28000E+02, 0.54104E+03, 0.20997E+00, 0.15673E-01
 0.15000E+02, 0.28000E+02, 0.54329E+03, 0.18408E+00, 0.17927E-01
 0.16000E+02, 0.28000E+02, 0.53912E+03, 0.17753E+00, 0.18493E-01
 0.17000E+02, 0.28000E+02, 0.59588E+03, 0.18416E+00, 0.19073E-01
 0.18000E+02, 0.28000E+02, 0.55961E+03, 0.15789E+00, 0.21318E-01
 0.19000E+02, 0.28000E+02, 0.44698E+03, 0.13446E+00, 0.21647E-01
 0.20000E+02, 0.28000E+02, 0.41980E+03, 0.13011E+00, 0.21526E-01
 0.21000E+02, 0.28000E+02, 0.41666E+03, 0.13328E+00, 0.20919E-01
 0.22000E+02, 0.28000E+02, 0.39476E+03, 0.11870E+00, 0.22744E-01
 0.23000E+02, 0.28000E+02, 0.39350E+03, 0.11372E+00, 0.23695E-01
 0.24000E+02, 0.28000E+02, 0.39357E+03, 0.10928E+00, 0.24661E-01
 0.25000E+02, 0.28000E+02, 0.39484E+03, 0.10691E+00, 0.25255E-01
 0.26000E+02, 0.28000E+02, 0.38984E+03, 0.10471E+00, 0.25592E-01
 0.27000E+02, 0.28000E+02, 0.37662E+03, 0.10025E+00, 0.26196E-01
 0.28000E+02, 0.28000E+02, 0.36326E+03, 0.98124E-01, 0.26214E-01
 0.29000E+02, 0.28000E+02, 0.33063E+03, 0.90554E-01, 0.26949E-01
 0.30000E+02, 0.28000E+02, 0.47798E+02, 0.13849E+01, 0.93665E-03
 0.31000E+02, 0.28000E+02, 0.52556E+02, 0.12140E+01, 0.10844E-02
 0.32000E+02, 0.28000E+02, 0.45104E+02, 0.15546E+01, 0.82742E-03
 0.33000E+02, 0.28000E+02, 0.52884E+02, 0.11982E+01, 0.10998E-02
 0.34000E+02, 0.28000E+02, 0.52805E+02, 0.12423E+01, 0.10605E-02
 0.35000E+02, 0.28000E+02, 0.53137E+02, 0.12239E+01, 0.10775E-02
 0.36000E+02, 0.28000E+02, 0.57547E+02, 0.11299E+01, 0.11829E-02
 0.37000E+02, 0.28000E+02, 0.55272E+02, 0.11261E+01, 0.11788E-02
 0.38000E+02, 0.28000E+02, 0.55908E+02, 0.10896E+01, 0.12207E-02
 0.39000E+02, 0.28000E+02, 0.57213E+02, 0.10483E+01, 0.12737E-02
 0.40000E+02, 0.28000E+02, 0.55802E+02, 0.10714E+01, 0.12410E-02
 0.41000E+02, 0.28000E+02, 0.54540E+02, 0.10755E+01, 0.12314E-02
 0.42000E+02, 0.28000E+02, 0.53657E+02, 0.10617E+01, 0.12441E-02
 0.43000E+02, 0.28000E+02, 0.47919E+02, 0.11769E+01, 0.11026E-02
 0.44000E+02, 0.28000E+02, 0.43201E+02, 0.12931E+01, 0.98882E-03
 0.45000E+02, 0.28000E+02, 0.37443E+02, 0.16142E+01, 0.77769E-03
 0.46000E+02, 0.28000E+02, 0.33460E+02, 0.19869E+01, 0.62371E-03
 0.47000E+02, 0.28000E+02, 0.32848E+02, 0.20339E+01, 0.60808E-03
 0.48000E+02, 0.28000E+02, 0.48428E+02, 0.54351E+00, 0.23914E-02
 0.49000E+02, 0.28000E+02, 0.44678E+02, 0.64987E+00, 0.19767E-02
 0.50000E+02, 0.28000E+02, 0.41862E+02, 0.76543E+00, 0.16634E-02
 0.51000E+02, 0.28000E+02, 0.44540E+02, 0.67359E+00, 0.19063E-02
 0.52000E+02, 0.28000E+02, 0.34804E+02, 0.11702E+01, 0.10636E-02
 0.53000E+02, 0.28000E+02, 0.30431E+02, 0.17756E+01, 0.69105E-03
 0.54000E+02, 0.28000E+02, 0.29714E+02, 0.18992E+01, 0.64454E-03
 0.55000E+02, 0.28000E+02, 0.31593E+02, 0.15037E+01, 0.81913E-03
 0.56000E+02, 0.28000E+02, 0.33443E+02, 0.12713E+01, 0.97472E-03
 0.57000E+02, 0.28000E+02, 0.31828E+02, 0.14713E+01, 0.83780E-03
 0.58000E+02, 0.28000E+02, 0.33647E+02, 0.12031E+01, 0.10307E-02
 0.59000E+02, 0.28000E+02, 0.22000E+02, 0.30000E+02, 0.00000E+00
 0.60000E+02, 0.28000E+02, 0.16962E+03, 0.14355E+00, 0.12467E-01
 0.61000E+02, 0.28000E+02, 0.16892E+03, 0.14795E+00, 0.12077E-01
 0.62000E+02, 0.28000E+02, 0.17916E+03, 0.14324E+00, 0.12763E-01
 0.63000E+02, 0.28000E+02, 0.17314E+03, 0.14696E+00, 0.12274E-01
 0.64000E+02, 0.28000E+02, 0.16241E+03, 0.15184E+00, 0.11594E-01
 0.65000E+02, 0.28000E+02, 0.16743E+03, 0.14289E+00, 0.12462E-01
 0.00000E+00, 0.29000E+02, 0.22000E+02, 0.30000E+02, 0.00000E+00
 0.10000E+01, 0.29000E+02, 0.22000E+02, 0.30000E+02, 0.00000E+00
 0.20000E+01, 0.29000E+02, 0.22000E+02, 0.30000E+02, 0.00000E+00
 0.30000E+01, 0.29000E+02, 0.22000E+02, 0.30000E+02, 0.00000E+00
 0.40000E+01, 0.29000E+02, 0.22000E+02, 0.30000E+02, 0.00000E+00
 0.50000E+01, 0.29000E+02, 0.22000E+02, 0.30000E+02, 0.00000E+00
 0.60000E+01, 0.29000E+02, 0.22000E+02, 0.30000E+02, 0.00000E+00
 0.70000E+01, 0.29000E+02, 0.22000E+02, 0.30000E+02, 0.00000E+00
 0.80000E+01, 0.29000E+02, 0.22000E+02, 0.30000E+02, 0.00000E+00
 0.90000E+01, 0.29000E+02, 0.48441E+03, 0.16909E+00, 0.18108E-01
 0.10000E+02, 0.29000E+02, 0.46364E+03, 0.19663E+00, 0.15145E-01
 0.11000E+02, 0.29000E+02, 0.47838E+03, 0.17295E+00, 0.17563E-01
 0.12000E+02, 0.29000E+02, 0.53764E+03, 0.17381E+00, 0.18854E-01
 0.13000E+02, 0.29000E+02, 0.53931E+03, 0.17762E+00, 0.18488E-01
 0.14000E+02, 0.29000E+02, 0.52140E+03, 0.19181E+00, 0.16742E-01
 0.15000E+02, 0.29000E+02, 0.52227E+03, 0.17794E+00, 0.18068E-01
 0.16000E+02, 0.29000E+02, 0.51436E+03, 0.17608E+00, 0.18077E-01
 0.17000E+02, 0.29000E+02, 0.52513E+03, 0.15710E+00, 0.20538E-01
 0.18000E+02, 0.29000E+02, 0.52656E+03, 0.14301E+00, 0.22602E-01
 0.19000E+02, 0.29000E+02, 0.45435E+03, 0.12506E+00, 0.23513E-01
 0.20000E+02, 0.29000E+02, 0.40999E+03, 0.11394E+00, 0.24233E-01
 0.21000E+02, 0.29000E+02, 0.38568E+03, 0.10935E+00, 0.24352E-01
 0.22000E+02, 0.29000E+02, 0.38117E+03, 0.10683E+00, 0.24756E-01
 0.23000E+02, 0.29000E+02, 0.38043E+03, 0.10637E+00, 0.24834E-01
 0.24000E+02, 0.29000E+02, 0.38561E+03, 0.10443E+00, 0.25496E-01
 0.25000E+02, 0.29000E+02, 0.37383E+03, 0.97276E-01, 0.26882E-01
 0.26000E+02, 0.29000E+02, 0.36572E+03, 0.94441E-01, 0.27342E-01
 0.27000E+02, 0.29000E+02, 0.36453E+03, 0.95673E-01, 0.26940E-01
 0.28000E+02, 0.29000E+02, 0.35097E+03, 0.94491E-01, 0.26697E-01
 0.29000E+02, 0.29000E+02, 0.35124E+03, 0.94250E-01, 0.26777E-01
 0.30000E+02, 0.29000E+02, 0.49866E+02, 0.13297E+01, 0.98189E-03
 0.31000E+02, 0.29000E+02, 0.51323E+02, 0.12802E+01, 0.10244E-02
 0.32000E+02, 0.29000E+02, 0.51115E+02, 0.13133E+01, 0.99799E-03
 0.33000E+02, 0.29000E+02, 0.53293E+02, 0.12405E+01, 0.10637E-02
 0.34000E+02, 0.29000E+02, 0.53445E+02, 0.12237E+01, 0.10787E-02
 0.35000E+02, 0.29000E+02, 0.55709E+02, 0.11746E+01, 0.11316E-02
 0.36000E+02, 0.29000E+02, 0.57437E+02, 0.10996E+01, 0.12151E-02
 0.37000E+02, 0.29000E+02, 0.62076E+02, 0.93971E+00, 0.14419E-02
 0.38000E+02, 0.29000E+02, 0.58737E+02, 0.97350E+00, 0.13779E-02
 0.39000E+02, 0.29000E+02, 0.53814E+02, 0.11136E+01, 0.11867E-02
 0.40000E+02, 0.29000E+02, 0.51935E+02, 0.11318E+01, 0.11609E-02
 0.41000E+02, 0.29000E+02, 0.49452E+02, 0.11451E+01, 0.11386E-02
 0.42000E+02, 0.29000E+02, 0.47040E+02, 0.12352E+01, 0.10477E-02
 0.43000E+02, 0.29000E+02, 0.42763E+02, 0.13644E+01, 0.93585E-03
 0.44000E+02, 0.29000E+02, 0.40351E+02, 0.14418E+01, 0.87886E-03
 0.45000E+02, 0.29000E+02, 0.32640E+02, 0.20623E+01, 0.59931E-03
 0.46000E+02, 0.29000E+02, 0.32265E+02, 0.21206E+01, 0.58213E-03
 0.47000E+02, 0.29000E+02, 0.35993E+02, 0.17177E+01, 0.72744E-03
 0.48000E+02, 0.29000E+02, 0.48279E+02, 0.57135E+00, 0.22738E-02
 0.49000E+02, 0.29000E+02, 0.42200E+02, 0.76372E+00, 0.16689E-02
 0.50000E+02, 0.29000E+02, 0.43292E+02, 0.73034E+00, 0.17512E-02
 0.51000E+02, 0.29000E+02, 0.43126E+02, 0.74328E+00, 0.17198E-02
 0.52000E+02, 0.29000E+02, 0.35697E+02, 0.11257E+01, 0.11089E-02
 0.53000E+02, 0.29000E+02, 0.34985E+02, 0.11723E+01, 0.10624E-02
 0.54000E+02, 0.29000E+02, 0.32207E+02, 0.14628E+01, 0.84372E-03
 0.55000E+02, 0.29000E+02, 0.33350E+02, 0.13268E+01, 0.93369E-03
 0.56000E+02, 0.29000E+02, 0.39217E+02, 0.88414E+00, 0.14280E-02
 0.57000E+02, 0.29000E+02, 0.38826E+02, 0.89726E+00, 0.14053E-02
 0.58000E+02, 0.29000E+02, 0.74967E+02, 0.30032E+00, 0.46851E-02
 0.59000E+02, 0.29000E+02, 0.22000E+02, 0.30000E+02, 0.00000E+00
 0.60000E+02, 0.29000E+02, 0.17056E+03, 0.14329E+00, 0.12516E-01
 0.61000E+02, 0.29000E+02, 0.18104E+03, 0.14542E+00, 0.12624E-01
 0.62000E+02, 0.29000E+02, 0.17513E+03, 0.14563E+00, 0.12442E-01
 0.63000E+02, 0.29000E+02, 0.15755E+03, 0.15664E+00, 0.11114E-01
 0.64000E+02, 0.29000E+02, 0.15879E+03, 0.15343E+00, 0.11379E-01
 0.65000E+02, 0.29000E+02, 0.15392E+03, 0.15457E+00, 0.11168E-01
 0.00000E+00, 0.30000E+02, 0.81890E+03, 0.27152E+00, 0.16256E-01
 0.10000E+01, 0.30000E+02, 0.44617E+03, 0.20376E+00, 0.14268E-01
 0.20000E+01, 0.30000E+02, 0.42502E+03, 0.20814E+00, 0.13557E-01
 0.30000E+01, 0.30000E+02, 0.43749E+03, 0.18548E+00, 0.15485E-01
 0.40000E+01, 0.30000E+02, 0.38842E+03, 0.16773E+00, 0.15942E-01
 0.50000E+01, 0.30000E+02, 0.41253E+03, 0.16399E+00, 0.16900E-01
 0.60000E+01, 0.30000E+02, 0.28641E+03, 0.14730E+00, 0.15353E-01
 0.70000E+01, 0.30000E+02, 0.28588E+03, 0.14561E+00, 0.15518E-01
 0.80000E+01, 0.30000E+02, 0.46079E+03, 0.16108E+00, 0.18416E-01
 0.90000E+01, 0.30000E+02, 0.45577E+03, 0.19105E+00, 0.15421E-01
 0.10000E+02, 0.30000E+02, 0.42309E+03, 0.19988E+00, 0.14079E-01
 0.11000E+02, 0.30000E+02, 0.44224E+03, 0.22040E+00, 0.13119E-01
 0.12000E+02, 0.30000E+02, 0.44708E+03, 0.22887E+00, 0.12719E-01
 0.13000E+02, 0.30000E+02, 0.50138E+03, 0.19682E+00, 0.15905E-01
 0.14000E+02, 0.30000E+02, 0.51779E+03, 0.18270E+00, 0.17498E-01
 0.15000E+02, 0.30000E+02, 0.51519E+03, 0.18045E+00, 0.17658E-01
 0.16000E+02, 0.30000E+02, 0.48976E+03, 0.18118E+00, 0.17019E-01
 0.17000E+02, 0.30000E+02, 0.50030E+03, 0.15097E+00, 0.20706E-01
 0.18000E+02, 0.30000E+02, 0.48979E+03, 0.12898E+00, 0.23909E-01
 0.19000E+02, 0.30000E+02, 0.49553E+03, 0.12973E+00, 0.23949E-01
 0.20000E+02, 0.30000E+02, 0.45810E+03, 0.11863E+00, 0.24915E-01
 0.21000E+02, 0.30000E+02, 0.36504E+03, 0.10230E+00, 0.25215E-01
 0.22000E+02, 0.30000E+02, 0.36788E+03, 0.99452E-01, 0.26052E-01
 0.23000E+02, 0.30000E+02, 0.36421E+03, 0.97878E-01, 0.26320E-01
 0.24000E+02, 0.30000E+02, 0.36653E+03, 0.96531E-01, 0.26784E-01
 0.25000E+02, 0.30000E+02, 0.36460E+03, 0.99519E-01, 0.25901E-01
 0.26000E+02, 0.30000E+02, 0.36924E+03, 0.99507E-01, 0.26093E-01
 0.27000E+02, 0.30000E+02, 0.37875E+03, 0.95609E-01, 0.27559E-01
 0.28000E+02, 0.30000E+02, 0.37443E+03, 0.94499E-01, 0.27698E-01
 0.29000E+02, 0.30000E+02, 0.37124E+03, 0.95009E-01, 0.27413E-01
 0.30000E+02, 0.30000E+02, 0.51263E+02, 0.12975E+01, 0.10106E-02
 0.31000E+02, 0.30000E+02, 0.50072E+02, 0.13518E+01, 0.96642E-03
 0.32000E+02, 0.30000E+02, 0.50915E+02, 0.13215E+01, 0.99119E-03
 0.33000E+02, 0.30000E+02, 0.50784E+02, 0.13184E+01, 0.99308E-03
 0.34000E+02, 0.30000E+02, 0.48276E+02, 0.13575E+01, 0.95703E-03
 0.35000E+02, 0.30000E+02, 0.54897E+02, 0.11599E+01, 0.11431E-02
 0.36000E+02, 0.30000E+02, 0.72069E+02, 0.80279E+00, 0.17381E-02
 0.37000E+02, 0.30000E+02, 0.63121E+02, 0.91011E+00, 0.14934E-02
 0.38000E+02, 0.30000E+02, 0.47407E+02, 0.13029E+01, 0.99439E-03
 0.39000E+02, 0.30000E+02, 0.43081E+02, 0.14679E+01, 0.87074E-03
 0.40000E+02, 0.30000E+02, 0.45618E+02, 0.13550E+01, 0.95084E-03
 0.41000E+02, 0.30000E+02, 0.47585E+02, 0.12310E+01, 0.10531E-02
 0.42000E+02, 0.30000E+02, 0.44204E+02, 0.13469E+01, 0.95235E-03
 0.43000E+02, 0.30000E+02, 0.41783E+02, 0.13971E+01, 0.91112E-03
 0.44000E+02, 0.30000E+02, 0.36272E+02, 0.16754E+01, 0.74646E-03
 0.45000E+02, 0.30000E+02, 0.30974E+02, 0.23825E+01, 0.51594E-03
 0.46000E+02, 0.30000E+02, 0.33061E+02, 0.20696E+01, 0.59801E-03
 0.47000E+02, 0.30000E+02, 0.39947E+02, 0.14372E+01, 0.88049E-03
 0.48000E+02, 0.30000E+02, 0.49214E+02, 0.56716E+00, 0.22973E-02
 0.49000E+02, 0.30000E+02, 0.46829E+02, 0.63274E+00, 0.20440E-02
 0.50000E+02, 0.30000E+02, 0.44332E+02, 0.70091E+00, 0.18308E-02
 0.51000E+02, 0.30000E+02, 0.43659E+02, 0.72105E+00, 0.17759E-02
 0.52000E+02, 0.30000E+02, 0.40866E+02, 0.82922E+00, 0.15306E-02
 0.53000E+02, 0.30000E+02, 0.36148E+02, 0.11085E+01, 0.11278E-02
 0.54000E+02, 0.30000E+02, 0.37012E+02, 0.10306E+01, 0.12164E-02
 0.55000E+02, 0.30000E+02, 0.41825E+02, 0.79477E+00, 0.16018E-02
 0.56000E+02, 0.30000E+02, 0.46237E+02, 0.64604E+00, 0.19982E-02
 0.57000E+02, 0.30000E+02, 0.51524E+02, 0.53499E+00, 0.24529E-02
 0.58000E+02, 0.30000E+02, 0.57955E+02, 0.43187E+00, 0.30987E-02
 0.59000E+02, 0.30000E+02, 0.22000E+02, 0.30000E+02, 0.00000E+00
 0.60000E+02, 0.30000E+02, 0.17489E+03, 0.14401E+00, 0.12575E-01
 0.61000E+02, 0.30000E+02, 0.18676E+03, 0.14683E+00, 0.12660E-01
 0.62000E+02, 0.30000E+02, 0.16550E+03, 0.15262E+00, 0.11617E-01
 0.63000E+02, 0.30000E+02, 0.15301E+03, 0.15957E+00, 0.10794E-01
 0.64000E+02, 0.30000E+02, 0.14544E+03, 0.16528E+00, 0.10236E-01
 0.65000E+02, 0.30000E+02, 0.15495E+03, 0.15885E+00, 0.10893E-01
 0.00000E+00, 0.31000E+02, 0.47994E+03, 0.35724E+00, 0.85206E-02
 0.10000E+01, 0.31000E+02, 0.55456E+03, 0.22866E+00, 0.14631E-01
 0.20000E+01, 0.31000E+02, 0.44616E+03, 0.21817E+00, 0.13326E-01
 0.30000E+01, 0.31000E+02, 0.45664E+03, 0.18983E+00, 0.15538E-01
 0.40000E+01, 0.31000E+02, 0.44674E+03, 0.18840E+00, 0.15444E-01
 0.50000E+01, 0.31000E+02, 0.46820E+03, 0.17184E+00, 0.17437E-01
 0.60000E+01, 0.31000E+02, 0.29264E+03, 0.14228E+00, 0.16073E-01
 0.70000E+01, 0.31000E+02, 0.29067E+03, 0.14437E+00, 0.15785E-01
 0.80000E+01, 0.31000E+02, 0.45168E+03, 0.15473E+00, 0.18934E-01
 0.90000E+01, 0.31000E+02, 0.48720E+03, 0.18676E+00, 0.16456E-01
 0.10000E+02, 0.31000E+02, 0.44381E+03, 0.23420E+00, 0.12373E-01
 0.11000E+02, 0.31000E+02, 0.43048E+03, 0.23687E+00, 0.12006E-01
 0.12000E+02, 0.31000E+02, 0.45003E+03, 0.23189E+00, 0.12605E-01
 0.13000E+02, 0.31000E+02, 0.49918E+03, 0.22153E+00, 0.14091E-01
 0.14000E+02, 0.31000E+02, 0.51363E+03, 0.18820E+00, 0.16897E-01
 0.15000E+02, 0.31000E+02, 0.48469E+03, 0.18326E+00, 0.16714E-01
 0.16000E+02, 0.31000E+02, 0.50731E+03, 0.18172E+00, 0.17359E-01
 0.17000E+02, 0.31000E+02, 0.48861E+03, 0.16340E+00, 0.18843E-01
 0.18000E+02, 0.31000E+02, 0.46899E+03, 0.13159E+00, 0.22795E-01
 0.19000E+02, 0.31000E+02, 0.54035E+03, 0.13765E+00, 0.23888E-01
 0.20000E+02, 0.31000E+02, 0.50413E+03, 0.12787E+00, 0.24568E-01
 0.21000E+02, 0.31000E+02, 0.40660E+03, 0.10835E+00, 0.25357E-01
 0.22000E+02, 0.31000E+02, 0.38998E+03, 0.10090E+00, 0.26564E-01
 0.23000E+02, 0.31000E+02, 0.38809E+03, 0.98645E-01, 0.27093E-01
 0.24000E+02, 0.31000E+02, 0.39249E+03, 0.99030E-01, 0.27168E-01
 0.25000E+02, 0.31000E+02, 0.40829E+03, 0.10107E+00, 0.27250E-01
 0.26000E+02, 0.31000E+02, 0.39935E+03, 0.10178E+00, 0.26707E-01
 0.27000E+02, 0.31000E+02, 0.37781E+03, 0.10369E+00, 0.25373E-01
 0.28000E+02, 0.31000E+02, 0.39142E+03, 0.98636E-01, 0.27232E-01
 0.29000E+02, 0.31000E+02, 0.38671E+03, 0.97120E-01, 0.27461E-01
 0.30000E+02, 0.31000E+02, 0.49607E+02, 0.13436E+01, 0.97093E-03
 0.31000E+02, 0.31000E+02, 0.47344E+02, 0.14185E+01, 0.91318E-03
 0.32000E+02, 0.31000E+02, 0.45761E+02, 0.14811E+01, 0.87026E-03
 0.33000E+02, 0.31000E+02, 0.43948E+02, 0.14877E+01, 0.86148E-03
 0.34000E+02, 0.31000E+02, 0.43599E+02, 0.15414E+01, 0.83056E-03
 0.35000E+02, 0.31000E+02, 0.50753E+02, 0.13046E+01, 0.10035E-02
 0.36000E+02, 0.31000E+02, 0.69470E+02, 0.84432E+00, 0.16401E-02
 0.37000E+02, 0.31000E+02, 0.45177E+02, 0.14527E+01, 0.88570E-03
 0.38000E+02, 0.31000E+02, 0.33822E+02, 0.23018E+01, 0.53903E-03
 0.39000E+02, 0.31000E+02, 0.36067E+02, 0.20652E+01, 0.60517E-03
 0.40000E+02, 0.31000E+02, 0.40533E+02, 0.16510E+01, 0.76791E-03
 0.41000E+02, 0.31000E+02, 0.41781E+02, 0.14811E+01, 0.85945E-03
 0.42000E+02, 0.31000E+02, 0.40828E+02, 0.14711E+01, 0.86268E-03
 0.43000E+02, 0.31000E+02, 0.39258E+02, 0.14756E+01, 0.85575E-03
 0.44000E+02, 0.31000E+02, 0.32750E+02, 0.20976E+01, 0.58942E-03
 0.45000E+02, 0.31000E+02, 0.30206E+02, 0.26679E+01, 0.45958E-03
 0.46000E+02, 0.31000E+02, 0.35194E+02, 0.18393E+01, 0.67756E-03
 0.47000E+02, 0.31000E+02, 0.41789E+02, 0.13242E+01, 0.96128E-03
 0.48000E+02, 0.31000E+02, 0.51477E+02, 0.51245E+00, 0.25604E-02
 0.49000E+02, 0.31000E+02, 0.43918E+02, 0.70823E+00, 0.18095E-02
 0.50000E+02, 0.31000E+02, 0.48339E+02, 0.59734E+00, 0.21753E-02
 0.51000E+02, 0.31000E+02, 0.43118E+02, 0.74651E+00, 0.17124E-02
 0.52000E+02, 0.31000E+02, 0.39149E+02, 0.91442E+00, 0.13804E-02
 0.53000E+02, 0.31000E+02, 0.35625E+02, 0.11491E+01, 0.10861E-02
 0.54000E+02, 0.31000E+02, 0.32384E+02, 0.15094E+01, 0.81814E-03
 0.55000E+02, 0.31000E+02, 0.39317E+02, 0.92672E+00, 0.13628E-02
 0.56000E+02, 0.31000E+02, 0.39123E+02, 0.94246E+00, 0.13392E-02
 0.57000E+02, 0.31000E+02, 0.50373E+02, 0.55284E+00, 0.23653E-02
 0.58000E+02, 0.31000E+02, 0.89071E+02, 0.24653E+00, 0.59387E-02
 0.59000E+02, 0.31000E+02, 0.22000E+02, 0.30000E+02, 0.00000E+00
 0.60000E+02, 0.31000E+02, 0.17930E+03, 0.14131E+00, 0.12941E-01
 0.61000E+02, 0.31000E+02, 0.18814E+03, 0.14816E+00, 0.12584E-01
 0.62000E+02, 0.31000E+02, 0.15351E+03, 0.16212E+00, 0.10637E-01
 0.63000E+02, 0.31000E+02, 0.15176E+03, 0.16199E+00, 0.10602E-01
 0.64000E+02, 0.31000E+02, 0.19379E+03, 0.13269E+00, 0.14223E-01
 0.65000E+02, 0.31000E+02, 0.21896E+03, 0.11893E+00, 0.16725E-01
 0.00000E+00, 0.32000E+02, 0.27051E+03, 0.53623E+00, 0.40978E-02
 0.10000E+01, 0.32000E+02, 0.78062E+03, 0.22130E+00, 0.19246E-01
 0.20000E+01, 0.32000E+02, 0.48434E+03, 0.22551E+00, 0.13577E-01
 0.30000E+01, 0.32000E+02, 0.47436E+03, 0.21915E+00, 0.13786E-01
 0.40000E+01, 0.32000E+02, 0.50890E+03, 0.19573E+00, 0.16149E-01
 0.50000E+01, 0.32000E+02, 0.51908E+03, 0.17203E+00, 0.18613E-01
 0.60000E+01, 0.32000E+02, 0.28540E+03, 0.13618E+00, 0.16578E-01
 0.70000E+01, 0.32000E+02, 0.29523E+03, 0.14748E+00, 0.15577E-01
 0.80000E+01, 0.32000E+02, 0.45308E+03, 0.16046E+00, 0.18293E-01
 0.90000E+01, 0.32000E+02, 0.46522E+03, 0.18619E+00, 0.16029E-01
 0.10000E+02, 0.32000E+02, 0.44052E+03, 0.24055E+00, 0.11992E-01
 0.11000E+02, 0.32000E+02, 0.44398E+03, 0.27176E+00, 0.10666E-01
 0.12000E+02, 0.32000E+02, 0.47263E+03, 0.21459E+00, 0.14047E-01
 0.13000E+02, 0.32000E+02, 0.49641E+03, 0.21855E+00, 0.14232E-01
 0.14000E+02, 0.32000E+02, 0.51900E+03, 0.21004E+00, 0.15243E-01
 0.15000E+02, 0.32000E+02, 0.51807E+03, 0.19476E+00, 0.16420E-01
 0.16000E+02, 0.32000E+02, 0.57555E+03, 0.19108E+00, 0.17952E-01
 0.17000E+02, 0.32000E+02, 0.58863E+03, 0.17031E+00, 0.20452E-01
 0.18000E+02, 0.32000E+02, 0.45832E+03, 0.14139E+00, 0.20910E-01
 0.19000E+02, 0.32000E+02, 0.75317E+03, 0.14104E+00, 0.29412E-01
 0.20000E+02, 0.32000E+02, 0.52851E+03, 0.13097E+00, 0.24739E-01
 0.21000E+02, 0.32000E+02, 0.52028E+03, 0.12734E+00, 0.25184E-01
 0.22000E+02, 0.32000E+02, 0.46097E+03, 0.11664E+00, 0.25440E-01
 0.23000E+02, 0.32000E+02, 0.41808E+03, 0.10760E+00, 0.25965E-01
 0.24000E+02, 0.32000E+02, 0.41418E+03, 0.10838E+00, 0.25631E-01
 0.25000E+02, 0.32000E+02, 0.43337E+03, 0.10885E+00, 0.26235E-01
 0.26000E+02, 0.32000E+02, 0.43376E+03, 0.10711E+00, 0.26676E-01
 0.27000E+02, 0.32000E+02, 0.37957E+03, 0.10704E+00, 0.24647E-01
 0.28000E+02, 0.32000E+02, 0.39613E+03, 0.10318E+00, 0.26217E-01
 0.29000E+02, 0.32000E+02, 0.39966E+03, 0.10299E+00, 0.26403E-01
 0.30000E+02, 0.32000E+02, 0.44182E+02, 0.15103E+01, 0.84925E-03
 0.31000E+02, 0.32000E+02, 0.40550E+02, 0.16520E+01, 0.76751E-03
 0.32000E+02, 0.32000E+02, 0.40307E+02, 0.16683E+01, 0.75941E-03
 0.33000E+02, 0.32000E+02, 0.38202E+02, 0.18710E+01, 0.67259E-03
 0.34000E+02, 0.32000E+02, 0.41120E+02, 0.18045E+01, 0.70391E-03
 0.35000E+02, 0.32000E+02, 0.56358E+02, 0.11045E+01, 0.12058E-02
 0.36000E+02, 0.32000E+02, 0.63515E+02, 0.91126E+00, 0.14933E-02
 0.37000E+02, 0.32000E+02, 0.38493E+02, 0.19872E+01, 0.63385E-03
 0.38000E+02, 0.32000E+02, 0.34307E+02, 0.23397E+01, 0.53112E-03
 0.39000E+02, 0.32000E+02, 0.31177E+02, 0.29162E+01, 0.42179E-03
 0.40000E+02, 0.32000E+02, 0.35787E+02, 0.21227E+01, 0.58825E-03
 0.41000E+02, 0.32000E+02, 0.37276E+02, 0.17263E+01, 0.72682E-03
 0.42000E+02, 0.32000E+02, 0.37940E+02, 0.15766E+01, 0.79753E-03
 0.43000E+02, 0.32000E+02, 0.34056E+02, 0.19418E+01, 0.63944E-03
 0.44000E+02, 0.32000E+02, 0.30564E+02, 0.26468E+01, 0.46379E-03
 0.45000E+02, 0.32000E+02, 0.33112E+02, 0.20498E+01, 0.60388E-03
 0.46000E+02, 0.32000E+02, 0.37826E+02, 0.15123E+01, 0.83111E-03
 0.47000E+02, 0.32000E+02, 0.43526E+02, 0.12095E+01, 0.10583E-02
 0.48000E+02, 0.32000E+02, 0.52647E+02, 0.50947E+00, 0.25847E-02
 0.49000E+02, 0.32000E+02, 0.46665E+02, 0.63466E+00, 0.20367E-02
 0.50000E+02, 0.32000E+02, 0.41769E+02, 0.76194E+00, 0.16705E-02
 0.51000E+02, 0.32000E+02, 0.41331E+02, 0.79323E+00, 0.16024E-02
 0.52000E+02, 0.32000E+02, 0.43939E+02, 0.72183E+00, 0.17755E-02
 0.53000E+02, 0.32000E+02, 0.37391E+02, 0.10238E+01, 0.12260E-02
 0.54000E+02, 0.32000E+02, 0.33171E+02, 0.14514E+01, 0.85301E-03
 0.55000E+02, 0.32000E+02, 0.34931E+02, 0.12791E+01, 0.97348E-03
 0.56000E+02, 0.32000E+02, 0.32246E+02, 0.16438E+01, 0.75092E-03
 0.57000E+02, 0.32000E+02, 0.42802E+02, 0.73777E+00, 0.17309E-02
 0.58000E+02, 0.32000E+02, 0.67727E+02, 0.34175E+00, 0.40315E-02
 0.59000E+02, 0.32000E+02, 0.22000E+02, 0.30000E+02, 0.00000E+00
 0.60000E+02, 0.32000E+02, 0.17526E+03, 0.14887E+00, 0.12174E-01
 0.61000E+02, 0.32000E+02, 0.18680E+03, 0.15410E+00, 0.12063E-01
 0.62000E+02, 0.32000E+02, 0.17156E+03, 0.15861E+00, 0.11332E-01
 0.63000E+02, 0.32000E+02, 0.16630E+03, 0.15430E+00, 0.11511E-01
 0.64000E+02, 0.32000E+02, 0.20480E+03, 0.13269E+00, 0.14558E-01
 0.65000E+02, 0.32000E+02, 0.22964E+03, 0.11868E+00, 0.17123E-01
 0.00000E+00, 0.33000E+02, 0.35844E+03, 0.44534E+00, 0.57322E-02
 0.10000E+01, 0.33000E+02, 0.78613E+03, 0.22253E+00, 0.19240E-01
 0.20000E+01, 0.33000E+02, 0.50076E+03, 0.23603E+00, 0.13253E-01
 0.30000E+01, 0.33000E+02, 0.51027E+03, 0.22093E+00, 0.14332E-01
 0.40000E+01, 0.33000E+02, 0.55441E+03, 0.19626E+00, 0.17043E-01
 0.50000E+01, 0.33000E+02, 0.55762E+03, 0.16894E+00, 0.19875E-01
 0.60000E+01, 0.33000E+02, 0.28126E+03, 0.13345E+00, 0.16791E-01
 0.70000E+01, 0.33000E+02, 0.28899E+03, 0.14162E+00, 0.16043E-01
 0.80000E+01, 0.33000E+02, 0.46906E+03, 0.16918E+00, 0.17732E-01
 0.90000E+01, 0.33000E+02, 0.44974E+03, 0.25415E+00, 0.11496E-01
 0.10000E+02, 0.33000E+02, 0.46180E+03, 0.30739E+00, 0.96637E-02
 0.11000E+02, 0.33000E+02, 0.45725E+03, 0.30793E+00, 0.95872E-02
 0.12000E+02, 0.33000E+02, 0.44853E+03, 0.28529E+00, 0.10224E-01
 0.13000E+02, 0.33000E+02, 0.47561E+03, 0.26733E+00, 0.11321E-01
 0.14000E+02, 0.33000E+02, 0.50962E+03, 0.29342E+00, 0.10783E-01
 0.15000E+02, 0.33000E+02, 0.54892E+03, 0.24477E+00, 0.13574E-01
 0.16000E+02, 0.33000E+02, 0.57908E+03, 0.21940E+00, 0.15700E-01
 0.17000E+02, 0.33000E+02, 0.62816E+03, 0.17217E+00, 0.21159E-01
 0.18000E+02, 0.33000E+02, 0.57304E+03, 0.15619E+00, 0.21898E-01
 0.19000E+02, 0.33000E+02, 0.72175E+03, 0.14599E+00, 0.27544E-01
 0.20000E+02, 0.33000E+02, 0.56069E+03, 0.13880E+00, 0.24282E-01
 0.21000E+02, 0.33000E+02, 0.53581E+03, 0.13171E+00, 0.24825E-01
 0.22000E+02, 0.33000E+02, 0.50138E+03, 0.12074E+00, 0.25927E-01
 0.23000E+02, 0.33000E+02, 0.41516E+03, 0.11613E+00, 0.23956E-01
 0.24000E+02, 0.33000E+02, 0.42522E+03, 0.11446E+00, 0.24662E-01
 0.25000E+02, 0.33000E+02, 0.45752E+03, 0.11511E+00, 0.25657E-01
 0.26000E+02, 0.33000E+02, 0.46937E+03, 0.11169E+00, 0.26869E-01
 0.27000E+02, 0.33000E+02, 0.43778E+03, 0.10920E+00, 0.26314E-01
 0.28000E+02, 0.33000E+02, 0.39308E+03, 0.11019E+00, 0.24437E-01
 0.29000E+02, 0.33000E+02, 0.40082E+03, 0.10706E+00, 0.25445E-01
 0.30000E+02, 0.33000E+02, 0.64609E+02, 0.92274E+00, 0.14795E-02
 0.31000E+02, 0.33000E+02, 0.57116E+02, 0.10446E+01, 0.12778E-02
 0.32000E+02, 0.33000E+02, 0.38163E+02, 0.18094E+01, 0.69542E-03
 0.33000E+02, 0.33000E+02, 0.44860E+02, 0.14404E+01, 0.89237E-03
 0.34000E+02, 0.33000E+02, 0.44971E+02, 0.15232E+01, 0.84411E-03
 0.35000E+02, 0.33000E+02, 0.60215E+02, 0.95560E+00, 0.14100E-02
 0.36000E+02, 0.33000E+02, 0.45193E+02, 0.15055E+01, 0.85466E-03
 0.37000E+02, 0.33000E+02, 0.35836E+02, 0.22828E+01, 0.54708E-03
 0.38000E+02, 0.33000E+02, 0.50395E+02, 0.10870E+01, 0.12030E-02
 0.39000E+02, 0.33000E+02, 0.37115E+02, 0.18004E+01, 0.69655E-03
 0.40000E+02, 0.33000E+02, 0.32790E+02, 0.22555E+01, 0.54824E-03
 0.41000E+02, 0.33000E+02, 0.34663E+02, 0.18922E+01, 0.65751E-03
 0.42000E+02, 0.33000E+02, 0.35606E+02, 0.18094E+01, 0.68971E-03
 0.43000E+02, 0.33000E+02, 0.31918E+02, 0.24061E+01, 0.51246E-03
 0.44000E+02, 0.33000E+02, 0.31732E+02, 0.23113E+01, 0.53316E-03
 0.45000E+02, 0.33000E+02, 0.32957E+02, 0.20437E+01, 0.60539E-03
 0.46000E+02, 0.33000E+02, 0.37352E+02, 0.15541E+01, 0.80756E-03
 0.47000E+02, 0.33000E+02, 0.44004E+02, 0.11650E+01, 0.11003E-02
 0.48000E+02, 0.33000E+02, 0.63167E+02, 0.46140E+00, 0.29461E-02
 0.49000E+02, 0.33000E+02, 0.64855E+02, 0.47268E+00, 0.28902E-02
 0.50000E+02, 0.33000E+02, 0.51329E+02, 0.57080E+00, 0.22976E-02
 0.51000E+02, 0.33000E+02, 0.45625E+02, 0.65044E+00, 0.19809E-02
 0.52000E+02, 0.33000E+02, 0.41328E+02, 0.78685E+00, 0.16154E-02
 0.53000E+02, 0.33000E+02, 0.37396E+02, 0.98703E+00, 0.12717E-02
 0.54000E+02, 0.33000E+02, 0.40467E+02, 0.84496E+00, 0.15002E-02
 0.55000E+02, 0.33000E+02, 0.40003E+02, 0.85556E+00, 0.14794E-02
 0.56000E+02, 0.33000E+02, 0.34349E+02, 0.12870E+01, 0.96567E-03
 0.57000E+02, 0.33000E+02, 0.31930E+02, 0.16056E+01, 0.76800E-03
 0.58000E+02, 0.33000E+02, 0.34421E+02, 0.12410E+01, 0.10017E-02
 0.59000E+02, 0.33000E+02, 0.22000E+02, 0.30000E+02, 0.00000E+00
 0.60000E+02, 0.33000E+02, 0.17096E+03, 0.15383E+00, 0.11669E-01
 0.61000E+02, 0.33000E+02, 0.20232E+03, 0.15369E+00, 0.12505E-01
 0.62000E+02, 0.33000E+02, 0.17444E+03, 0.16064E+00, 0.11261E-01
 0.63000E+02, 0.33000E+02, 0.19367E+03, 0.14422E+00, 0.13083E-01
 0.64000E+02, 0.33000E+02, 0.20916E+03, 0.13383E+00, 0.14566E-01
 0.65000E+02, 0.33000E+02, 0.23488E+03, 0.12387E+00, 0.16577E-01
 0.00000E+00, 0.34000E+02, 0.56392E+03, 0.31446E+00, 0.10759E-01
 0.10000E+01, 0.34000E+02, 0.67782E+03, 0.23849E+00, 0.16117E-01
 0.20000E+01, 0.34000E+02, 0.59895E+03, 0.24167E+00, 0.14586E-01
 0.30000E+01, 0.34000E+02, 0.60610E+03, 0.21205E+00, 0.16759E-01
 0.40000E+01, 0.34000E+02, 0.60814E+03, 0.19485E+00, 0.18281E-01
 0.50000E+01, 0.34000E+02, 0.58401E+03, 0.18365E+00, 0.18865E-01
 0.60000E+01, 0.34000E+02, 0.27165E+03, 0.12847E+00, 0.17140E-01
 0.70000E+01, 0.34000E+02, 0.28184E+03, 0.13592E+00, 0.16503E-01
 0.80000E+01, 0.34000E+02, 0.45918E+03, 0.18401E+00, 0.16086E-01
 0.90000E+01, 0.34000E+02, 0.44412E+03, 0.29487E+00, 0.98318E-02
 0.10000E+02, 0.34000E+02, 0.47510E+03, 0.28925E+00, 0.10456E-01
 0.11000E+02, 0.34000E+02, 0.47696E+03, 0.34789E+00, 0.87150E-02
 0.12000E+02, 0.34000E+02, 0.45767E+03, 0.34259E+00, 0.86220E-02
 0.13000E+02, 0.34000E+02, 0.48684E+03, 0.35696E+00, 0.86054E-02
 0.14000E+02, 0.34000E+02, 0.52349E+03, 0.35654E+00, 0.90309E-02
 0.15000E+02, 0.34000E+02, 0.55090E+03, 0.31133E+00, 0.10698E-01
 0.16000E+02, 0.34000E+02, 0.56807E+03, 0.31323E+00, 0.10855E-01
 0.17000E+02, 0.34000E+02, 0.59217E+03, 0.22733E+00, 0.15385E-01
 0.18000E+02, 0.34000E+02, 0.60014E+03, 0.20148E+00, 0.17518E-01
 0.19000E+02, 0.34000E+02, 0.76766E+03, 0.15859E+00, 0.26526E-01
 0.20000E+02, 0.34000E+02, 0.70682E+03, 0.15129E+00, 0.26181E-01
 0.21000E+02, 0.34000E+02, 0.48503E+03, 0.13125E+00, 0.23348E-01
 0.22000E+02, 0.34000E+02, 0.50866E+03, 0.12715E+00, 0.24853E-01
 0.23000E+02, 0.34000E+02, 0.46658E+03, 0.12418E+00, 0.24076E-01
 0.24000E+02, 0.34000E+02, 0.45435E+03, 0.11793E+00, 0.24933E-01
 0.25000E+02, 0.34000E+02, 0.45281E+03, 0.11560E+00, 0.25383E-01
 0.26000E+02, 0.34000E+02, 0.46934E+03, 0.10631E+00, 0.28228E-01
 0.27000E+02, 0.34000E+02, 0.47742E+03, 0.10342E+00, 0.29332E-01
 0.28000E+02, 0.34000E+02, 0.38999E+03, 0.10841E+00, 0.24723E-01
 0.29000E+02, 0.34000E+02, 0.38176E+03, 0.10596E+00, 0.24981E-01
 0.30000E+02, 0.34000E+02, 0.24381E+03, 0.31649E+00, 0.66020E-02
 0.31000E+02, 0.34000E+02, 0.62891E+02, 0.95020E+00, 0.14294E-02
 0.32000E+02, 0.34000E+02, 0.42384E+02, 0.16793E+01, 0.75942E-03
 0.33000E+02, 0.34000E+02, 0.54606E+02, 0.10884E+01, 0.12171E-02
 0.34000E+02, 0.34000E+02, 0.54509E+02, 0.10484E+01, 0.12632E-02
 0.35000E+02, 0.34000E+02, 0.38193E+02, 0.20894E+01, 0.60228E-03
 0.36000E+02, 0.34000E+02, 0.41623E+02, 0.16952E+01, 0.75050E-03
 0.37000E+02, 0.34000E+02, 0.44859E+02, 0.14478E+01, 0.88781E-03
 0.38000E+02, 0.34000E+02, 0.61168E+02, 0.80419E+00, 0.16803E-02
 0.39000E+02, 0.34000E+02, 0.95513E+02, 0.48153E+00, 0.30944E-02
 0.40000E+02, 0.34000E+02, 0.50096E+02, 0.11003E+01, 0.11874E-02
 0.41000E+02, 0.34000E+02, 0.34370E+02, 0.20684E+01, 0.60091E-03
 0.42000E+02, 0.34000E+02, 0.31403E+02, 0.27363E+01, 0.44986E-03
 0.43000E+02, 0.34000E+02, 0.31410E+02, 0.25618E+01, 0.48052E-03
 0.44000E+02, 0.34000E+02, 0.32131E+02, 0.22177E+01, 0.55639E-03
 0.45000E+02, 0.34000E+02, 0.31613E+02, 0.22729E+01, 0.54196E-03
 0.46000E+02, 0.34000E+02, 0.36665E+02, 0.16191E+01, 0.77341E-03
 0.47000E+02, 0.34000E+02, 0.48851E+02, 0.96476E+00, 0.13490E-02
 0.48000E+02, 0.34000E+02, 0.77498E+02, 0.43939E+00, 0.32255E-02
 0.49000E+02, 0.34000E+02, 0.56330E+02, 0.55435E+00, 0.24023E-02
 0.50000E+02, 0.34000E+02, 0.64202E+02, 0.49032E+00, 0.27809E-02
 0.51000E+02, 0.34000E+02, 0.49413E+02, 0.58871E+00, 0.22146E-02
 0.52000E+02, 0.34000E+02, 0.46864E+02, 0.61599E+00, 0.20998E-02
 0.53000E+02, 0.34000E+02, 0.45485E+02, 0.65097E+00, 0.19784E-02
 0.54000E+02, 0.34000E+02, 0.44992E+02, 0.66332E+00, 0.19385E-02
 0.55000E+02, 0.34000E+02, 0.46349E+02, 0.62618E+00, 0.20623E-02
 0.56000E+02, 0.34000E+02, 0.44953E+02, 0.65749E+00, 0.19555E-02
 0.57000E+02, 0.34000E+02, 0.43423E+02, 0.69461E+00, 0.18421E-02
 0.58000E+02, 0.34000E+02, 0.43412E+02, 0.68933E+00, 0.18561E-02
 0.59000E+02, 0.34000E+02, 0.22000E+02, 0.30000E+02, 0.00000E+00
 0.60000E+02, 0.34000E+02, 0.18721E+03, 0.16240E+00, 0.11458E-01
 0.61000E+02, 0.34000E+02, 0.20800E+03, 0.15563E+00, 0.12496E-01
 0.62000E+02, 0.34000E+02, 0.21218E+03, 0.14878E+00, 0.13185E-01
 0.63000E+02, 0.34000E+02, 0.21719E+03, 0.13955E+00, 0.14202E-01
 0.64000E+02, 0.34000E+02, 0.21022E+03, 0.13654E+00, 0.14309E-01
 0.65000E+02, 0.34000E+02, 0.23709E+03, 0.12730E+00, 0.16201E-01
 0.00000E+00, 0.35000E+02, 0.45519E+03, 0.41129E+00, 0.71576E-02
 0.10000E+01, 0.35000E+02, 0.86265E+03, 0.25434E+00, 0.18050E-01
 0.20000E+01, 0.35000E+02, 0.81459E+03, 0.24466E+00, 0.17969E-01
 0.30000E+01, 0.35000E+02, 0.67271E+03, 0.23389E+00, 0.16346E-01
 0.40000E+01, 0.35000E+02, 0.59476E+03, 0.19437E+00, 0.18048E-01
 0.50000E+01, 0.35000E+02, 0.56174E+03, 0.19151E+00, 0.17621E-01
 0.60000E+01, 0.35000E+02, 0.27560E+03, 0.13015E+00, 0.17041E-01
 0.70000E+01, 0.35000E+02, 0.27643E+03, 0.13000E+00, 0.17087E-01
 0.80000E+01, 0.35000E+02, 0.42287E+03, 0.17516E+00, 0.16061E-01
 0.90000E+01, 0.35000E+02, 0.42997E+03, 0.21936E+00, 0.12955E-01
 0.10000E+02, 0.35000E+02, 0.49352E+03, 0.27949E+00, 0.11087E-01
 0.11000E+02, 0.35000E+02, 0.50185E+03, 0.31745E+00, 0.98674E-02
 0.12000E+02, 0.35000E+02, 0.49895E+03, 0.35709E+00, 0.87391E-02
 0.13000E+02, 0.35000E+02, 0.50795E+03, 0.37973E+00, 0.83141E-02
 0.14000E+02, 0.35000E+02, 0.53098E+03, 0.38878E+00, 0.83599E-02
 0.15000E+02, 0.35000E+02, 0.54025E+03, 0.41218E+00, 0.79762E-02
 0.16000E+02, 0.35000E+02, 0.55618E+03, 0.39987E+00, 0.83828E-02
 0.17000E+02, 0.35000E+02, 0.59091E+03, 0.34128E+00, 0.10233E-01
 0.18000E+02, 0.35000E+02, 0.64317E+03, 0.26535E+00, 0.13957E-01
 0.19000E+02, 0.35000E+02, 0.76350E+03, 0.23031E+00, 0.18192E-01
 0.20000E+02, 0.35000E+02, 0.74912E+03, 0.21641E+00, 0.19093E-01
 0.21000E+02, 0.35000E+02, 0.74389E+03, 0.25765E+00, 0.15955E-01
 0.22000E+02, 0.35000E+02, 0.80495E+03, 0.24696E+00, 0.17645E-01
 0.23000E+02, 0.35000E+02, 0.93924E+03, 0.21162E+00, 0.23156E-01
 0.24000E+02, 0.35000E+02, 0.80653E+03, 0.23474E+00, 0.18590E-01
 0.25000E+02, 0.35000E+02, 0.90160E+03, 0.16466E+00, 0.28837E-01
 0.26000E+02, 0.35000E+02, 0.71062E+03, 0.18948E+00, 0.20985E-01
 0.27000E+02, 0.35000E+02, 0.70039E+03, 0.20570E+00, 0.19129E-01
 0.28000E+02, 0.35000E+02, 0.72048E+03, 0.14284E+00, 0.28115E-01
 0.29000E+02, 0.35000E+02, 0.67628E+03, 0.11639E+00, 0.32971E-01
 0.30000E+02, 0.35000E+02, 0.69004E+03, 0.13158E+00, 0.29587E-01
 0.31000E+02, 0.35000E+02, 0.53801E+03, 0.21358E+00, 0.15351E-01
 0.32000E+02, 0.35000E+02, 0.53885E+03, 0.23209E+00, 0.14141E-01
 0.33000E+02, 0.35000E+02, 0.54176E+03, 0.18245E+00, 0.18053E-01
 0.34000E+02, 0.35000E+02, 0.51535E+03, 0.13462E+00, 0.23675E-01
 0.35000E+02, 0.35000E+02, 0.48804E+03, 0.13187E+00, 0.23330E-01
 0.36000E+02, 0.35000E+02, 0.45823E+03, 0.15951E+00, 0.18532E-01
 0.37000E+02, 0.35000E+02, 0.45859E+03, 0.15519E+00, 0.19057E-01
 0.38000E+02, 0.35000E+02, 0.44241E+03, 0.14086E+00, 0.20533E-01
 0.39000E+02, 0.35000E+02, 0.42820E+03, 0.14047E+00, 0.20180E-01
 0.40000E+02, 0.35000E+02, 0.41616E+03, 0.14645E+00, 0.19024E-01
 0.41000E+02, 0.35000E+02, 0.38487E+03, 0.15211E+00, 0.17485E-01
 0.42000E+02, 0.35000E+02, 0.35476E+03, 0.14694E+00, 0.17272E-01
 0.43000E+02, 0.35000E+02, 0.33130E+03, 0.14235E+00, 0.17163E-01
 0.44000E+02, 0.35000E+02, 0.30861E+03, 0.14935E+00, 0.15744E-01
 0.45000E+02, 0.35000E+02, 0.30177E+03, 0.14982E+00, 0.15510E-01
 0.46000E+02, 0.35000E+02, 0.29492E+03, 0.15178E+00, 0.15128E-01
 0.47000E+02, 0.35000E+02, 0.28679E+03, 0.15242E+00, 0.14848E-01
 0.48000E+02, 0.35000E+02, 0.27341E+03, 0.15022E+00, 0.14705E-01
 0.49000E+02, 0.35000E+02, 0.27322E+03, 0.15786E+00, 0.13989E-01
 0.50000E+02, 0.35000E+02, 0.28150E+03, 0.15855E+00, 0.14139E-01
 0.51000E+02, 0.35000E+02, 0.27753E+03, 0.15379E+00, 0.14472E-01
 0.52000E+02, 0.35000E+02, 0.25231E+03, 0.16312E+00, 0.13020E-01
 0.53000E+02, 0.35000E+02, 0.25034E+03, 0.16005E+00, 0.13220E-01
 0.54000E+02, 0.35000E+02, 0.24200E+03, 0.15925E+00, 0.13074E-01
 0.55000E+02, 0.35000E+02, 0.25494E+03, 0.14175E+00, 0.15058E-01
 0.56000E+02, 0.35000E+02, 0.20916E+03, 0.14568E+00, 0.13382E-01
 0.57000E+02, 0.35000E+02, 0.20236E+03, 0.14749E+00, 0.13031E-01
 0.58000E+02, 0.35000E+02, 0.21832E+03, 0.13597E+00, 0.14609E-01
 0.59000E+02, 0.35000E+02, 0.22348E+03, 0.13505E+00, 0.14864E-01
 0.60000E+02, 0.35000E+02, 0.20931E+03, 0.15782E+00, 0.12356E-01
 0.61000E+02, 0.35000E+02, 0.22091E+03, 0.15339E+00, 0.13018E-01
 0.62000E+02, 0.35000E+02, 0.22517E+03, 0.15191E+00, 0.13259E-01
 0.63000E+02, 0.35000E+02, 0.22232E+03, 0.14508E+00, 0.13804E-01
 0.64000E+02, 0.35000E+02, 0.21671E+03, 0.13758E+00, 0.14391E-01
 0.65000E+02, 0.35000E+02, 0.23860E+03, 0.12992E+00, 0.15921E-01
 0.00000E+00, 0.36000E+02, 0.73971E+03, 0.32202E+00, 0.12713E-01
 0.10000E+01, 0.36000E+02, 0.92000E+03, 0.29096E+00, 0.16574E-01
 0.20000E+01, 0.36000E+02, 0.87673E+03, 0.23762E+00, 0.19559E-01
 0.30000E+01, 0.36000E+02, 0.64858E+03, 0.21742E+00, 0.17135E-01
 0.40000E+01, 0.36000E+02, 0.53517E+03, 0.21547E+00, 0.15162E-01
 0.50000E+01, 0.36000E+02, 0.54880E+03, 0.18990E+00, 0.17495E-01
 0.60000E+01, 0.36000E+02, 0.31758E+03, 0.16066E+00, 0.14862E-01
 0.70000E+01, 0.36000E+02, 0.28084E+03, 0.13597E+00, 0.16468E-01
 0.80000E+01, 0.36000E+02, 0.38542E+03, 0.19521E+00, 0.13636E-01
 0.90000E+01, 0.36000E+02, 0.43280E+03, 0.19801E+00, 0.14410E-01
 0.10000E+02, 0.36000E+02, 0.50637E+03, 0.29227E+00, 0.10780E-01
 0.11000E+02, 0.36000E+02, 0.51087E+03, 0.30613E+00, 0.10352E-01
 0.12000E+02, 0.36000E+02, 0.51858E+03, 0.33450E+00, 0.95667E-02
 0.13000E+02, 0.36000E+02, 0.52137E+03, 0.35569E+00, 0.90283E-02
 0.14000E+02, 0.36000E+02, 0.53443E+03, 0.35581E+00, 0.91738E-02
 0.15000E+02, 0.36000E+02, 0.54392E+03, 0.36947E+00, 0.89384E-02
 0.16000E+02, 0.36000E+02, 0.57765E+03, 0.37748E+00, 0.91099E-02
 0.17000E+02, 0.36000E+02, 0.58465E+03, 0.40443E+00, 0.85728E-02
 0.18000E+02, 0.36000E+02, 0.65992E+03, 0.41379E+00, 0.91142E-02
 0.19000E+02, 0.36000E+02, 0.71184E+03, 0.43951E+00, 0.90582E-02
 0.20000E+02, 0.36000E+02, 0.80519E+03, 0.27829E+00, 0.15662E-01
 0.21000E+02, 0.36000E+02, 0.96801E+03, 0.24100E+00, 0.20815E-01
 0.22000E+02, 0.36000E+02, 0.99132E+03, 0.23573E+00, 0.21681E-01
 0.23000E+02, 0.36000E+02, 0.87220E+03, 0.31437E+00, 0.14726E-01
 0.24000E+02, 0.36000E+02, 0.82571E+03, 0.27166E+00, 0.16349E-01
 0.25000E+02, 0.36000E+02, 0.73557E+03, 0.25586E+00, 0.15935E-01
 0.26000E+02, 0.36000E+02, 0.71033E+03, 0.32893E+00, 0.12085E-01
 0.27000E+02, 0.36000E+02, 0.68122E+03, 0.26960E+00, 0.14308E-01
 0.28000E+02, 0.36000E+02, 0.69410E+03, 0.12347E+00, 0.31663E-01
 0.29000E+02, 0.36000E+02, 0.66976E+03, 0.12831E+00, 0.29703E-01
 0.30000E+02, 0.36000E+02, 0.55506E+03, 0.29990E+00, 0.11162E-01
 0.31000E+02, 0.36000E+02, 0.54397E+03, 0.29739E+00, 0.11105E-01
 0.32000E+02, 0.36000E+02, 0.55408E+03, 0.26718E+00, 0.12514E-01
 0.33000E+02, 0.36000E+02, 0.59450E+03, 0.21606E+00, 0.16231E-01
 0.34000E+02, 0.36000E+02, 0.53399E+03, 0.18500E+00, 0.17634E-01
 0.35000E+02, 0.36000E+02, 0.51656E+03, 0.18939E+00, 0.16853E-01
 0.36000E+02, 0.36000E+02, 0.51546E+03, 0.17442E+00, 0.18274E-01
 0.37000E+02, 0.36000E+02, 0.49215E+03, 0.17315E+00, 0.17865E-01
 0.38000E+02, 0.36000E+02, 0.46792E+03, 0.15902E+00, 0.18836E-01
 0.39000E+02, 0.36000E+02, 0.45643E+03, 0.15339E+00, 0.19225E-01
 0.40000E+02, 0.36000E+02, 0.45475E+03, 0.13546E+00, 0.21719E-01
 0.41000E+02, 0.36000E+02, 0.43733E+03, 0.14594E+00, 0.19677E-01
 0.42000E+02, 0.36000E+02, 0.40941E+03, 0.19195E+00, 0.14372E-01
 0.43000E+02, 0.36000E+02, 0.35824E+03, 0.19028E+00, 0.13412E-01
 0.44000E+02, 0.36000E+02, 0.34049E+03, 0.18037E+00, 0.13750E-01
 0.45000E+02, 0.36000E+02, 0.32498E+03, 0.18500E+00, 0.13068E-01
 0.46000E+02, 0.36000E+02, 0.31779E+03, 0.19997E+00, 0.11944E-01
 0.47000E+02, 0.36000E+02, 0.30637E+03, 0.18854E+00, 0.12423E-01
 0.48000E+02, 0.36000E+02, 0.29715E+03, 0.18291E+00, 0.12602E-01
 0.49000E+02, 0.36000E+02, 0.29795E+03, 0.18432E+00, 0.12523E-01
 0.50000E+02, 0.36000E+02, 0.29354E+03, 0.17704E+00, 0.12937E-01
 0.51000E+02, 0.36000E+02, 0.27727E+03, 0.17367E+00, 0.12810E-01
 0.52000E+02, 0.36000E+02, 0.24844E+03, 0.17184E+00, 0.12268E-01
 0.53000E+02, 0.36000E+02, 0.24180E+03, 0.17088E+00, 0.12180E-01
 0.54000E+02, 0.36000E+02, 0.25694E+03, 0.16719E+00, 0.12815E-01
 0.55000E+02, 0.36000E+02, 0.24699E+03, 0.15899E+00, 0.13223E-01
 0.56000E+02, 0.36000E+02, 0.22476E+03, 0.15556E+00, 0.12937E-01
 0.57000E+02, 0.36000E+02, 0.22289E+03, 0.15491E+00, 0.12943E-01
 0.58000E+02, 0.36000E+02, 0.22099E+03, 0.15663E+00, 0.12751E-01
 0.59000E+02, 0.36000E+02, 0.21613E+03, 0.16087E+00, 0.12293E-01
 0.60000E+02, 0.36000E+02, 0.22151E+03, 0.15955E+00, 0.12531E-01
 0.61000E+02, 0.36000E+02, 0.22789E+03, 0.15467E+00, 0.13094E-01
 0.62000E+02, 0.36000E+02, 0.23742E+03, 0.15507E+00, 0.13308E-01
 0.63000E+02, 0.36000E+02, 0.23142E+03, 0.15320E+00, 0.13312E-01
 0.64000E+02, 0.36000E+02, 0.24356E+03, 0.14171E+00, 0.14737E-01
 0.65000E+02, 0.36000E+02, 0.24608E+03, 0.13452E+00, 0.15600E-01
 0.00000E+00, 0.37000E+02, 0.97948E+03, 0.22130E+00, 0.22878E-01
 0.10000E+01, 0.37000E+02, 0.98087E+03, 0.27237E+00, 0.18609E-01
 0.20000E+01, 0.37000E+02, 0.89229E+03, 0.22184E+00, 0.21233E-01
 0.30000E+01, 0.37000E+02, 0.62969E+03, 0.20591E+00, 0.17722E-01
 0.40000E+01, 0.37000E+02, 0.50317E+03, 0.22609E+00, 0.13878E-01
 0.50000E+01, 0.37000E+02, 0.53714E+03, 0.17393E+00, 0.18830E-01
 0.60000E+01, 0.37000E+02, 0.35555E+03, 0.17616E+00, 0.14425E-01
 0.70000E+01, 0.37000E+02, 0.29663E+03, 0.14586E+00, 0.15789E-01
 0.80000E+01, 0.37000E+02, 0.43113E+03, 0.22769E+00, 0.12502E-01
 0.90000E+01, 0.37000E+02, 0.44927E+03, 0.23146E+00, 0.12615E-01
 0.10000E+02, 0.37000E+02, 0.51658E+03, 0.30695E+00, 0.10399E-01
 0.11000E+02, 0.37000E+02, 0.51677E+03, 0.31765E+00, 0.10051E-01
 0.12000E+02, 0.37000E+02, 0.50564E+03, 0.36063E+00, 0.87285E-02
 0.13000E+02, 0.37000E+02, 0.50099E+03, 0.40264E+00, 0.77711E-02
 0.14000E+02, 0.37000E+02, 0.52721E+03, 0.37167E+00, 0.87036E-02
 0.15000E+02, 0.37000E+02, 0.56817E+03, 0.36176E+00, 0.93998E-02
 0.16000E+02, 0.37000E+02, 0.62612E+03, 0.35362E+00, 0.10279E-01
 0.17000E+02, 0.37000E+02, 0.68358E+03, 0.36641E+00, 0.10553E-01
 0.18000E+02, 0.37000E+02, 0.74271E+03, 0.38311E+00, 0.10717E-01
 0.19000E+02, 0.37000E+02, 0.80543E+03, 0.36901E+00, 0.11814E-01
 0.20000E+02, 0.37000E+02, 0.83208E+03, 0.43524E+00, 0.10264E-01
 0.21000E+02, 0.37000E+02, 0.93069E+03, 0.50979E+00, 0.95446E-02
 0.22000E+02, 0.37000E+02, 0.10152E+04, 0.24035E+00, 0.21666E-01
 0.23000E+02, 0.37000E+02, 0.84343E+03, 0.52462E+00, 0.86025E-02
 0.24000E+02, 0.37000E+02, 0.75051E+03, 0.55040E+00, 0.75172E-02
 0.25000E+02, 0.37000E+02, 0.74933E+03, 0.42309E+00, 0.97678E-02
 0.26000E+02, 0.37000E+02, 0.71868E+03, 0.34419E+00, 0.11647E-01
 0.27000E+02, 0.37000E+02, 0.69568E+03, 0.29305E+00, 0.13362E-01
 0.28000E+02, 0.37000E+02, 0.65169E+03, 0.24127E+00, 0.15493E-01
 0.29000E+02, 0.37000E+02, 0.62926E+03, 0.22097E+00, 0.16506E-01
 0.30000E+02, 0.37000E+02, 0.61972E+03, 0.25773E+00, 0.14002E-01
 0.31000E+02, 0.37000E+02, 0.61768E+03, 0.24256E+00, 0.14844E-01
 0.32000E+02, 0.37000E+02, 0.62466E+03, 0.22228E+00, 0.16325E-01
 0.33000E+02, 0.37000E+02, 0.63466E+03, 0.19987E+00, 0.18358E-01
 0.34000E+02, 0.37000E+02, 0.63212E+03, 0.18983E+00, 0.19275E-01
 0.35000E+02, 0.37000E+02, 0.61183E+03, 0.17353E+00, 0.20613E-01
 0.36000E+02, 0.37000E+02, 0.58256E+03, 0.16723E+00, 0.20681E-01
 0.37000E+02, 0.37000E+02, 0.49168E+03, 0.19660E+00, 0.15724E-01
 0.38000E+02, 0.37000E+02, 0.43359E+03, 0.21507E+00, 0.13282E-01
 0.39000E+02, 0.37000E+02, 0.42112E+03, 0.21563E+00, 0.13014E-01
 0.40000E+02, 0.37000E+02, 0.43738E+03, 0.18750E+00, 0.15316E-01
 0.41000E+02, 0.37000E+02, 0.44948E+03, 0.15420E+00, 0.18942E-01
 0.42000E+02, 0.37000E+02, 0.42517E+03, 0.16120E+00, 0.17509E-01
 0.43000E+02, 0.37000E+02, 0.40109E+03, 0.17861E+00, 0.15257E-01
 0.44000E+02, 0.37000E+02, 0.39153E+03, 0.17412E+00, 0.15429E-01
 0.45000E+02, 0.37000E+02, 0.35433E+03, 0.18407E+00, 0.13778E-01
 0.46000E+02, 0.37000E+02, 0.33216E+03, 0.19994E+00, 0.12237E-01
 0.47000E+02, 0.37000E+02, 0.32797E+03, 0.20282E+00, 0.11979E-01
 0.48000E+02, 0.37000E+02, 0.30641E+03, 0.21485E+00, 0.10903E-01
 0.49000E+02, 0.37000E+02, 0.29817E+03, 0.21541E+00, 0.10720E-01
 0.50000E+02, 0.37000E+02, 0.30343E+03, 0.20350E+00, 0.11452E-01
 0.51000E+02, 0.37000E+02, 0.30042E+03, 0.18720E+00, 0.12384E-01
 0.52000E+02, 0.37000E+02, 0.26215E+03, 0.17583E+00, 0.12305E-01
 0.53000E+02, 0.37000E+02, 0.24642E+03, 0.16663E+00, 0.12603E-01
 0.54000E+02, 0.37000E+02, 0.25898E+03, 0.16142E+00, 0.13324E-01
 0.55000E+02, 0.37000E+02, 0.24264E+03, 0.16151E+00, 0.12908E-01
 0.56000E+02, 0.37000E+02, 0.23835E+03, 0.16017E+00, 0.12908E-01
 0.57000E+02, 0.37000E+02, 0.23163E+03, 0.15720E+00, 0.12979E-01
 0.58000E+02, 0.37000E+02, 0.22781E+03, 0.16096E+00, 0.12579E-01
 0.59000E+02, 0.37000E+02, 0.23821E+03, 0.15758E+00, 0.13116E-01
 0.60000E+02, 0.37000E+02, 0.23093E+03, 0.16073E+00, 0.12676E-01
 0.61000E+02, 0.37000E+02, 0.23256E+03, 0.16233E+00, 0.12591E-01
 0.62000E+02, 0.37000E+02, 0.24452E+03, 0.16182E+00, 0.12930E-01
 0.63000E+02, 0.37000E+02, 0.24449E+03, 0.16015E+00, 0.13064E-01
 0.64000E+02, 0.37000E+02, 0.24918E+03, 0.15256E+00, 0.13839E-01
 0.65000E+02, 0.37000E+02, 0.25118E+03, 0.13891E+00, 0.15256E-01
 0.00000E+00, 0.38000E+02, 0.91407E+03, 0.17167E+00, 0.27953E-01
 0.10000E+01, 0.38000E+02, 0.89594E+03, 0.18326E+00, 0.25784E-01
 0.20000E+01, 0.38000E+02, 0.66883E+03, 0.20969E+00, 0.18157E-01
 0.30000E+01, 0.38000E+02, 0.58211E+03, 0.22803E+00, 0.15159E-01
 0.40000E+01, 0.38000E+02, 0.52824E+03, 0.21368E+00, 0.15159E-01
 0.50000E+01, 0.38000E+02, 0.41922E+03, 0.20099E+00, 0.13923E-01
 0.60000E+01, 0.38000E+02, 0.44015E+03, 0.21483E+00, 0.13420E-01
 0.70000E+01, 0.38000E+02, 0.35747E+03, 0.17168E+00, 0.14847E-01
 0.80000E+01, 0.38000E+02, 0.47135E+03, 0.24212E+00, 0.12428E-01
 0.90000E+01, 0.38000E+02, 0.50456E+03, 0.29032E+00, 0.10827E-01
 0.10000E+02, 0.38000E+02, 0.52475E+03, 0.28789E+00, 0.11202E-01
 0.11000E+02, 0.38000E+02, 0.51862E+03, 0.31246E+00, 0.10242E-01
 0.12000E+02, 0.38000E+02, 0.51066E+03, 0.31592E+00, 0.10028E-01
 0.13000E+02, 0.38000E+02, 0.54103E+03, 0.28330E+00, 0.11616E-01
 0.14000E+02, 0.38000E+02, 0.56124E+03, 0.32887E+00, 0.10255E-01
 0.15000E+02, 0.38000E+02, 0.58415E+03, 0.30727E+00, 0.11277E-01
 0.16000E+02, 0.38000E+02, 0.64024E+03, 0.34396E+00, 0.10733E-01
 0.17000E+02, 0.38000E+02, 0.75263E+03, 0.30163E+00, 0.13745E-01
 0.18000E+02, 0.38000E+02, 0.83629E+03, 0.32040E+00, 0.13996E-01
 0.19000E+02, 0.38000E+02, 0.87480E+03, 0.34528E+00, 0.13438E-01
 0.20000E+02, 0.38000E+02, 0.90436E+03, 0.42436E+00, 0.11215E-01
 0.21000E+02, 0.38000E+02, 0.10091E+04, 0.28766E+00, 0.18017E-01
 0.22000E+02, 0.38000E+02, 0.94280E+03, 0.33862E+00, 0.14514E-01
 0.23000E+02, 0.38000E+02, 0.79610E+03, 0.47126E+00, 0.91706E-02
 0.24000E+02, 0.38000E+02, 0.75144E+03, 0.47767E+00, 0.86696E-02
 0.25000E+02, 0.38000E+02, 0.73073E+03, 0.40285E+00, 0.10072E-01
 0.26000E+02, 0.38000E+02, 0.73870E+03, 0.28249E+00, 0.14478E-01
 0.27000E+02, 0.38000E+02, 0.74109E+03, 0.21325E+00, 0.19224E-01
 0.28000E+02, 0.38000E+02, 0.72307E+03, 0.21243E+00, 0.18954E-01
 0.29000E+02, 0.38000E+02, 0.70324E+03, 0.20812E+00, 0.18962E-01
 0.30000E+02, 0.38000E+02, 0.69991E+03, 0.20031E+00, 0.19634E-01
 0.31000E+02, 0.38000E+02, 0.69095E+03, 0.19093E+00, 0.20409E-01
 0.32000E+02, 0.38000E+02, 0.68364E+03, 0.17399E+00, 0.22226E-01
 0.33000E+02, 0.38000E+02, 0.65573E+03, 0.17483E+00, 0.21474E-01
 0.34000E+02, 0.38000E+02, 0.64909E+03, 0.17225E+00, 0.21640E-01
 0.35000E+02, 0.38000E+02, 0.62990E+03, 0.17643E+00, 0.20688E-01
 0.36000E+02, 0.38000E+02, 0.58356E+03, 0.18539E+00, 0.18678E-01
 0.37000E+02, 0.38000E+02, 0.57486E+03, 0.17889E+00, 0.19160E-01
 0.38000E+02, 0.38000E+02, 0.55197E+03, 0.16652E+00, 0.20028E-01
 0.39000E+02, 0.38000E+02, 0.39803E+03, 0.20822E+00, 0.13029E-01
 0.40000E+02, 0.38000E+02, 0.39892E+03, 0.19318E+00, 0.14061E-01
 0.41000E+02, 0.38000E+02, 0.43103E+03, 0.17069E+00, 0.16674E-01
 0.42000E+02, 0.38000E+02, 0.43622E+03, 0.15874E+00, 0.18062E-01
 0.43000E+02, 0.38000E+02, 0.42434E+03, 0.15119E+00, 0.18647E-01
 0.44000E+02, 0.38000E+02, 0.39601E+03, 0.15555E+00, 0.17387E-01
 0.45000E+02, 0.38000E+02, 0.37059E+03, 0.16616E+00, 0.15659E-01
 0.46000E+02, 0.38000E+02, 0.31753E+03, 0.20800E+00, 0.11478E-01
 0.47000E+02, 0.38000E+02, 0.31755E+03, 0.21432E+00, 0.11140E-01
 0.48000E+02, 0.38000E+02, 0.33881E+03, 0.19707E+00, 0.12551E-01
 0.49000E+02, 0.38000E+02, 0.33232E+03, 0.18882E+00, 0.12960E-01
 0.50000E+02, 0.38000E+02, 0.30198E+03, 0.20171E+00, 0.11524E-01
 0.51000E+02, 0.38000E+02, 0.29392E+03, 0.19490E+00, 0.11760E-01
 0.52000E+02, 0.38000E+02, 0.28081E+03, 0.19085E+00, 0.11732E-01
 0.53000E+02, 0.38000E+02, 0.29444E+03, 0.18046E+00, 0.12713E-01
 0.54000E+02, 0.38000E+02, 0.24774E+03, 0.17057E+00, 0.12343E-01
 0.55000E+02, 0.38000E+02, 0.23681E+03, 0.16620E+00, 0.12402E-01
 0.56000E+02, 0.38000E+02, 0.24816E+03, 0.16335E+00, 0.12899E-01
 0.57000E+02, 0.38000E+02, 0.25345E+03, 0.15519E+00, 0.13715E-01
 0.58000E+02, 0.38000E+02, 0.25060E+03, 0.15488E+00, 0.13668E-01
 0.59000E+02, 0.38000E+02, 0.25468E+03, 0.15436E+00, 0.13821E-01
 0.60000E+02, 0.38000E+02, 0.26507E+03, 0.14971E+00, 0.14531E-01
 0.61000E+02, 0.38000E+02, 0.24476E+03, 0.16034E+00, 0.13055E-01
 0.62000E+02, 0.38000E+02, 0.24681E+03, 0.16320E+00, 0.12877E-01
 0.63000E+02, 0.38000E+02, 0.25238E+03, 0.15802E+00, 0.13442E-01
 0.64000E+02, 0.38000E+02, 0.25723E+03, 0.15042E+00, 0.14251E-01
 0.65000E+02, 0.38000E+02, 0.23141E+03, 0.14394E+00, 0.14168E-01
 0.00000E+00, 0.39000E+02, 0.72756E+03, 0.17937E+00, 0.22550E-01
 0.10000E+01, 0.39000E+02, 0.52992E+03, 0.23597E+00, 0.13755E-01
 0.20000E+01, 0.39000E+02, 0.51013E+03, 0.22656E+00, 0.13973E-01
 0.30000E+01, 0.39000E+02, 0.45990E+03, 0.22457E+00, 0.13193E-01
 0.40000E+01, 0.39000E+02, 0.43257E+03, 0.23765E+00, 0.12003E-01
 0.50000E+01, 0.39000E+02, 0.43435E+03, 0.23344E+00, 0.12250E-01
 0.60000E+01, 0.39000E+02, 0.43285E+03, 0.23200E+00, 0.12300E-01
 0.70000E+01, 0.39000E+02, 0.47412E+03, 0.23157E+00, 0.13043E-01
 0.80000E+01, 0.39000E+02, 0.49977E+03, 0.22175E+00, 0.14088E-01
 0.90000E+01, 0.39000E+02, 0.52185E+03, 0.24941E+00, 0.12883E-01
 0.10000E+02, 0.39000E+02, 0.51980E+03, 0.28063E+00, 0.11421E-01
 0.11000E+02, 0.39000E+02, 0.47485E+03, 0.33761E+00, 0.89549E-02
 0.12000E+02, 0.39000E+02, 0.50099E+03, 0.31662E+00, 0.98823E-02
 0.13000E+02, 0.39000E+02, 0.59918E+03, 0.21715E+00, 0.16237E-01
 0.14000E+02, 0.39000E+02, 0.63998E+03, 0.22968E+00, 0.16069E-01
 0.15000E+02, 0.39000E+02, 0.65892E+03, 0.24880E+00, 0.15142E-01
 0.16000E+02, 0.39000E+02, 0.71774E+03, 0.25915E+00, 0.15454E-01
 0.17000E+02, 0.39000E+02, 0.80866E+03, 0.29305E+00, 0.14921E-01
 0.18000E+02, 0.39000E+02, 0.90359E+03, 0.30037E+00, 0.15834E-01
 0.19000E+02, 0.39000E+02, 0.93905E+03, 0.34744E+00, 0.14102E-01
 0.20000E+02, 0.39000E+02, 0.10579E+04, 0.25444E+00, 0.21145E-01
 0.21000E+02, 0.39000E+02, 0.10358E+04, 0.27708E+00, 0.19094E-01
 0.22000E+02, 0.39000E+02, 0.98656E+03, 0.42229E+00, 0.12057E-01
 0.23000E+02, 0.39000E+02, 0.92627E+03, 0.30774E+00, 0.15753E-01
 0.24000E+02, 0.39000E+02, 0.81805E+03, 0.42843E+00, 0.10294E-01
 0.25000E+02, 0.39000E+02, 0.80066E+03, 0.32129E+00, 0.13509E-01
 0.26000E+02, 0.39000E+02, 0.79113E+03, 0.26177E+00, 0.16433E-01
 0.27000E+02, 0.39000E+02, 0.78191E+03, 0.19998E+00, 0.21324E-01
 0.28000E+02, 0.39000E+02, 0.77603E+03, 0.14966E+00, 0.28334E-01
 0.29000E+02, 0.39000E+02, 0.76528E+03, 0.16545E+00, 0.25368E-01
 0.30000E+02, 0.39000E+02, 0.76934E+03, 0.17257E+00, 0.24417E-01
 0.31000E+02, 0.39000E+02, 0.76037E+03, 0.15431E+00, 0.27071E-01
 0.32000E+02, 0.39000E+02, 0.72720E+03, 0.14267E+00, 0.28339E-01
 0.33000E+02, 0.39000E+02, 0.71514E+03, 0.14439E+00, 0.27665E-01
 0.34000E+02, 0.39000E+02, 0.68026E+03, 0.15735E+00, 0.24490E-01
 0.35000E+02, 0.39000E+02, 0.64450E+03, 0.15077E+00, 0.24600E-01
 0.36000E+02, 0.39000E+02, 0.61308E+03, 0.15530E+00, 0.23065E-01
 0.37000E+02, 0.39000E+02, 0.60124E+03, 0.14160E+00, 0.24959E-01
 0.38000E+02, 0.39000E+02, 0.56588E+03, 0.14358E+00, 0.23619E-01
 0.39000E+02, 0.39000E+02, 0.48265E+03, 0.16905E+00, 0.18070E-01
 0.40000E+02, 0.39000E+02, 0.43231E+03, 0.18353E+00, 0.15536E-01
 0.41000E+02, 0.39000E+02, 0.38703E+03, 0.19398E+00, 0.13756E-01
 0.42000E+02, 0.39000E+02, 0.36155E+03, 0.19254E+00, 0.13324E-01
 0.43000E+02, 0.39000E+02, 0.38050E+03, 0.17234E+00, 0.15330E-01
 0.44000E+02, 0.39000E+02, 0.31020E+03, 0.19780E+00, 0.11920E-01
 0.45000E+02, 0.39000E+02, 0.30877E+03, 0.20842E+00, 0.11285E-01
 0.46000E+02, 0.39000E+02, 0.32195E+03, 0.20607E+00, 0.11672E-01
 0.47000E+02, 0.39000E+02, 0.33102E+03, 0.20076E+00, 0.12163E-01
 0.48000E+02, 0.39000E+02, 0.33069E+03, 0.19101E+00, 0.12778E-01
 0.49000E+02, 0.39000E+02, 0.28877E+03, 0.20891E+00, 0.10871E-01
 0.50000E+02, 0.39000E+02, 0.28659E+03, 0.21366E+00, 0.10589E-01
 0.51000E+02, 0.39000E+02, 0.28978E+03, 0.21569E+00, 0.10549E-01
 0.52000E+02, 0.39000E+02, 0.28700E+03, 0.19583E+00, 0.11561E-01
 0.53000E+02, 0.39000E+02, 0.30553E+03, 0.18155E+00, 0.12883E-01
 0.54000E+02, 0.39000E+02, 0.26530E+03, 0.17033E+00, 0.12777E-01
 0.55000E+02, 0.39000E+02, 0.27208E+03, 0.16576E+00, 0.13295E-01
 0.56000E+02, 0.39000E+02, 0.28068E+03, 0.15762E+00, 0.14202E-01
 0.57000E+02, 0.39000E+02, 0.26094E+03, 0.16014E+00, 0.13480E-01
 0.58000E+02, 0.39000E+02, 0.26077E+03, 0.16149E+00, 0.13363E-01
 0.59000E+02, 0.39000E+02, 0.26007E+03, 0.16164E+00, 0.13334E-01
 0.60000E+02, 0.39000E+02, 0.26332E+03, 0.16002E+00, 0.13550E-01
 0.61000E+02, 0.39000E+02, 0.26167E+03, 0.15656E+00, 0.13807E-01
 0.62000E+02, 0.39000E+02, 0.26446E+03, 0.16017E+00, 0.13566E-01
 0.63000E+02, 0.39000E+02, 0.23818E+03, 0.15582E+00, 0.13263E-01
 0.64000E+02, 0.39000E+02, 0.24570E+03, 0.15203E+00, 0.13794E-01
 0.65000E+02, 0.39000E+02, 0.25498E+03, 0.14903E+00, 0.14323E-01
 0.00000E+00, 0.40000E+02, 0.53726E+03, 0.23607E+00, 0.13875E-01
 0.10000E+01, 0.40000E+02, 0.52693E+03, 0.23819E+00, 0.13577E-01
 0.20000E+01, 0.40000E+02, 0.46838E+03, 0.22683E+00, 0.13213E-01
 0.30000E+01, 0.40000E+02, 0.43924E+03, 0.23212E+00, 0.12405E-01
 0.40000E+01, 0.40000E+02, 0.43241E+03, 0.23151E+00, 0.12318E-01
 0.50000E+01, 0.40000E+02, 0.41397E+03, 0.22030E+00, 0.12607E-01
 0.60000E+01, 0.40000E+02, 0.40304E+03, 0.22263E+00, 0.12276E-01
 0.70000E+01, 0.40000E+02, 0.39280E+03, 0.21969E+00, 0.12252E-01
 0.80000E+01, 0.40000E+02, 0.49848E+03, 0.19474E+00, 0.16015E-01
 0.90000E+01, 0.40000E+02, 0.50504E+03, 0.30948E+00, 0.10163E-01
 0.10000E+02, 0.40000E+02, 0.49192E+03, 0.33768E+00, 0.91574E-02
 0.11000E+02, 0.40000E+02, 0.50723E+03, 0.25057E+00, 0.12588E-01
 0.12000E+02, 0.40000E+02, 0.60850E+03, 0.19796E+00, 0.18001E-01
 0.13000E+02, 0.40000E+02, 0.67062E+03, 0.20823E+00, 0.18319E-01
 0.14000E+02, 0.40000E+02, 0.71754E+03, 0.22783E+00, 0.17575E-01
 0.15000E+02, 0.40000E+02, 0.76187E+03, 0.23715E+00, 0.17640E-01
 0.16000E+02, 0.40000E+02, 0.78695E+03, 0.23884E+00, 0.17940E-01
 0.17000E+02, 0.40000E+02, 0.84664E+03, 0.28314E+00, 0.15985E-01
 0.18000E+02, 0.40000E+02, 0.96411E+03, 0.24947E+00, 0.20046E-01
 0.19000E+02, 0.40000E+02, 0.10445E+04, 0.22320E+00, 0.23862E-01
 0.20000E+02, 0.40000E+02, 0.10762E+04, 0.19526E+00, 0.27932E-01
 0.21000E+02, 0.40000E+02, 0.10696E+04, 0.34967E+00, 0.15521E-01
 0.22000E+02, 0.40000E+02, 0.99834E+03, 0.33949E+00, 0.15138E-01
 0.23000E+02, 0.40000E+02, 0.94916E+03, 0.28949E+00, 0.17066E-01
 0.24000E+02, 0.40000E+02, 0.89207E+03, 0.23557E+00, 0.19992E-01
 0.25000E+02, 0.40000E+02, 0.83385E+03, 0.23451E+00, 0.19079E-01
 0.26000E+02, 0.40000E+02, 0.81163E+03, 0.26034E+00, 0.16841E-01
 0.27000E+02, 0.40000E+02, 0.82905E+03, 0.16112E+00, 0.27649E-01
 0.28000E+02, 0.40000E+02, 0.83078E+03, 0.14590E+00, 0.30583E-01
 0.29000E+02, 0.40000E+02, 0.80034E+03, 0.18810E+00, 0.23067E-01
 0.30000E+02, 0.40000E+02, 0.75146E+03, 0.25347E+00, 0.16338E-01
 0.31000E+02, 0.40000E+02, 0.74413E+03, 0.23786E+00, 0.17286E-01
 0.32000E+02, 0.40000E+02, 0.74047E+03, 0.20813E+00, 0.19684E-01
 0.33000E+02, 0.40000E+02, 0.75201E+03, 0.17447E+00, 0.23748E-01
 0.34000E+02, 0.40000E+02, 0.73140E+03, 0.15964E+00, 0.25433E-01
 0.35000E+02, 0.40000E+02, 0.70276E+03, 0.14214E+00, 0.27750E-01
 0.36000E+02, 0.40000E+02, 0.64384E+03, 0.13133E+00, 0.28221E-01
 0.37000E+02, 0.40000E+02, 0.58127E+03, 0.14230E+00, 0.24268E-01
 0.38000E+02, 0.40000E+02, 0.53905E+03, 0.14203E+00, 0.23113E-01
 0.39000E+02, 0.40000E+02, 0.49794E+03, 0.14433E+00, 0.21594E-01
 0.40000E+02, 0.40000E+02, 0.44059E+03, 0.17630E+00, 0.16363E-01
 0.41000E+02, 0.40000E+02, 0.35056E+03, 0.21503E+00, 0.11724E-01
 0.42000E+02, 0.40000E+02, 0.34479E+03, 0.21021E+00, 0.11882E-01
 0.43000E+02, 0.40000E+02, 0.34461E+03, 0.20306E+00, 0.12296E-01
 0.44000E+02, 0.40000E+02, 0.33490E+03, 0.19503E+00, 0.12602E-01
 0.45000E+02, 0.40000E+02, 0.31768E+03, 0.19943E+00, 0.11974E-01
 0.46000E+02, 0.40000E+02, 0.32350E+03, 0.20292E+00, 0.11884E-01
 0.47000E+02, 0.40000E+02, 0.32366E+03, 0.19938E+00, 0.12099E-01
 0.48000E+02, 0.40000E+02, 0.30722E+03, 0.20241E+00, 0.11589E-01
 0.49000E+02, 0.40000E+02, 0.32087E+03, 0.18012E+00, 0.13330E-01
 0.50000E+02, 0.40000E+02, 0.30668E+03, 0.18449E+00, 0.12703E-01
 0.51000E+02, 0.40000E+02, 0.28950E+03, 0.20586E+00, 0.11047E-01
 0.52000E+02, 0.40000E+02, 0.29014E+03, 0.20275E+00, 0.11229E-01
 0.53000E+02, 0.40000E+02, 0.31058E+03, 0.18359E+00, 0.12851E-01
 0.54000E+02, 0.40000E+02, 0.31520E+03, 0.16930E+00, 0.14046E-01
 0.55000E+02, 0.40000E+02, 0.28490E+03, 0.16929E+00, 0.13324E-01
 0.56000E+02, 0.40000E+02, 0.28661E+03, 0.16224E+00, 0.13945E-01
 0.57000E+02, 0.40000E+02, 0.25546E+03, 0.17690E+00, 0.12078E-01
 0.58000E+02, 0.40000E+02, 0.26417E+03, 0.17319E+00, 0.12540E-01
 0.59000E+02, 0.40000E+02, 0.27162E+03, 0.16591E+00, 0.13272E-01
 0.60000E+02, 0.40000E+02, 0.26845E+03, 0.16768E+00, 0.13055E-01
 0.61000E+02, 0.40000E+02, 0.25622E+03, 0.16792E+00, 0.12742E-01
 0.62000E+02, 0.40000E+02, 0.26763E+03, 0.15602E+00, 0.14009E-01
 0.63000E+02, 0.40000E+02, 0.22297E+03, 0.15333E+00, 0.13078E-01
 0.64000E+02, 0.40000E+02, 0.21307E+03, 0.15382E+00, 0.12776E-01
 0.65000E+02, 0.40000E+02, 0.22958E+03, 0.14818E+00, 0.13713E-01
 0.00000E+00, 0.41000E+02, 0.55294E+03, 0.22917E+00, 0.14570E-01
 0.10000E+01, 0.41000E+02, 0.53117E+03, 0.21992E+00, 0.14782E-01
 0.20000E+01, 0.41000E+02, 0.50158E+03, 0.21586E+00, 0.14506E-01
 0.30000E+01, 0.41000E+02, 0.48962E+03, 0.20862E+00, 0.14778E-01
 0.40000E+01, 0.41000E+02, 0.48632E+03, 0.19414E+00, 0.15812E-01
 0.50000E+01, 0.41000E+02, 0.46270E+03, 0.18518E+00, 0.16061E-01
 0.60000E+01, 0.41000E+02, 0.36876E+03, 0.23319E+00, 0.11126E-01
 0.70000E+01, 0.41000E+02, 0.37344E+03, 0.23203E+00, 0.11263E-01
 0.80000E+01, 0.41000E+02, 0.53501E+03, 0.20893E+00, 0.15634E-01
 0.90000E+01, 0.41000E+02, 0.50723E+03, 0.29775E+00, 0.10593E-01
 0.10000E+02, 0.41000E+02, 0.47404E+03, 0.30619E+00, 0.98632E-02
 0.11000E+02, 0.41000E+02, 0.45443E+03, 0.34905E+00, 0.84250E-02
 0.12000E+02, 0.41000E+02, 0.46100E+03, 0.45052E+00, 0.65864E-02
 0.13000E+02, 0.41000E+02, 0.66826E+03, 0.21271E+00, 0.17888E-01
 0.14000E+02, 0.41000E+02, 0.76246E+03, 0.22803E+00, 0.18356E-01
 0.15000E+02, 0.41000E+02, 0.81198E+03, 0.24466E+00, 0.17926E-01
 0.16000E+02, 0.41000E+02, 0.87235E+03, 0.22675E+00, 0.20419E-01
 0.17000E+02, 0.41000E+02, 0.96148E+03, 0.17529E+00, 0.28467E-01
 0.18000E+02, 0.41000E+02, 0.10336E+04, 0.19080E+00, 0.27682E-01
 0.19000E+02, 0.41000E+02, 0.10875E+04, 0.21986E+00, 0.25014E-01
 0.20000E+02, 0.41000E+02, 0.11065E+04, 0.31445E+00, 0.17733E-01
 0.21000E+02, 0.41000E+02, 0.10738E+04, 0.33588E+00, 0.16209E-01
 0.22000E+02, 0.41000E+02, 0.10306E+04, 0.19300E+00, 0.27302E-01
 0.23000E+02, 0.41000E+02, 0.10035E+04, 0.16106E+00, 0.32039E-01
 0.24000E+02, 0.41000E+02, 0.95346E+03, 0.15668E+00, 0.31643E-01
 0.25000E+02, 0.41000E+02, 0.86005E+03, 0.17219E+00, 0.26600E-01
 0.26000E+02, 0.41000E+02, 0.83922E+03, 0.16910E+00, 0.26587E-01
 0.27000E+02, 0.41000E+02, 0.88703E+03, 0.16919E+00, 0.27717E-01
 0.28000E+02, 0.41000E+02, 0.88945E+03, 0.19546E+00, 0.24041E-01
 0.29000E+02, 0.41000E+02, 0.84842E+03, 0.23534E+00, 0.19262E-01
 0.30000E+02, 0.41000E+02, 0.67341E+03, 0.34107E+00, 0.11217E-01
 0.31000E+02, 0.41000E+02, 0.71480E+03, 0.23889E+00, 0.16716E-01
 0.32000E+02, 0.41000E+02, 0.76398E+03, 0.18645E+00, 0.22483E-01
 0.33000E+02, 0.41000E+02, 0.79223E+03, 0.15734E+00, 0.27368E-01
 0.34000E+02, 0.41000E+02, 0.78211E+03, 0.17073E+00, 0.24982E-01
 0.35000E+02, 0.41000E+02, 0.73645E+03, 0.14429E+00, 0.28281E-01
 0.36000E+02, 0.41000E+02, 0.61683E+03, 0.14516E+00, 0.24781E-01
 0.37000E+02, 0.41000E+02, 0.53640E+03, 0.16424E+00, 0.19923E-01
 0.38000E+02, 0.41000E+02, 0.44429E+03, 0.19697E+00, 0.14722E-01
 0.39000E+02, 0.41000E+02, 0.45954E+03, 0.17332E+00, 0.17087E-01
 0.40000E+02, 0.41000E+02, 0.40362E+03, 0.18704E+00, 0.14624E-01
 0.41000E+02, 0.41000E+02, 0.29597E+03, 0.24728E+00, 0.93026E-02
 0.42000E+02, 0.41000E+02, 0.26637E+03, 0.25339E+00, 0.86059E-02
 0.43000E+02, 0.41000E+02, 0.30059E+03, 0.21706E+00, 0.10683E-01
 0.44000E+02, 0.41000E+02, 0.31537E+03, 0.19876E+00, 0.11967E-01
 0.45000E+02, 0.41000E+02, 0.26549E+03, 0.25011E+00, 0.87046E-02
 0.46000E+02, 0.41000E+02, 0.27607E+03, 0.23706E+00, 0.93640E-02
 0.47000E+02, 0.41000E+02, 0.30969E+03, 0.20397E+00, 0.11550E-01
 0.48000E+02, 0.41000E+02, 0.31410E+03, 0.20303E+00, 0.11691E-01
 0.49000E+02, 0.41000E+02, 0.30976E+03, 0.20393E+00, 0.11553E-01
 0.50000E+02, 0.41000E+02, 0.31804E+03, 0.19043E+00, 0.12548E-01
 0.51000E+02, 0.41000E+02, 0.31097E+03, 0.19492E+00, 0.12113E-01
 0.52000E+02, 0.41000E+02, 0.28950E+03, 0.19621E+00, 0.11591E-01
 0.53000E+02, 0.41000E+02, 0.31373E+03, 0.18075E+00, 0.13123E-01
 0.54000E+02, 0.41000E+02, 0.32700E+03, 0.16903E+00, 0.14351E-01
 0.55000E+02, 0.41000E+02, 0.27650E+03, 0.17415E+00, 0.12757E-01
 0.56000E+02, 0.41000E+02, 0.27033E+03, 0.17649E+00, 0.12446E-01
 0.57000E+02, 0.41000E+02, 0.26072E+03, 0.17724E+00, 0.12174E-01
 0.58000E+02, 0.41000E+02, 0.25453E+03, 0.17727E+00, 0.12031E-01
 0.59000E+02, 0.41000E+02, 0.26346E+03, 0.16981E+00, 0.12772E-01
 0.60000E+02, 0.41000E+02, 0.27005E+03, 0.16223E+00, 0.13533E-01
 0.61000E+02, 0.41000E+02, 0.26824E+03, 0.15975E+00, 0.13697E-01
 0.62000E+02, 0.41000E+02, 0.26697E+03, 0.14917E+00, 0.14635E-01
 0.63000E+02, 0.41000E+02, 0.20561E+03, 0.15501E+00, 0.12484E-01
 0.64000E+02, 0.41000E+02, 0.20395E+03, 0.15559E+00, 0.12394E-01
 0.65000E+02, 0.41000E+02, 0.22597E+03, 0.14722E+00, 0.13703E-01
 0.00000E+00, 0.42000E+02, 0.52951E+03, 0.22935E+00, 0.14145E-01
 0.10000E+01, 0.42000E+02, 0.54127E+03, 0.20264E+00, 0.16244E-01
 0.20000E+01, 0.42000E+02, 0.51549E+03, 0.20089E+00, 0.15867E-01
 0.30000E+01, 0.42000E+02, 0.50572E+03, 0.19447E+00, 0.16188E-01
 0.40000E+01, 0.42000E+02, 0.53888E+03, 0.17050E+00, 0.19249E-01
 0.50000E+01, 0.42000E+02, 0.45892E+03, 0.18212E+00, 0.16247E-01
 0.60000E+01, 0.42000E+02, 0.34400E+03, 0.23888E+00, 0.10442E-01
 0.70000E+01, 0.42000E+02, 0.33586E+03, 0.22783E+00, 0.10804E-01
 0.80000E+01, 0.42000E+02, 0.52266E+03, 0.18255E+00, 0.17620E-01
 0.90000E+01, 0.42000E+02, 0.47854E+03, 0.24689E+00, 0.12306E-01
 0.10000E+02, 0.42000E+02, 0.44907E+03, 0.28847E+00, 0.10119E-01
 0.11000E+02, 0.42000E+02, 0.45390E+03, 0.45029E+00, 0.65260E-02
 0.12000E+02, 0.42000E+02, 0.47681E+03, 0.35851E+00, 0.84550E-02
 0.13000E+02, 0.42000E+02, 0.71865E+03, 0.16494E+00, 0.24304E-01
 0.14000E+02, 0.42000E+02, 0.81430E+03, 0.18306E+00, 0.24010E-01
 0.15000E+02, 0.42000E+02, 0.87883E+03, 0.19309E+00, 0.24114E-01
 0.16000E+02, 0.42000E+02, 0.94112E+03, 0.17521E+00, 0.28011E-01
 0.17000E+02, 0.42000E+02, 0.10328E+04, 0.19228E+00, 0.27452E-01
 0.18000E+02, 0.42000E+02, 0.10744E+04, 0.22042E+00, 0.24709E-01
 0.19000E+02, 0.42000E+02, 0.11041E+04, 0.22315E+00, 0.24946E-01
 0.20000E+02, 0.42000E+02, 0.11030E+04, 0.24518E+00, 0.22686E-01
 0.21000E+02, 0.42000E+02, 0.10385E+04, 0.16489E+00, 0.32151E-01
 0.22000E+02, 0.42000E+02, 0.10004E+04, 0.15966E+00, 0.32241E-01
 0.23000E+02, 0.42000E+02, 0.98741E+03, 0.16610E+00, 0.30674E-01
 0.24000E+02, 0.42000E+02, 0.94548E+03, 0.16038E+00, 0.30711E-01
 0.25000E+02, 0.42000E+02, 0.90357E+03, 0.15222E+00, 0.31244E-01
 0.26000E+02, 0.42000E+02, 0.91210E+03, 0.15327E+00, 0.31256E-01
 0.27000E+02, 0.42000E+02, 0.93225E+03, 0.16352E+00, 0.29794E-01
 0.28000E+02, 0.42000E+02, 0.10019E+04, 0.16927E+00, 0.30446E-01
 0.29000E+02, 0.42000E+02, 0.95364E+03, 0.22973E+00, 0.21584E-01
 0.30000E+02, 0.42000E+02, 0.88020E+03, 0.22083E+00, 0.21110E-01
 0.31000E+02, 0.42000E+02, 0.86912E+03, 0.18713E+00, 0.24672E-01
 0.32000E+02, 0.42000E+02, 0.86732E+03, 0.16823E+00, 0.27401E-01
 0.33000E+02, 0.42000E+02, 0.76812E+03, 0.23935E+00, 0.17584E-01
 0.34000E+02, 0.42000E+02, 0.57645E+03, 0.27720E+00, 0.12388E-01
 0.35000E+02, 0.42000E+02, 0.54912E+03, 0.23160E+00, 0.14350E-01
 0.36000E+02, 0.42000E+02, 0.54000E+03, 0.19445E+00, 0.16903E-01
 0.37000E+02, 0.42000E+02, 0.34495E+03, 0.26342E+00, 0.94839E-02
 0.38000E+02, 0.42000E+02, 0.35507E+03, 0.25998E+00, 0.97667E-02
 0.39000E+02, 0.42000E+02, 0.35979E+03, 0.22627E+00, 0.11306E-01
 0.40000E+02, 0.42000E+02, 0.26708E+03, 0.26367E+00, 0.82812E-02
 0.41000E+02, 0.42000E+02, 0.24616E+03, 0.26272E+00, 0.79893E-02
 0.42000E+02, 0.42000E+02, 0.28953E+03, 0.22260E+00, 0.10217E-01
 0.43000E+02, 0.42000E+02, 0.26639E+03, 0.23470E+00, 0.92915E-02
 0.44000E+02, 0.42000E+02, 0.24853E+03, 0.24519E+00, 0.85997E-02
 0.45000E+02, 0.42000E+02, 0.25572E+03, 0.23754E+00, 0.89990E-02
 0.46000E+02, 0.42000E+02, 0.28629E+03, 0.22005E+00, 0.10275E-01
 0.47000E+02, 0.42000E+02, 0.30597E+03, 0.20988E+00, 0.11152E-01
 0.48000E+02, 0.42000E+02, 0.26418E+03, 0.21867E+00, 0.99317E-02
 0.49000E+02, 0.42000E+02, 0.26784E+03, 0.21387E+00, 0.10224E-01
 0.50000E+02, 0.42000E+02, 0.29131E+03, 0.20418E+00, 0.11174E-01
 0.51000E+02, 0.42000E+02, 0.27957E+03, 0.20274E+00, 0.11019E-01
 0.52000E+02, 0.42000E+02, 0.28429E+03, 0.19642E+00, 0.11471E-01
 0.53000E+02, 0.42000E+02, 0.29683E+03, 0.18825E+00, 0.12238E-01
 0.54000E+02, 0.42000E+02, 0.32118E+03, 0.17086E+00, 0.14059E-01
 0.55000E+02, 0.42000E+02, 0.29197E+03, 0.17467E+00, 0.13077E-01
 0.56000E+02, 0.42000E+02, 0.30655E+03, 0.16934E+00, 0.13837E-01
 0.57000E+02, 0.42000E+02, 0.29664E+03, 0.16024E+00, 0.14372E-01
 0.58000E+02, 0.42000E+02, 0.29279E+03, 0.15330E+00, 0.14921E-01
 0.59000E+02, 0.42000E+02, 0.25172E+03, 0.17295E+00, 0.12266E-01
 0.60000E+02, 0.42000E+02, 0.25381E+03, 0.17245E+00, 0.12351E-01
 0.61000E+02, 0.42000E+02, 0.24935E+03, 0.17151E+00, 0.12313E-01
 0.62000E+02, 0.42000E+02, 0.27849E+03, 0.15750E+00, 0.14156E-01
 0.63000E+02, 0.42000E+02, 0.27164E+03, 0.14531E+00, 0.15154E-01
 0.64000E+02, 0.42000E+02, 0.26885E+03, 0.14254E+00, 0.15368E-01
 0.65000E+02, 0.42000E+02, 0.22644E+03, 0.14667E+00, 0.13768E-01
 0.00000E+00, 0.43000E+02, 0.66705E+03, 0.25506E+00, 0.14899E-01
 0.10000E+01, 0.43000E+02, 0.68757E+03, 0.20642E+00, 0.18811E-01
 0.20000E+01, 0.43000E+02, 0.67766E+03, 0.18412E+00, 0.20872E-01
 0.30000E+01, 0.43000E+02, 0.58280E+03, 0.18218E+00, 0.18990E-01
 0.40000E+01, 0.43000E+02, 0.55080E+03, 0.17507E+00, 0.19023E-01
 0.50000E+01, 0.43000E+02, 0.44386E+03, 0.18546E+00, 0.15626E-01
 0.60000E+01, 0.43000E+02, 0.31802E+03, 0.23110E+00, 0.10339E-01
 0.70000E+01, 0.43000E+02, 0.30886E+03, 0.21895E+00, 0.10744E-01
 0.80000E+01, 0.43000E+02, 0.51341E+03, 0.17323E+00, 0.18352E-01
 0.90000E+01, 0.43000E+02, 0.47788E+03, 0.23535E+00, 0.12898E-01
 0.10000E+02, 0.43000E+02, 0.46214E+03, 0.27693E+00, 0.10732E-01
 0.11000E+02, 0.43000E+02, 0.47325E+03, 0.36895E+00, 0.81767E-02
 0.12000E+02, 0.43000E+02, 0.47091E+03, 0.47377E+00, 0.63477E-02
 0.13000E+02, 0.43000E+02, 0.73780E+03, 0.17127E+00, 0.23858E-01
 0.14000E+02, 0.43000E+02, 0.82370E+03, 0.16097E+00, 0.27541E-01
 0.15000E+02, 0.43000E+02, 0.91936E+03, 0.21973E+00, 0.21936E-01
 0.16000E+02, 0.43000E+02, 0.97299E+03, 0.21041E+00, 0.23937E-01
 0.17000E+02, 0.43000E+02, 0.98376E+03, 0.16246E+00, 0.31270E-01
 0.18000E+02, 0.43000E+02, 0.10262E+04, 0.16268E+00, 0.32282E-01
 0.19000E+02, 0.43000E+02, 0.10424E+04, 0.16765E+00, 0.31717E-01
 0.20000E+02, 0.43000E+02, 0.10345E+04, 0.16129E+00, 0.32770E-01
 0.21000E+02, 0.43000E+02, 0.10232E+04, 0.16391E+00, 0.31967E-01
 0.22000E+02, 0.43000E+02, 0.96612E+03, 0.15709E+00, 0.31886E-01
 0.23000E+02, 0.43000E+02, 0.91570E+03, 0.15689E+00, 0.30627E-01
 0.24000E+02, 0.43000E+02, 0.89358E+03, 0.21895E+00, 0.21538E-01
 0.25000E+02, 0.43000E+02, 0.92519E+03, 0.17755E+00, 0.27280E-01
 0.26000E+02, 0.43000E+02, 0.90740E+03, 0.18093E+00, 0.26372E-01
 0.27000E+02, 0.43000E+02, 0.89373E+03, 0.19394E+00, 0.24318E-01
 0.28000E+02, 0.43000E+02, 0.99763E+03, 0.16248E+00, 0.31612E-01
 0.29000E+02, 0.43000E+02, 0.10403E+04, 0.18779E+00, 0.28270E-01
 0.30000E+02, 0.43000E+02, 0.95997E+03, 0.17346E+00, 0.28734E-01
 0.31000E+02, 0.43000E+02, 0.99287E+03, 0.17225E+00, 0.29706E-01
 0.32000E+02, 0.43000E+02, 0.10227E+04, 0.16255E+00, 0.32220E-01
 0.33000E+02, 0.43000E+02, 0.91795E+03, 0.21552E+00, 0.22338E-01
 0.34000E+02, 0.43000E+02, 0.66892E+03, 0.27505E+00, 0.13844E-01
 0.35000E+02, 0.43000E+02, 0.55146E+03, 0.23814E+00, 0.13996E-01
 0.36000E+02, 0.43000E+02, 0.30409E+03, 0.28819E+00, 0.80957E-02
 0.37000E+02, 0.43000E+02, 0.26096E+03, 0.31279E+00, 0.69017E-02
 0.38000E+02, 0.43000E+02, 0.26123E+03, 0.27242E+00, 0.79286E-02
 0.39000E+02, 0.43000E+02, 0.25637E+03, 0.26237E+00, 0.81572E-02
 0.40000E+02, 0.43000E+02, 0.21422E+03, 0.28265E+00, 0.69694E-02
 0.41000E+02, 0.43000E+02, 0.25378E+03, 0.24341E+00, 0.87497E-02
 0.42000E+02, 0.43000E+02, 0.28721E+03, 0.21785E+00, 0.10396E-01
 0.43000E+02, 0.43000E+02, 0.27779E+03, 0.22081E+00, 0.10085E-01
 0.44000E+02, 0.43000E+02, 0.29035E+03, 0.21633E+00, 0.10528E-01
 0.45000E+02, 0.43000E+02, 0.28381E+03, 0.20680E+00, 0.10886E-01
 0.46000E+02, 0.43000E+02, 0.28873E+03, 0.21039E+00, 0.10794E-01
 0.47000E+02, 0.43000E+02, 0.30019E+03, 0.20860E+00, 0.11109E-01
 0.48000E+02, 0.43000E+02, 0.24650E+03, 0.22003E+00, 0.95456E-02
 0.49000E+02, 0.43000E+02, 0.24345E+03, 0.21473E+00, 0.97241E-02
 0.50000E+02, 0.43000E+02, 0.27271E+03, 0.20623E+00, 0.10698E-01
 0.51000E+02, 0.43000E+02, 0.29796E+03, 0.19895E+00, 0.11603E-01
 0.52000E+02, 0.43000E+02, 0.31270E+03, 0.18619E+00, 0.12717E-01
 0.53000E+02, 0.43000E+02, 0.30521E+03, 0.18389E+00, 0.12712E-01
 0.54000E+02, 0.43000E+02, 0.30965E+03, 0.18016E+00, 0.13075E-01
 0.55000E+02, 0.43000E+02, 0.31580E+03, 0.16634E+00, 0.14310E-01
 0.56000E+02, 0.43000E+02, 0.32305E+03, 0.15914E+00, 0.15143E-01
 0.57000E+02, 0.43000E+02, 0.31851E+03, 0.15302E+00, 0.15628E-01
 0.58000E+02, 0.43000E+02, 0.31745E+03, 0.14745E+00, 0.16189E-01
 0.59000E+02, 0.43000E+02, 0.29381E+03, 0.15102E+00, 0.15173E-01
 0.60000E+02, 0.43000E+02, 0.28704E+03, 0.15275E+00, 0.14823E-01
 0.61000E+02, 0.43000E+02, 0.23676E+03, 0.17198E+00, 0.11983E-01
 0.62000E+02, 0.43000E+02, 0.26024E+03, 0.16689E+00, 0.12918E-01
 0.63000E+02, 0.43000E+02, 0.28042E+03, 0.15633E+00, 0.14312E-01
 0.64000E+02, 0.43000E+02, 0.28206E+03, 0.14394E+00, 0.15590E-01
 0.65000E+02, 0.43000E+02, 0.23748E+03, 0.14170E+00, 0.14565E-01
 0.00000E+00, 0.44000E+02, 0.52121E+03, 0.37487E+00, 0.85647E-02
 0.10000E+01, 0.44000E+02, 0.10125E+04, 0.22308E+00, 0.23294E-01
 0.20000E+01, 0.44000E+02, 0.82182E+03, 0.17060E+00, 0.25942E-01
 0.30000E+01, 0.44000E+02, 0.65569E+03, 0.18676E+00, 0.20101E-01
 0.40000E+01, 0.44000E+02, 0.64477E+03, 0.17058E+00, 0.21750E-01
 0.50000E+01, 0.44000E+02, 0.48306E+03, 0.17908E+00, 0.17068E-01
 0.60000E+01, 0.44000E+02, 0.30126E+03, 0.22095E+00, 0.10508E-01
 0.70000E+01, 0.44000E+02, 0.31579E+03, 0.22171E+00, 0.10736E-01
 0.80000E+01, 0.44000E+02, 0.48421E+03, 0.16259E+00, 0.18827E-01
 0.90000E+01, 0.44000E+02, 0.46781E+03, 0.21879E+00, 0.13688E-01
 0.10000E+02, 0.44000E+02, 0.47771E+03, 0.22589E+00, 0.13435E-01
 0.11000E+02, 0.44000E+02, 0.50510E+03, 0.25382E+00, 0.12393E-01
 0.12000E+02, 0.44000E+02, 0.50401E+03, 0.40334E+00, 0.77877E-02
 0.13000E+02, 0.44000E+02, 0.64289E+03, 0.31882E+00, 0.11613E-01
 0.14000E+02, 0.44000E+02, 0.80570E+03, 0.23395E+00, 0.18638E-01
 0.15000E+02, 0.44000E+02, 0.89745E+03, 0.22621E+00, 0.20916E-01
 0.16000E+02, 0.44000E+02, 0.93115E+03, 0.19472E+00, 0.24998E-01
 0.17000E+02, 0.44000E+02, 0.94937E+03, 0.19153E+00, 0.25798E-01
 0.18000E+02, 0.44000E+02, 0.98665E+03, 0.18370E+00, 0.27719E-01
 0.19000E+02, 0.44000E+02, 0.98376E+03, 0.17330E+00, 0.29314E-01
 0.20000E+02, 0.44000E+02, 0.98349E+03, 0.16744E+00, 0.30335E-01
 0.21000E+02, 0.44000E+02, 0.10281E+04, 0.16927E+00, 0.31073E-01
 0.22000E+02, 0.44000E+02, 0.10013E+04, 0.17274E+00, 0.29819E-01
 0.23000E+02, 0.44000E+02, 0.95826E+03, 0.22005E+00, 0.22618E-01
 0.24000E+02, 0.44000E+02, 0.92767E+03, 0.28088E+00, 0.17280E-01
 0.25000E+02, 0.44000E+02, 0.89232E+03, 0.27420E+00, 0.17180E-01
 0.26000E+02, 0.44000E+02, 0.87788E+03, 0.22248E+00, 0.20911E-01
 0.27000E+02, 0.44000E+02, 0.91098E+03, 0.16774E+00, 0.28533E-01
 0.28000E+02, 0.44000E+02, 0.89466E+03, 0.15971E+00, 0.29554E-01
 0.29000E+02, 0.44000E+02, 0.86046E+03, 0.19130E+00, 0.23951E-01
 0.30000E+02, 0.44000E+02, 0.93517E+03, 0.16775E+00, 0.29113E-01
 0.31000E+02, 0.44000E+02, 0.10161E+04, 0.16381E+00, 0.31810E-01
 0.32000E+02, 0.44000E+02, 0.92635E+03, 0.16098E+00, 0.30116E-01
 0.33000E+02, 0.44000E+02, 0.88323E+03, 0.20547E+00, 0.22747E-01
 0.34000E+02, 0.44000E+02, 0.70220E+03, 0.23035E+00, 0.17114E-01
 0.35000E+02, 0.44000E+02, 0.62219E+03, 0.17413E+00, 0.20782E-01
 0.36000E+02, 0.44000E+02, 0.39496E+03, 0.17631E+00, 0.15316E-01
 0.37000E+02, 0.44000E+02, 0.24551E+03, 0.27079E+00, 0.77417E-02
 0.38000E+02, 0.44000E+02, 0.20545E+03, 0.28816E+00, 0.67131E-02
 0.39000E+02, 0.44000E+02, 0.21349E+03, 0.27498E+00, 0.71531E-02
 0.40000E+02, 0.44000E+02, 0.22843E+03, 0.24507E+00, 0.82724E-02
 0.41000E+02, 0.44000E+02, 0.24025E+03, 0.24814E+00, 0.83625E-02
 0.42000E+02, 0.44000E+02, 0.26281E+03, 0.22622E+00, 0.95760E-02
 0.43000E+02, 0.44000E+02, 0.23397E+03, 0.23943E+00, 0.85608E-02
 0.44000E+02, 0.44000E+02, 0.31167E+03, 0.18225E+00, 0.12970E-01
 0.45000E+02, 0.44000E+02, 0.30200E+03, 0.15700E+00, 0.14807E-01
 0.46000E+02, 0.44000E+02, 0.28204E+03, 0.16066E+00, 0.13967E-01
 0.47000E+02, 0.44000E+02, 0.28145E+03, 0.18210E+00, 0.12310E-01
 0.48000E+02, 0.44000E+02, 0.31793E+03, 0.16835E+00, 0.14191E-01
 0.49000E+02, 0.44000E+02, 0.31893E+03, 0.16781E+00, 0.14261E-01
 0.50000E+02, 0.44000E+02, 0.28838E+03, 0.19199E+00, 0.11822E-01
 0.51000E+02, 0.44000E+02, 0.30067E+03, 0.18315E+00, 0.12663E-01
 0.52000E+02, 0.44000E+02, 0.27332E+03, 0.19149E+00, 0.11535E-01
 0.53000E+02, 0.44000E+02, 0.25703E+03, 0.19538E+00, 0.10968E-01
 0.54000E+02, 0.44000E+02, 0.27593E+03, 0.18488E+00, 0.12004E-01
 0.55000E+02, 0.44000E+02, 0.30910E+03, 0.16669E+00, 0.14118E-01
 0.56000E+02, 0.44000E+02, 0.31811E+03, 0.15887E+00, 0.15043E-01
 0.57000E+02, 0.44000E+02, 0.31950E+03, 0.15682E+00, 0.15275E-01
 0.58000E+02, 0.44000E+02, 0.32477E+03, 0.15120E+00, 0.15984E-01
 0.59000E+02, 0.44000E+02, 0.32973E+03, 0.14113E+00, 0.17266E-01
 0.60000E+02, 0.44000E+02, 0.29480E+03, 0.14531E+00, 0.15798E-01
 0.61000E+02, 0.44000E+02, 0.23561E+03, 0.17867E+00, 0.11509E-01
 0.62000E+02, 0.44000E+02, 0.22332E+03, 0.17897E+00, 0.11212E-01
 0.63000E+02, 0.44000E+02, 0.25877E+03, 0.16115E+00, 0.13341E-01
 0.64000E+02, 0.44000E+02, 0.27291E+03, 0.14391E+00, 0.15337E-01
 0.65000E+02, 0.44000E+02, 0.23782E+03, 0.14084E+00, 0.14664E-01
 0.00000E+00, 0.45000E+02, 0.43612E+03, 0.40102E+00, 0.71487E-02
 0.10000E+01, 0.45000E+02, 0.71246E+03, 0.31731E+00, 0.12554E-01
 0.20000E+01, 0.45000E+02, 0.87054E+03, 0.16462E+00, 0.28080E-01
 0.30000E+01, 0.45000E+02, 0.75132E+03, 0.16673E+00, 0.24835E-01
 0.40000E+01, 0.45000E+02, 0.58029E+03, 0.15593E+00, 0.22122E-01
 0.50000E+01, 0.45000E+02, 0.53315E+03, 0.14714E+00, 0.22148E-01
 0.60000E+01, 0.45000E+02, 0.29755E+03, 0.21511E+00, 0.10723E-01
 0.70000E+01, 0.45000E+02, 0.29399E+03, 0.21200E+00, 0.10813E-01
 0.80000E+01, 0.45000E+02, 0.47936E+03, 0.15943E+00, 0.19078E-01
 0.90000E+01, 0.45000E+02, 0.50361E+03, 0.16807E+00, 0.18679E-01
 0.10000E+02, 0.45000E+02, 0.53079E+03, 0.17109E+00, 0.18993E-01
 0.11000E+02, 0.45000E+02, 0.55229E+03, 0.17944E+00, 0.18593E-01
 0.12000E+02, 0.45000E+02, 0.51801E+03, 0.26126E+00, 0.12240E-01
 0.13000E+02, 0.45000E+02, 0.62599E+03, 0.22025E+00, 0.16500E-01
 0.14000E+02, 0.45000E+02, 0.71063E+03, 0.15738E+00, 0.25265E-01
 0.15000E+02, 0.45000E+02, 0.75953E+03, 0.15672E+00, 0.26632E-01
 0.16000E+02, 0.45000E+02, 0.77646E+03, 0.14511E+00, 0.29236E-01
 0.17000E+02, 0.45000E+02, 0.80609E+03, 0.16685E+00, 0.26144E-01
 0.18000E+02, 0.45000E+02, 0.83170E+03, 0.18701E+00, 0.23879E-01
 0.19000E+02, 0.45000E+02, 0.82808E+03, 0.16371E+00, 0.27188E-01
 0.20000E+02, 0.45000E+02, 0.87475E+03, 0.15778E+00, 0.29405E-01
 0.21000E+02, 0.45000E+02, 0.91451E+03, 0.18066E+00, 0.26571E-01
 0.22000E+02, 0.45000E+02, 0.95633E+03, 0.17441E+00, 0.28492E-01
 0.23000E+02, 0.45000E+02, 0.97531E+03, 0.17555E+00, 0.28744E-01
 0.24000E+02, 0.45000E+02, 0.96617E+03, 0.18631E+00, 0.26886E-01
 0.25000E+02, 0.45000E+02, 0.91594E+03, 0.20477E+00, 0.23471E-01
 0.26000E+02, 0.45000E+02, 0.90243E+03, 0.19373E+00, 0.24526E-01
 0.27000E+02, 0.45000E+02, 0.81871E+03, 0.17091E+00, 0.25821E-01
 0.28000E+02, 0.45000E+02, 0.81147E+03, 0.17047E+00, 0.25717E-01
 0.29000E+02, 0.45000E+02, 0.74280E+03, 0.17337E+00, 0.23686E-01
 0.30000E+02, 0.45000E+02, 0.70743E+03, 0.15955E+00, 0.24841E-01
 0.31000E+02, 0.45000E+02, 0.82693E+03, 0.16428E+00, 0.27066E-01
 0.32000E+02, 0.45000E+02, 0.85025E+03, 0.16359E+00, 0.27755E-01
 0.33000E+02, 0.45000E+02, 0.84053E+03, 0.17110E+00, 0.26308E-01
 0.34000E+02, 0.45000E+02, 0.83292E+03, 0.15729E+00, 0.28422E-01
 0.35000E+02, 0.45000E+02, 0.65656E+03, 0.15082E+00, 0.24916E-01
 0.36000E+02, 0.45000E+02, 0.51094E+03, 0.15099E+00, 0.20989E-01
 0.37000E+02, 0.45000E+02, 0.52756E+03, 0.14711E+00, 0.22000E-01
 0.38000E+02, 0.45000E+02, 0.36173E+03, 0.17902E+00, 0.14334E-01
 0.39000E+02, 0.45000E+02, 0.17308E+03, 0.29246E+00, 0.61669E-02
 0.40000E+02, 0.45000E+02, 0.21652E+03, 0.23907E+00, 0.82786E-02
 0.41000E+02, 0.45000E+02, 0.19310E+03, 0.26008E+00, 0.72457E-02
 0.42000E+02, 0.45000E+02, 0.17751E+03, 0.26843E+00, 0.67857E-02
 0.43000E+02, 0.45000E+02, 0.20884E+03, 0.23245E+00, 0.83807E-02
 0.44000E+02, 0.45000E+02, 0.24110E+03, 0.20067E+00, 0.10358E-01
 0.45000E+02, 0.45000E+02, 0.30544E+03, 0.15698E+00, 0.14897E-01
 0.46000E+02, 0.45000E+02, 0.36763E+03, 0.12637E+00, 0.20494E-01
 0.47000E+02, 0.45000E+02, 0.31902E+03, 0.12463E+00, 0.19204E-01
 0.48000E+02, 0.45000E+02, 0.27468E+03, 0.16001E+00, 0.13838E-01
 0.49000E+02, 0.45000E+02, 0.30282E+03, 0.13941E+00, 0.16699E-01
 0.50000E+02, 0.45000E+02, 0.28073E+03, 0.16423E+00, 0.13631E-01
 0.51000E+02, 0.45000E+02, 0.29228E+03, 0.16163E+00, 0.14140E-01
 0.52000E+02, 0.45000E+02, 0.27889E+03, 0.17954E+00, 0.12427E-01
 0.53000E+02, 0.45000E+02, 0.26106E+03, 0.18437E+00, 0.11711E-01
 0.54000E+02, 0.45000E+02, 0.26414E+03, 0.17760E+00, 0.12227E-01
 0.55000E+02, 0.45000E+02, 0.27153E+03, 0.17431E+00, 0.12630E-01
 0.56000E+02, 0.45000E+02, 0.28783E+03, 0.16671E+00, 0.13601E-01
 0.57000E+02, 0.45000E+02, 0.30181E+03, 0.14947E+00, 0.15548E-01
 0.58000E+02, 0.45000E+02, 0.31570E+03, 0.12761E+00, 0.18650E-01
 0.59000E+02, 0.45000E+02, 0.30789E+03, 0.12799E+00, 0.18349E-01
 0.60000E+02, 0.45000E+02, 0.30815E+03, 0.12554E+00, 0.18715E-01
 0.61000E+02, 0.45000E+02, 0.29106E+03, 0.13047E+00, 0.17479E-01
 0.62000E+02, 0.45000E+02, 0.25528E+03, 0.14474E+00, 0.14756E-01
 0.63000E+02, 0.45000E+02, 0.19887E+03, 0.17765E+00, 0.10739E-01
 0.64000E+02, 0.45000E+02, 0.22015E+03, 0.15468E+00, 0.12890E-01
 0.65000E+02, 0.45000E+02, 0.23083E+03, 0.14292E+00, 0.14252E-01
 0.00000E+00, 0.46000E+02, 0.37967E+03, 0.96666E+00, 0.27296E-02
 0.10000E+01, 0.46000E+02, 0.38635E+03, 0.83835E+00, 0.31795E-02
 0.20000E+01, 0.46000E+02, 0.39112E+03, 0.74971E+00, 0.35812E-02
 0.30000E+01, 0.46000E+02, 0.39628E+03, 0.80825E+00, 0.33476E-02
 0.40000E+01, 0.46000E+02, 0.42492E+03, 0.11546E+01, 0.24436E-02
 0.50000E+01, 0.46000E+02, 0.57514E+03, 0.24458E+01, 0.14018E-02
 0.60000E+01, 0.46000E+02, 0.60080E+03, 0.44747E+01, 0.78940E-03
 0.70000E+01, 0.46000E+02, 0.54013E+03, 0.46279E+01, 0.71029E-03
 0.80000E+01, 0.46000E+02, 0.49779E+03, 0.35164E+01, 0.88614E-03
 0.90000E+01, 0.46000E+02, 0.44633E+03, 0.23541E+01, 0.12353E-02
 0.10000E+02, 0.46000E+02, 0.43611E+03, 0.23344E+01, 0.12280E-02
 0.11000E+02, 0.46000E+02, 0.42373E+03, 0.20746E+01, 0.13577E-02
 0.12000E+02, 0.46000E+02, 0.40289E+03, 0.15496E+01, 0.17634E-02
 0.13000E+02, 0.46000E+02, 0.38007E+03, 0.12356E+01, 0.21368E-02
 0.14000E+02, 0.46000E+02, 0.40393E+03, 0.14502E+01, 0.18871E-02
 0.15000E+02, 0.46000E+02, 0.40648E+03, 0.16068E+01, 0.17096E-02
 0.16000E+02, 0.46000E+02, 0.40217E+03, 0.22253E+01, 0.12266E-02
 0.17000E+02, 0.46000E+02, 0.34901E+03, 0.15018E+01, 0.16744E-02
 0.18000E+02, 0.46000E+02, 0.21073E+03, 0.21195E+00, 0.92273E-02
 0.19000E+02, 0.46000E+02, 0.22412E+03, 0.30110E+00, 0.66752E-02
 0.20000E+02, 0.46000E+02, 0.22557E+03, 0.34861E+00, 0.57822E-02
 0.21000E+02, 0.46000E+02, 0.22879E+03, 0.42690E+00, 0.47522E-02
 0.22000E+02, 0.46000E+02, 0.32568E+03, 0.27025E+00, 0.89559E-02
 0.23000E+02, 0.46000E+02, 0.30580E+03, 0.30398E+00, 0.76978E-02
 0.24000E+02, 0.46000E+02, 0.38917E+03, 0.29275E+00, 0.91443E-02
 0.25000E+02, 0.46000E+02, 0.51611E+03, 0.24646E+00, 0.12943E-01
 0.26000E+02, 0.46000E+02, 0.77315E+03, 0.17222E+00, 0.24556E-01
 0.27000E+02, 0.46000E+02, 0.77569E+03, 0.14902E+00, 0.28448E-01
 0.28000E+02, 0.46000E+02, 0.23744E+03, 0.22705E+00, 0.90893E-02
 0.29000E+02, 0.46000E+02, 0.28079E+03, 0.25854E+00, 0.86598E-02
 0.30000E+02, 0.46000E+02, 0.47904E+03, 0.22543E+00, 0.13486E-01
 0.31000E+02, 0.46000E+02, 0.32602E+03, 0.13793E+00, 0.17558E-01
 0.32000E+02, 0.46000E+02, 0.47333E+03, 0.15180E+00, 0.19876E-01
 0.33000E+02, 0.46000E+02, 0.52850E+03, 0.14511E+00, 0.22329E-01
 0.34000E+02, 0.46000E+02, 0.22000E+02, 0.30000E+02, 0.00000E+00
 0.35000E+02, 0.46000E+02, 0.35147E+03, 0.13420E+00, 0.18813E-01
 0.36000E+02, 0.46000E+02, 0.45280E+03, 0.13922E+00, 0.21077E-01
 0.37000E+02, 0.46000E+02, 0.85240E+02, 0.52778E+00, 0.27446E-02
 0.38000E+02, 0.46000E+02, 0.86578E+02, 0.54054E+00, 0.26898E-02
 0.39000E+02, 0.46000E+02, 0.76215E+02, 0.63060E+00, 0.22392E-02
 0.40000E+02, 0.46000E+02, 0.47715E+02, 0.12249E+01, 0.10587E-02
 0.41000E+02, 0.46000E+02, 0.42213E+02, 0.15334E+01, 0.83125E-03
 0.42000E+02, 0.46000E+02, 0.43070E+02, 0.13801E+01, 0.92608E-03
 0.43000E+02, 0.46000E+02, 0.60624E+02, 0.72203E+00, 0.18684E-02
 0.44000E+02, 0.46000E+02, 0.53734E+02, 0.84405E+00, 0.15653E-02
 0.45000E+02, 0.46000E+02, 0.37059E+02, 0.17580E+01, 0.71322E-03
 0.46000E+02, 0.46000E+02, 0.64907E+02, 0.71755E+00, 0.19042E-02
 0.47000E+02, 0.46000E+02, 0.64178E+02, 0.71858E+00, 0.18974E-02
 0.48000E+02, 0.46000E+02, 0.97152E+02, 0.42672E+00, 0.35074E-02
 0.49000E+02, 0.46000E+02, 0.38874E+02, 0.15856E+01, 0.79536E-03
 0.50000E+02, 0.46000E+02, 0.33880E+02, 0.21551E+01, 0.57582E-03
 0.51000E+02, 0.46000E+02, 0.33607E+02, 0.22274E+01, 0.55665E-03
 0.52000E+02, 0.46000E+02, 0.32074E+02, 0.25609E+01, 0.48173E-03
 0.53000E+02, 0.46000E+02, 0.36731E+02, 0.17099E+01, 0.73250E-03
 0.54000E+02, 0.46000E+02, 0.40196E+02, 0.13863E+01, 0.91357E-03
 0.55000E+02, 0.46000E+02, 0.84611E+02, 0.36082E+00, 0.40075E-02
 0.56000E+02, 0.46000E+02, 0.82011E+02, 0.38265E+00, 0.37515E-02
 0.57000E+02, 0.46000E+02, 0.10350E+03, 0.31431E+00, 0.48434E-02
 0.58000E+02, 0.46000E+02, 0.69133E+02, 0.46588E+00, 0.29695E-02
 0.59000E+02, 0.46000E+02, 0.74582E+02, 0.41744E+00, 0.33669E-02
 0.60000E+02, 0.46000E+02, 0.80914E+02, 0.37027E+00, 0.38650E-02
 0.61000E+02, 0.46000E+02, 0.62830E+02, 0.49793E+00, 0.27273E-02
 0.62000E+02, 0.46000E+02, 0.90706E+02, 0.32695E+00, 0.44981E-02
 0.63000E+02, 0.46000E+02, 0.74810E+02, 0.41269E+00, 0.34079E-02
 0.64000E+02, 0.46000E+02, 0.20957E+03, 0.16259E+00, 0.12000E-01
 0.65000E+02, 0.46000E+02, 0.23936E+03, 0.14210E+00, 0.14578E-01
 0.00000E+00, 0.47000E+02, 0.39087E+03, 0.96194E+00, 0.27900E-02
 0.10000E+01, 0.47000E+02, 0.39348E+03, 0.84129E+00, 0.32027E-02
 0.20000E+01, 0.47000E+02, 0.38436E+03, 0.69614E+00, 0.38176E-02
 0.30000E+01, 0.47000E+02, 0.38252E+03, 0.74511E+00, 0.35567E-02
 0.40000E+01, 0.47000E+02, 0.40949E+03, 0.10012E+01, 0.27558E-02
 0.50000E+01, 0.47000E+02, 0.63492E+03, 0.38707E+01, 0.94821E-03
 0.60000E+01, 0.47000E+02, 0.73672E+03, 0.23005E+02, 0.17743E-03
 0.70000E+01, 0.47000E+02, 0.59549E+03, 0.35709E+01, 0.98320E-03
 0.80000E+01, 0.47000E+02, 0.48707E+03, 0.24174E+01, 0.12711E-02
 0.90000E+01, 0.47000E+02, 0.41473E+03, 0.13325E+01, 0.20865E-02
 0.10000E+02, 0.47000E+02, 0.38962E+03, 0.12629E+01, 0.21211E-02
 0.11000E+02, 0.47000E+02, 0.37714E+03, 0.12435E+01, 0.21136E-02
 0.12000E+02, 0.47000E+02, 0.38629E+03, 0.12316E+01, 0.21642E-02
 0.13000E+02, 0.47000E+02, 0.37084E+03, 0.11600E+01, 0.22439E-02
 0.14000E+02, 0.47000E+02, 0.37569E+03, 0.11368E+01, 0.23070E-02
 0.15000E+02, 0.47000E+02, 0.37409E+03, 0.11655E+01, 0.22446E-02
 0.16000E+02, 0.47000E+02, 0.39614E+03, 0.17686E+01, 0.15296E-02
 0.17000E+02, 0.47000E+02, 0.38020E+03, 0.17059E+01, 0.15480E-02
 0.18000E+02, 0.47000E+02, 0.21537E+03, 0.14488E+00, 0.13629E-01
 0.19000E+02, 0.47000E+02, 0.22779E+03, 0.28488E+00, 0.71074E-02
 0.20000E+02, 0.47000E+02, 0.22826E+03, 0.35222E+00, 0.57538E-02
 0.21000E+02, 0.47000E+02, 0.23382E+03, 0.45475E+00, 0.45059E-02
 0.22000E+02, 0.47000E+02, 0.30656E+03, 0.28611E+00, 0.81894E-02
 0.23000E+02, 0.47000E+02, 0.34954E+03, 0.30226E+00, 0.83267E-02
 0.24000E+02, 0.47000E+02, 0.34015E+03, 0.32590E+00, 0.76062E-02
 0.25000E+02, 0.47000E+02, 0.53970E+03, 0.24736E+00, 0.13282E-01
 0.26000E+02, 0.47000E+02, 0.66842E+03, 0.22548E+00, 0.16878E-01
 0.27000E+02, 0.47000E+02, 0.77348E+03, 0.15152E+00, 0.27919E-01
 0.28000E+02, 0.47000E+02, 0.27099E+03, 0.22787E+00, 0.96517E-02
 0.29000E+02, 0.47000E+02, 0.31139E+03, 0.25746E+00, 0.91766E-02
 0.30000E+02, 0.47000E+02, 0.34097E+03, 0.26124E+00, 0.95014E-02
 0.31000E+02, 0.47000E+02, 0.36289E+03, 0.13982E+00, 0.18387E-01
 0.32000E+02, 0.47000E+02, 0.41747E+03, 0.14240E+00, 0.19603E-01
 0.33000E+02, 0.47000E+02, 0.43512E+03, 0.14126E+00, 0.20266E-01
 0.34000E+02, 0.47000E+02, 0.22000E+02, 0.30000E+02, 0.00000E+00
 0.35000E+02, 0.47000E+02, 0.33553E+03, 0.12929E+00, 0.19028E-01
 0.36000E+02, 0.47000E+02, 0.45322E+03, 0.12406E+00, 0.23665E-01
 0.37000E+02, 0.47000E+02, 0.64468E+02, 0.72551E+00, 0.18809E-02
 0.38000E+02, 0.47000E+02, 0.56135E+02, 0.90670E+00, 0.14679E-02
 0.39000E+02, 0.47000E+02, 0.51072E+02, 0.10380E+01, 0.12624E-02
 0.40000E+02, 0.47000E+02, 0.46461E+02, 0.12546E+01, 0.10296E-02
 0.41000E+02, 0.47000E+02, 0.44339E+02, 0.13200E+01, 0.97214E-03
 0.42000E+02, 0.47000E+02, 0.45774E+02, 0.12422E+01, 0.10377E-02
 0.43000E+02, 0.47000E+02, 0.64204E+02, 0.67926E+00, 0.20074E-02
 0.44000E+02, 0.47000E+02, 0.54482E+02, 0.84061E+00, 0.15753E-02
 0.45000E+02, 0.47000E+02, 0.36747E+02, 0.17339E+01, 0.72239E-03
 0.46000E+02, 0.47000E+02, 0.47041E+02, 0.11569E+01, 0.11186E-02
 0.47000E+02, 0.47000E+02, 0.45083E+02, 0.12590E+01, 0.10216E-02
 0.48000E+02, 0.47000E+02, 0.41504E+02, 0.14530E+01, 0.87530E-03
 0.49000E+02, 0.47000E+02, 0.39556E+02, 0.15125E+01, 0.83563E-03
 0.50000E+02, 0.47000E+02, 0.37043E+02, 0.16944E+01, 0.73994E-03
 0.51000E+02, 0.47000E+02, 0.34190E+02, 0.20866E+01, 0.59532E-03
 0.52000E+02, 0.47000E+02, 0.32629E+02, 0.23579E+01, 0.52416E-03
 0.53000E+02, 0.47000E+02, 0.34940E+02, 0.19260E+01, 0.64653E-03
 0.54000E+02, 0.47000E+02, 0.42432E+02, 0.12510E+01, 0.10196E-02
 0.55000E+02, 0.47000E+02, 0.83901E+02, 0.36018E+00, 0.40067E-02
 0.56000E+02, 0.47000E+02, 0.76245E+02, 0.39604E+00, 0.35658E-02
 0.57000E+02, 0.47000E+02, 0.71836E+02, 0.41241E+00, 0.33811E-02
 0.58000E+02, 0.47000E+02, 0.71134E+02, 0.41987E+00, 0.33142E-02
 0.59000E+02, 0.47000E+02, 0.89559E+02, 0.33511E+00, 0.43747E-02
 0.60000E+02, 0.47000E+02, 0.79622E+02, 0.37303E+00, 0.38224E-02
 0.61000E+02, 0.47000E+02, 0.69210E+02, 0.44055E+00, 0.31410E-02
 0.62000E+02, 0.47000E+02, 0.99758E+02, 0.29669E+00, 0.50801E-02
 0.63000E+02, 0.47000E+02, 0.73268E+02, 0.41826E+00, 0.33476E-02
 0.64000E+02, 0.47000E+02, 0.17101E+03, 0.16814E+00, 0.10677E-01
 0.65000E+02, 0.47000E+02, 0.21173E+03, 0.15447E+00, 0.12687E-01
 0.00000E+00, 0.48000E+02, 0.36238E+03, 0.69573E+00, 0.36921E-02
 0.10000E+01, 0.48000E+02, 0.36998E+03, 0.62677E+00, 0.41474E-02
 0.20000E+01, 0.48000E+02, 0.37363E+03, 0.63236E+00, 0.41340E-02
 0.30000E+01, 0.48000E+02, 0.37703E+03, 0.77381E+00, 0.33961E-02
 0.40000E+01, 0.48000E+02, 0.38322E+03, 0.89826E+00, 0.29534E-02
 0.50000E+01, 0.48000E+02, 0.49911E+03, 0.15833E+01, 0.19714E-02
 0.60000E+01, 0.48000E+02, 0.71680E+03, 0.76059E+01, 0.52607E-03
 0.70000E+01, 0.48000E+02, 0.71934E+03, 0.11699E+02, 0.34290E-03
 0.80000E+01, 0.48000E+02, 0.51861E+03, 0.24240E+01, 0.13202E-02
 0.90000E+01, 0.48000E+02, 0.40976E+03, 0.12330E+01, 0.22386E-02
 0.10000E+02, 0.48000E+02, 0.39234E+03, 0.12458E+01, 0.21591E-02
 0.11000E+02, 0.48000E+02, 0.39777E+03, 0.12855E+01, 0.21094E-02
 0.12000E+02, 0.48000E+02, 0.36087E+03, 0.11770E+01, 0.21772E-02
 0.13000E+02, 0.48000E+02, 0.36203E+03, 0.11121E+01, 0.23084E-02
 0.14000E+02, 0.48000E+02, 0.37973E+03, 0.11592E+01, 0.22765E-02
 0.15000E+02, 0.48000E+02, 0.36189E+03, 0.11262E+01, 0.22791E-02
 0.16000E+02, 0.48000E+02, 0.36488E+03, 0.12153E+01, 0.21220E-02
 0.17000E+02, 0.48000E+02, 0.36862E+03, 0.12631E+01, 0.20536E-02
 0.18000E+02, 0.48000E+02, 0.22478E+03, 0.31673E+00, 0.63541E-02
 0.19000E+02, 0.48000E+02, 0.23045E+03, 0.35221E+00, 0.57792E-02
 0.20000E+02, 0.48000E+02, 0.23101E+03, 0.37378E+00, 0.54518E-02
 0.21000E+02, 0.48000E+02, 0.23753E+03, 0.46100E+00, 0.44774E-02
 0.22000E+02, 0.48000E+02, 0.23474E+03, 0.33802E+00, 0.60731E-02
 0.23000E+02, 0.48000E+02, 0.37669E+03, 0.29971E+00, 0.87636E-02
 0.24000E+02, 0.48000E+02, 0.38710E+03, 0.31983E+00, 0.83437E-02
 0.25000E+02, 0.48000E+02, 0.44093E+03, 0.30014E+00, 0.96160E-02
 0.26000E+02, 0.48000E+02, 0.69912E+03, 0.19183E+00, 0.20486E-01
 0.27000E+02, 0.48000E+02, 0.80502E+03, 0.13796E+00, 0.31588E-01
 0.28000E+02, 0.48000E+02, 0.28414E+03, 0.21822E+00, 0.10322E-01
 0.29000E+02, 0.48000E+02, 0.27892E+03, 0.25837E+00, 0.86363E-02
 0.30000E+02, 0.48000E+02, 0.25503E+03, 0.26304E+00, 0.81160E-02
 0.31000E+02, 0.48000E+02, 0.12263E+03, 0.35068E+00, 0.45616E-02
 0.32000E+02, 0.48000E+02, 0.81333E+02, 0.54679E+00, 0.26203E-02
 0.33000E+02, 0.48000E+02, 0.56937E+02, 0.89205E+00, 0.14956E-02
 0.34000E+02, 0.48000E+02, 0.22000E+02, 0.30000E+02, 0.00000E+00
 0.35000E+02, 0.48000E+02, 0.33965E+03, 0.12374E+00, 0.20016E-01
 0.36000E+02, 0.48000E+02, 0.41600E+03, 0.11913E+00, 0.23381E-01
 0.37000E+02, 0.48000E+02, 0.55041E+02, 0.84946E+00, 0.15616E-02
 0.38000E+02, 0.48000E+02, 0.52784E+02, 0.94664E+00, 0.13916E-02
 0.39000E+02, 0.48000E+02, 0.51130E+02, 0.10277E+01, 0.12754E-02
 0.40000E+02, 0.48000E+02, 0.44872E+02, 0.13057E+01, 0.98445E-03
 0.41000E+02, 0.48000E+02, 0.46509E+02, 0.11893E+01, 0.10864E-02
 0.42000E+02, 0.48000E+02, 0.48248E+02, 0.10807E+01, 0.12021E-02
 0.43000E+02, 0.48000E+02, 0.59576E+02, 0.74733E+00, 0.17995E-02
 0.44000E+02, 0.48000E+02, 0.53858E+02, 0.85633E+00, 0.15435E-02
 0.45000E+02, 0.48000E+02, 0.39569E+02, 0.14809E+01, 0.85348E-03
 0.46000E+02, 0.48000E+02, 0.39734E+02, 0.15776E+01, 0.80160E-03
 0.47000E+02, 0.48000E+02, 0.46018E+02, 0.11861E+01, 0.10876E-02
 0.48000E+02, 0.48000E+02, 0.44748E+02, 0.12251E+01, 0.10488E-02
 0.49000E+02, 0.48000E+02, 0.38136E+02, 0.16042E+01, 0.78428E-03
 0.50000E+02, 0.48000E+02, 0.36941E+02, 0.17163E+01, 0.73025E-03
 0.51000E+02, 0.48000E+02, 0.35666E+02, 0.18364E+01, 0.67968E-03
 0.52000E+02, 0.48000E+02, 0.34299E+02, 0.20384E+01, 0.60961E-03
 0.53000E+02, 0.48000E+02, 0.35008E+02, 0.19030E+01, 0.65452E-03
 0.54000E+02, 0.48000E+02, 0.42638E+02, 0.12416E+01, 0.10280E-02
 0.55000E+02, 0.48000E+02, 0.85096E+02, 0.34242E+00, 0.42286E-02
 0.56000E+02, 0.48000E+02, 0.77238E+02, 0.36731E+00, 0.38556E-02
 0.57000E+02, 0.48000E+02, 0.76095E+02, 0.37160E+00, 0.37987E-02
 0.58000E+02, 0.48000E+02, 0.75550E+02, 0.37885E+00, 0.37201E-02
 0.59000E+02, 0.48000E+02, 0.90761E+02, 0.32233E+00, 0.45632E-02
 0.60000E+02, 0.48000E+02, 0.75394E+02, 0.39118E+00, 0.36013E-02
 0.61000E+02, 0.48000E+02, 0.84914E+02, 0.34684E+00, 0.41726E-02
 0.62000E+02, 0.48000E+02, 0.11391E+03, 0.25486E+00, 0.61384E-02
 0.63000E+02, 0.48000E+02, 0.12653E+03, 0.22766E+00, 0.70958E-02
 0.64000E+02, 0.48000E+02, 0.17631E+03, 0.15697E+00, 0.11573E-01
 0.65000E+02, 0.48000E+02, 0.17666E+03, 0.15759E+00, 0.11536E-01
 0.00000E+00, 0.49000E+02, 0.35482E+03, 0.63864E+00, 0.39743E-02
 0.10000E+01, 0.49000E+02, 0.35732E+03, 0.61288E+00, 0.41578E-02
 0.20000E+01, 0.49000E+02, 0.36412E+03, 0.65555E+00, 0.39291E-02
 0.30000E+01, 0.49000E+02, 0.35393E+03, 0.65410E+00, 0.38749E-02
 0.40000E+01, 0.49000E+02, 0.37164E+03, 0.72363E+00, 0.36014E-02
 0.50000E+01, 0.49000E+02, 0.41629E+03, 0.88428E+00, 0.31513E-02
 0.60000E+01, 0.49000E+02, 0.54268E+03, 0.13405E+01, 0.24598E-02
 0.70000E+01, 0.49000E+02, 0.70867E+03, 0.70859E+01, 0.56003E-03
 0.80000E+01, 0.49000E+02, 0.46244E+03, 0.17944E+01, 0.16569E-02
 0.90000E+01, 0.49000E+02, 0.37141E+03, 0.13559E+01, 0.19214E-02
 0.10000E+02, 0.49000E+02, 0.36795E+03, 0.13821E+01, 0.18748E-02
 0.11000E+02, 0.49000E+02, 0.36021E+03, 0.12617E+01, 0.20289E-02
 0.12000E+02, 0.49000E+02, 0.35562E+03, 0.11720E+01, 0.21685E-02
 0.13000E+02, 0.49000E+02, 0.35506E+03, 0.11580E+01, 0.21926E-02
 0.14000E+02, 0.49000E+02, 0.35446E+03, 0.10499E+01, 0.24160E-02
 0.15000E+02, 0.49000E+02, 0.35767E+03, 0.10538E+01, 0.24196E-02
 0.16000E+02, 0.49000E+02, 0.36247E+03, 0.11473E+01, 0.22392E-02
 0.17000E+02, 0.49000E+02, 0.36015E+03, 0.11033E+01, 0.23201E-02
 0.18000E+02, 0.49000E+02, 0.22917E+03, 0.39705E+00, 0.51134E-02
 0.19000E+02, 0.49000E+02, 0.24433E+03, 0.47103E+00, 0.44404E-02
 0.20000E+02, 0.49000E+02, 0.25828E+03, 0.56008E+00, 0.38350E-02
 0.21000E+02, 0.49000E+02, 0.24960E+03, 0.53345E+00, 0.39608E-02
 0.22000E+02, 0.49000E+02, 0.45682E+03, 0.18528E+00, 0.15924E-01
 0.23000E+02, 0.49000E+02, 0.58695E+03, 0.19374E+00, 0.17944E-01
 0.24000E+02, 0.49000E+02, 0.60377E+03, 0.22190E+00, 0.15973E-01
 0.25000E+02, 0.49000E+02, 0.62897E+03, 0.22451E+00, 0.16241E-01
 0.26000E+02, 0.49000E+02, 0.77980E+03, 0.17010E+00, 0.25020E-01
 0.27000E+02, 0.49000E+02, 0.79686E+03, 0.12824E+00, 0.33724E-01
 0.28000E+02, 0.49000E+02, 0.29824E+03, 0.19555E+00, 0.11810E-01
 0.29000E+02, 0.49000E+02, 0.26049E+03, 0.24270E+00, 0.88869E-02
 0.30000E+02, 0.49000E+02, 0.24897E+03, 0.25221E+00, 0.83672E-02
 0.31000E+02, 0.49000E+02, 0.63442E+02, 0.74990E+00, 0.18142E-02
 0.32000E+02, 0.49000E+02, 0.58693E+02, 0.83346E+00, 0.16093E-02
 0.33000E+02, 0.49000E+02, 0.62184E+02, 0.76157E+00, 0.17797E-02
 0.34000E+02, 0.49000E+02, 0.22000E+02, 0.30000E+02, 0.00000E+00
 0.35000E+02, 0.49000E+02, 0.31010E+03, 0.11398E+00, 0.20683E-01
 0.36000E+02, 0.49000E+02, 0.42071E+03, 0.11487E+00, 0.24414E-01
 0.37000E+02, 0.49000E+02, 0.61445E+02, 0.70373E+00, 0.19217E-02
 0.38000E+02, 0.49000E+02, 0.56107E+02, 0.83290E+00, 0.15978E-02
 0.39000E+02, 0.49000E+02, 0.50686E+02, 0.10102E+01, 0.12956E-02
 0.40000E+02, 0.49000E+02, 0.48876E+02, 0.10944E+01, 0.11893E-02
 0.41000E+02, 0.49000E+02, 0.49958E+02, 0.10266E+01, 0.12721E-02
 0.42000E+02, 0.49000E+02, 0.54754E+02, 0.85842E+00, 0.15439E-02
 0.43000E+02, 0.49000E+02, 0.61485E+02, 0.71063E+00, 0.19033E-02
 0.44000E+02, 0.49000E+02, 0.51511E+02, 0.90174E+00, 0.14552E-02
 0.45000E+02, 0.49000E+02, 0.39966E+02, 0.14365E+01, 0.88099E-03
 0.46000E+02, 0.49000E+02, 0.36403E+02, 0.18156E+01, 0.68913E-03
 0.47000E+02, 0.49000E+02, 0.38543E+02, 0.15971E+01, 0.78880E-03
 0.48000E+02, 0.49000E+02, 0.36183E+02, 0.17904E+01, 0.69832E-03
 0.49000E+02, 0.49000E+02, 0.35996E+02, 0.17807E+01, 0.70170E-03
 0.50000E+02, 0.49000E+02, 0.37380E+02, 0.16658E+01, 0.75345E-03
 0.51000E+02, 0.49000E+02, 0.36570E+02, 0.17442E+01, 0.71772E-03
 0.52000E+02, 0.49000E+02, 0.35633E+02, 0.18256E+01, 0.68365E-03
 0.53000E+02, 0.49000E+02, 0.35456E+02, 0.18493E+01, 0.67449E-03
 0.54000E+02, 0.49000E+02, 0.40759E+02, 0.13562E+01, 0.93554E-03
 0.55000E+02, 0.49000E+02, 0.82410E+02, 0.34750E+00, 0.41355E-02
 0.56000E+02, 0.49000E+02, 0.84021E+02, 0.33270E+00, 0.43392E-02
 0.57000E+02, 0.49000E+02, 0.77990E+02, 0.35482E+00, 0.39999E-02
 0.58000E+02, 0.49000E+02, 0.77708E+02, 0.35908E+00, 0.39492E-02
 0.59000E+02, 0.49000E+02, 0.77274E+02, 0.36301E+00, 0.39017E-02
 0.60000E+02, 0.49000E+02, 0.73987E+02, 0.38840E+00, 0.36124E-02
 0.61000E+02, 0.49000E+02, 0.77340E+02, 0.37736E+00, 0.37540E-02
 0.62000E+02, 0.49000E+02, 0.95369E+02, 0.30404E+00, 0.48990E-02
 0.63000E+02, 0.49000E+02, 0.92834E+02, 0.30510E+00, 0.48484E-02
 0.64000E+02, 0.49000E+02, 0.19784E+03, 0.14416E+00, 0.13205E-01
 0.65000E+02, 0.49000E+02, 0.20307E+03, 0.14821E+00, 0.12987E-01
 0.00000E+00, 0.50000E+02, 0.33746E+03, 0.59454E+00, 0.41511E-02
 0.10000E+01, 0.50000E+02, 0.34409E+03, 0.61358E+00, 0.40659E-02
 0.20000E+01, 0.50000E+02, 0.34805E+03, 0.65973E+00, 0.38057E-02
 0.30000E+01, 0.50000E+02, 0.33489E+03, 0.56013E+00, 0.43875E-02
 0.40000E+01, 0.50000E+02, 0.36301E+03, 0.62903E+00, 0.40876E-02
 0.50000E+01, 0.50000E+02, 0.43950E+03, 0.76128E+00, 0.37836E-02
 0.60000E+01, 0.50000E+02, 0.59210E+03, 0.15679E+01, 0.22304E-02
 0.70000E+01, 0.50000E+02, 0.67769E+03, 0.51605E+01, 0.74472E-03
 0.80000E+01, 0.50000E+02, 0.40295E+03, 0.11787E+01, 0.23185E-02
 0.90000E+01, 0.50000E+02, 0.36751E+03, 0.11913E+01, 0.21737E-02
 0.10000E+02, 0.50000E+02, 0.35569E+03, 0.12720E+01, 0.19981E-02
 0.11000E+02, 0.50000E+02, 0.35006E+03, 0.14460E+01, 0.17420E-02
 0.12000E+02, 0.50000E+02, 0.34657E+03, 0.13348E+01, 0.18766E-02
 0.13000E+02, 0.50000E+02, 0.35013E+03, 0.11060E+01, 0.22778E-02
 0.14000E+02, 0.50000E+02, 0.34743E+03, 0.10466E+01, 0.23966E-02
 0.15000E+02, 0.50000E+02, 0.34910E+03, 0.99866E+00, 0.25184E-02
 0.16000E+02, 0.50000E+02, 0.35206E+03, 0.98837E+00, 0.25567E-02
 0.17000E+02, 0.50000E+02, 0.34642E+03, 0.97444E+00, 0.25699E-02
 0.18000E+02, 0.50000E+02, 0.23228E+03, 0.41887E+00, 0.48771E-02
 0.19000E+02, 0.50000E+02, 0.25266E+03, 0.51262E+00, 0.41458E-02
 0.20000E+02, 0.50000E+02, 0.26549E+03, 0.59053E+00, 0.36867E-02
 0.21000E+02, 0.50000E+02, 0.26574E+03, 0.59966E+00, 0.36322E-02
 0.22000E+02, 0.50000E+02, 0.38381E+03, 0.19931E+00, 0.13323E-01
 0.23000E+02, 0.50000E+02, 0.50663E+03, 0.17947E+00, 0.17561E-01
 0.24000E+02, 0.50000E+02, 0.67092E+03, 0.19281E+00, 0.19790E-01
 0.25000E+02, 0.50000E+02, 0.66261E+03, 0.21684E+00, 0.17442E-01
 0.26000E+02, 0.50000E+02, 0.74751E+03, 0.16996E+00, 0.24272E-01
 0.27000E+02, 0.50000E+02, 0.82930E+03, 0.13825E+00, 0.32231E-01
 0.28000E+02, 0.50000E+02, 0.27949E+03, 0.18310E+00, 0.12199E-01
 0.29000E+02, 0.50000E+02, 0.26440E+03, 0.21340E+00, 0.10181E-01
 0.30000E+02, 0.50000E+02, 0.24309E+03, 0.23179E+00, 0.90020E-02
 0.31000E+02, 0.50000E+02, 0.57092E+02, 0.85649E+00, 0.15584E-02
 0.32000E+02, 0.50000E+02, 0.57459E+02, 0.85043E+00, 0.15713E-02
 0.33000E+02, 0.50000E+02, 0.65095E+02, 0.69858E+00, 0.19570E-02
 0.34000E+02, 0.50000E+02, 0.22000E+02, 0.30000E+02, 0.00000E+00
 0.35000E+02, 0.50000E+02, 0.26432E+03, 0.10915E+00, 0.19902E-01
 0.36000E+02, 0.50000E+02, 0.38114E+03, 0.11263E+00, 0.23480E-01
 0.37000E+02, 0.50000E+02, 0.67219E+02, 0.61210E+00, 0.22475E-02
 0.38000E+02, 0.50000E+02, 0.60390E+02, 0.72537E+00, 0.18585E-02
 0.39000E+02, 0.50000E+02, 0.52552E+02, 0.93445E+00, 0.14088E-02
 0.40000E+02, 0.50000E+02, 0.50655E+02, 0.10158E+01, 0.12884E-02
 0.41000E+02, 0.50000E+02, 0.52234E+02, 0.95389E+00, 0.13787E-02
 0.42000E+02, 0.50000E+02, 0.55388E+02, 0.84851E+00, 0.15650E-02
 0.43000E+02, 0.50000E+02, 0.61788E+02, 0.69735E+00, 0.19413E-02
 0.44000E+02, 0.50000E+02, 0.48189E+02, 0.98363E+00, 0.13204E-02
 0.45000E+02, 0.50000E+02, 0.41925E+02, 0.13045E+01, 0.97621E-03
 0.46000E+02, 0.50000E+02, 0.40305E+02, 0.14214E+01, 0.89130E-03
 0.47000E+02, 0.50000E+02, 0.43652E+02, 0.12335E+01, 0.10380E-02
 0.48000E+02, 0.50000E+02, 0.37175E+02, 0.16704E+01, 0.75088E-03
 0.49000E+02, 0.50000E+02, 0.35487E+02, 0.18318E+01, 0.68100E-03
 0.50000E+02, 0.50000E+02, 0.37950E+02, 0.16101E+01, 0.78097E-03
 0.51000E+02, 0.50000E+02, 0.38277E+02, 0.15814E+01, 0.79594E-03
 0.52000E+02, 0.50000E+02, 0.37315E+02, 0.16613E+01, 0.75532E-03
 0.53000E+02, 0.50000E+02, 0.36284E+02, 0.17576E+01, 0.71160E-03
 0.54000E+02, 0.50000E+02, 0.41321E+02, 0.13198E+01, 0.96304E-03
 0.55000E+02, 0.50000E+02, 0.84898E+02, 0.33576E+00, 0.43102E-02
 0.56000E+02, 0.50000E+02, 0.87434E+02, 0.31724E+00, 0.45940E-02
 0.57000E+02, 0.50000E+02, 0.79558E+02, 0.33912E+00, 0.42037E-02
 0.58000E+02, 0.50000E+02, 0.76346E+02, 0.35925E+00, 0.39321E-02
 0.59000E+02, 0.50000E+02, 0.79532E+02, 0.35167E+00, 0.40534E-02
 0.60000E+02, 0.50000E+02, 0.75469E+02, 0.37617E+00, 0.37458E-02
 0.61000E+02, 0.50000E+02, 0.81563E+02, 0.34292E+00, 0.41809E-02
 0.62000E+02, 0.50000E+02, 0.74201E+02, 0.35756E+00, 0.39264E-02
 0.63000E+02, 0.50000E+02, 0.92171E+02, 0.30682E+00, 0.48124E-02
 0.64000E+02, 0.50000E+02, 0.21385E+03, 0.13878E+00, 0.14183E-01
 0.65000E+02, 0.50000E+02, 0.22656E+03, 0.14033E+00, 0.14392E-01
 0.00000E+00, 0.51000E+02, 0.32464E+03, 0.56142E+00, 0.43037E-02
 0.10000E+01, 0.51000E+02, 0.32793E+03, 0.51422E+00, 0.47246E-02
 0.20000E+01, 0.51000E+02, 0.33665E+03, 0.54311E+00, 0.45381E-02
 0.30000E+01, 0.51000E+02, 0.33788E+03, 0.54878E+00, 0.45003E-02
 0.40000E+01, 0.51000E+02, 0.34440E+03, 0.51693E+00, 0.48285E-02
 0.50000E+01, 0.51000E+02, 0.39989E+03, 0.61113E+00, 0.44513E-02
 0.60000E+01, 0.51000E+02, 0.49999E+03, 0.12006E+01, 0.26028E-02
 0.70000E+01, 0.51000E+02, 0.60071E+03, 0.24745E+01, 0.14274E-02
 0.80000E+01, 0.51000E+02, 0.45548E+03, 0.10908E+01, 0.26998E-02
 0.90000E+01, 0.51000E+02, 0.38553E+03, 0.88764E+00, 0.29993E-02
 0.10000E+02, 0.51000E+02, 0.38477E+03, 0.84496E+00, 0.31471E-02
 0.11000E+02, 0.51000E+02, 0.34795E+03, 0.13746E+01, 0.18262E-02
 0.12000E+02, 0.51000E+02, 0.34099E+03, 0.13522E+01, 0.18357E-02
 0.13000E+02, 0.51000E+02, 0.34566E+03, 0.11814E+01, 0.21170E-02
 0.14000E+02, 0.51000E+02, 0.34154E+03, 0.11498E+01, 0.21607E-02
 0.15000E+02, 0.51000E+02, 0.34123E+03, 0.10716E+01, 0.23173E-02
 0.16000E+02, 0.51000E+02, 0.34646E+03, 0.10041E+01, 0.24943E-02
 0.17000E+02, 0.51000E+02, 0.34700E+03, 0.97694E+00, 0.25657E-02
 0.18000E+02, 0.51000E+02, 0.23923E+03, 0.43880E+00, 0.47196E-02
 0.19000E+02, 0.51000E+02, 0.24928E+03, 0.48641E+00, 0.43411E-02
 0.20000E+02, 0.51000E+02, 0.25690E+03, 0.53350E+00, 0.40157E-02
 0.21000E+02, 0.51000E+02, 0.27157E+03, 0.63411E+00, 0.34721E-02
 0.22000E+02, 0.51000E+02, 0.33157E+03, 0.26071E+00, 0.93751E-02
 0.23000E+02, 0.51000E+02, 0.43148E+03, 0.18605E+00, 0.15308E-01
 0.24000E+02, 0.51000E+02, 0.59589E+03, 0.18722E+00, 0.18761E-01
 0.25000E+02, 0.51000E+02, 0.71069E+03, 0.19960E+00, 0.19923E-01
 0.26000E+02, 0.51000E+02, 0.74233E+03, 0.17467E+00, 0.23498E-01
 0.27000E+02, 0.51000E+02, 0.77281E+03, 0.18584E+00, 0.22748E-01
 0.28000E+02, 0.51000E+02, 0.77199E+02, 0.48473E+00, 0.29213E-02
 0.29000E+02, 0.51000E+02, 0.90866E+02, 0.44714E+00, 0.32905E-02
 0.30000E+02, 0.51000E+02, 0.13466E+03, 0.31572E+00, 0.52208E-02
 0.31000E+02, 0.51000E+02, 0.98496E+02, 0.41638E+00, 0.36076E-02
 0.32000E+02, 0.51000E+02, 0.73664E+02, 0.55149E+00, 0.25418E-02
 0.33000E+02, 0.51000E+02, 0.63154E+02, 0.64010E+00, 0.21236E-02
 0.34000E+02, 0.51000E+02, 0.22000E+02, 0.30000E+02, 0.00000E+00
 0.35000E+02, 0.51000E+02, 0.27752E+03, 0.10716E+00, 0.20770E-01
 0.36000E+02, 0.51000E+02, 0.32462E+03, 0.10979E+00, 0.22006E-01
 0.37000E+02, 0.51000E+02, 0.65092E+02, 0.62775E+00, 0.21778E-02
 0.38000E+02, 0.51000E+02, 0.62321E+02, 0.68230E+00, 0.19873E-02
 0.39000E+02, 0.51000E+02, 0.54269E+02, 0.87131E+00, 0.15188E-02
 0.40000E+02, 0.51000E+02, 0.51969E+02, 0.96054E+00, 0.13681E-02
 0.41000E+02, 0.51000E+02, 0.53169E+02, 0.92080E+00, 0.14324E-02
 0.42000E+02, 0.51000E+02, 0.55557E+02, 0.83466E+00, 0.15918E-02
 0.43000E+02, 0.51000E+02, 0.63316E+02, 0.67172E+00, 0.20246E-02
 0.44000E+02, 0.51000E+02, 0.43534E+02, 0.11720E+01, 0.10922E-02
 0.45000E+02, 0.51000E+02, 0.41568E+02, 0.13086E+01, 0.97203E-03
 0.46000E+02, 0.51000E+02, 0.47056E+02, 0.10593E+01, 0.12218E-02
 0.47000E+02, 0.51000E+02, 0.45419E+02, 0.11345E+01, 0.11349E-02
 0.48000E+02, 0.51000E+02, 0.40437E+02, 0.13717E+01, 0.92400E-03
 0.49000E+02, 0.51000E+02, 0.36797E+02, 0.17012E+01, 0.73637E-03
 0.50000E+02, 0.51000E+02, 0.37607E+02, 0.16504E+01, 0.76104E-03
 0.51000E+02, 0.51000E+02, 0.38118E+02, 0.15995E+01, 0.78656E-03
 0.52000E+02, 0.51000E+02, 0.38294E+02, 0.15789E+01, 0.79724E-03
 0.53000E+02, 0.51000E+02, 0.37352E+02, 0.16476E+01, 0.76172E-03
 0.54000E+02, 0.51000E+02, 0.42150E+02, 0.12628E+01, 0.10092E-02
 0.55000E+02, 0.51000E+02, 0.93800E+02, 0.29016E+00, 0.51114E-02
 0.56000E+02, 0.51000E+02, 0.91487E+02, 0.29921E+00, 0.49256E-02
 0.57000E+02, 0.51000E+02, 0.81491E+02, 0.33128E+00, 0.43269E-02
 0.58000E+02, 0.51000E+02, 0.81176E+02, 0.33734E+00, 0.42453E-02
 0.59000E+02, 0.51000E+02, 0.81526E+02, 0.34256E+00, 0.41848E-02
 0.60000E+02, 0.51000E+02, 0.75104E+02, 0.36981E+00, 0.38062E-02
 0.61000E+02, 0.51000E+02, 0.73427E+02, 0.37303E+00, 0.37552E-02
 0.62000E+02, 0.51000E+02, 0.76005E+02, 0.33580E+00, 0.42026E-02
 0.63000E+02, 0.51000E+02, 0.72954E+02, 0.34423E+00, 0.40638E-02
 0.64000E+02, 0.51000E+02, 0.18929E+03, 0.14493E+00, 0.12897E-01
 0.65000E+02, 0.51000E+02, 0.20016E+03, 0.14398E+00, 0.13287E-01
 0.00000E+00, 0.52000E+02, 0.32225E+03, 0.51469E+00, 0.46756E-02
 0.10000E+01, 0.52000E+02, 0.32991E+03, 0.53854E+00, 0.45260E-02
 0.20000E+01, 0.52000E+02, 0.34688E+03, 0.59369E+00, 0.42211E-02
 0.30000E+01, 0.52000E+02, 0.34930E+03, 0.60396E+00, 0.41656E-02
 0.40000E+01, 0.52000E+02, 0.34480E+03, 0.54439E+00, 0.45880E-02
 0.50000E+01, 0.52000E+02, 0.35395E+03, 0.53144E+00, 0.47693E-02
 0.60000E+01, 0.52000E+02, 0.39333E+03, 0.70518E+00, 0.38200E-02
 0.70000E+01, 0.52000E+02, 0.46561E+03, 0.10490E+01, 0.28466E-02
 0.80000E+01, 0.52000E+02, 0.44739E+03, 0.87539E+00, 0.33269E-02
 0.90000E+01, 0.52000E+02, 0.41532E+03, 0.70179E+00, 0.39652E-02
 0.10000E+02, 0.52000E+02, 0.42835E+03, 0.81143E+00, 0.34942E-02
 0.11000E+02, 0.52000E+02, 0.41892E+03, 0.85161E+00, 0.32846E-02
 0.12000E+02, 0.52000E+02, 0.36082E+03, 0.10716E+01, 0.23912E-02
 0.13000E+02, 0.52000E+02, 0.35547E+03, 0.10422E+01, 0.24379E-02
 0.14000E+02, 0.52000E+02, 0.36595E+03, 0.10207E+01, 0.25308E-02
 0.15000E+02, 0.52000E+02, 0.37063E+03, 0.10137E+01, 0.25670E-02
 0.16000E+02, 0.52000E+02, 0.35937E+03, 0.10176E+01, 0.25123E-02
 0.17000E+02, 0.52000E+02, 0.35087E+03, 0.99760E+00, 0.25283E-02
 0.18000E+02, 0.52000E+02, 0.26344E+03, 0.51790E+00, 0.41877E-02
 0.19000E+02, 0.52000E+02, 0.26718E+03, 0.54709E+00, 0.39920E-02
 0.20000E+02, 0.52000E+02, 0.26542E+03, 0.55453E+00, 0.39255E-02
 0.21000E+02, 0.52000E+02, 0.26627E+03, 0.58209E+00, 0.37456E-02
 0.22000E+02, 0.52000E+02, 0.37139E+03, 0.23275E+00, 0.11193E-01
 0.23000E+02, 0.52000E+02, 0.42337E+03, 0.20197E+00, 0.13939E-01
 0.24000E+02, 0.52000E+02, 0.65497E+03, 0.16682E+00, 0.22487E-01
 0.25000E+02, 0.52000E+02, 0.72265E+03, 0.20640E+00, 0.19500E-01
 0.26000E+02, 0.52000E+02, 0.68041E+03, 0.25083E+00, 0.15366E-01
 0.27000E+02, 0.52000E+02, 0.70462E+03, 0.25348E+00, 0.15591E-01
 0.28000E+02, 0.52000E+02, 0.73435E+02, 0.55814E+00, 0.25098E-02
 0.29000E+02, 0.52000E+02, 0.89704E+02, 0.45778E+00, 0.32037E-02
 0.30000E+02, 0.52000E+02, 0.94689E+02, 0.43441E+00, 0.34225E-02
 0.31000E+02, 0.52000E+02, 0.89445E+02, 0.46608E+00, 0.31444E-02
 0.32000E+02, 0.52000E+02, 0.79042E+02, 0.53057E+00, 0.26830E-02
 0.33000E+02, 0.52000E+02, 0.65878E+02, 0.64364E+00, 0.21290E-02
 0.34000E+02, 0.52000E+02, 0.22000E+02, 0.30000E+02, 0.00000E+00
 0.35000E+02, 0.52000E+02, 0.25475E+03, 0.99296E-01, 0.21488E-01
 0.36000E+02, 0.52000E+02, 0.32061E+03, 0.10707E+00, 0.22414E-01
 0.37000E+02, 0.52000E+02, 0.57943E+02, 0.73461E+00, 0.18217E-02
 0.38000E+02, 0.52000E+02, 0.59460E+02, 0.73550E+00, 0.18278E-02
 0.39000E+02, 0.52000E+02, 0.57182E+02, 0.79461E+00, 0.16802E-02
 0.40000E+02, 0.52000E+02, 0.56154E+02, 0.83065E+00, 0.16023E-02
 0.41000E+02, 0.52000E+02, 0.52259E+02, 0.93152E+00, 0.14119E-02
 0.42000E+02, 0.52000E+02, 0.54591E+02, 0.85712E+00, 0.15455E-02
 0.43000E+02, 0.52000E+02, 0.59480E+02, 0.73640E+00, 0.18257E-02
 0.44000E+02, 0.52000E+02, 0.45777E+02, 0.10629E+01, 0.12128E-02
 0.45000E+02, 0.52000E+02, 0.51765E+02, 0.88932E+00, 0.14767E-02
 0.46000E+02, 0.52000E+02, 0.46627E+02, 0.10578E+01, 0.12219E-02
 0.47000E+02, 0.52000E+02, 0.45076E+02, 0.11167E+01, 0.11518E-02
 0.48000E+02, 0.52000E+02, 0.44763E+02, 0.11252E+01, 0.11420E-02
 0.49000E+02, 0.52000E+02, 0.41827E+02, 0.12808E+01, 0.99396E-03
 0.50000E+02, 0.52000E+02, 0.42894E+02, 0.12391E+01, 0.10309E-02
 0.51000E+02, 0.52000E+02, 0.40996E+02, 0.13782E+01, 0.92129E-03
 0.52000E+02, 0.52000E+02, 0.42655E+02, 0.12526E+01, 0.10191E-02
 0.53000E+02, 0.52000E+02, 0.43458E+02, 0.11881E+01, 0.10771E-02
 0.54000E+02, 0.52000E+02, 0.43426E+02, 0.11817E+01, 0.10828E-02
 0.55000E+02, 0.52000E+02, 0.94180E+02, 0.28543E+00, 0.52015E-02
 0.56000E+02, 0.52000E+02, 0.92686E+02, 0.29023E+00, 0.50948E-02
 0.57000E+02, 0.52000E+02, 0.86163E+02, 0.31270E+00, 0.46444E-02
 0.58000E+02, 0.52000E+02, 0.84975E+02, 0.31965E+00, 0.45283E-02
 0.59000E+02, 0.52000E+02, 0.80843E+02, 0.33819E+00, 0.42306E-02
 0.60000E+02, 0.52000E+02, 0.81231E+02, 0.33417E+00, 0.42863E-02
 0.61000E+02, 0.52000E+02, 0.85540E+02, 0.30792E+00, 0.47083E-02
 0.62000E+02, 0.52000E+02, 0.88239E+02, 0.29000E+00, 0.50369E-02
 0.63000E+02, 0.52000E+02, 0.74003E+02, 0.33857E+00, 0.41443E-02
 0.64000E+02, 0.52000E+02, 0.10650E+03, 0.17792E+00, 0.86243E-02
 0.65000E+02, 0.52000E+02, 0.12533E+03, 0.16874E+00, 0.95451E-02
