 X,Y, TEMPERATURE, SOOT VISIBILITY, CARBON MONOXIDE VOLUME FRACTION
 m,m, C, m, mol/mol
 0.00000E+00, 0.00000E+00, 0.22190E+02, 0.30000E+02, 0.15115E-07
 0.10000E+01, 0.00000E+00, 0.24165E+02, 0.30000E+02, 0.27117E-10
 0.20000E+01, 0.00000E+00, 0.25641E+02, 0.30000E+02, 0.21048E-13
 0.30000E+01, 0.00000E+00, 0.27801E+02, 0.30000E+02, 0.19667E-16
 0.40000E+01, 0.00000E+00, 0.26662E+02, 0.30000E+02, 0.69857E-19
 0.50000E+01, 0.00000E+00, 0.26364E+02, 0.30000E+02, 0.12767E-18
 0.60000E+01, 0.00000E+00, 0.26512E+02, 0.30000E+02, 0.12148E-18
 0.70000E+01, 0.00000E+00, 0.27116E+02, 0.30000E+02, 0.13433E-19
 0.80000E+01, 0.00000E+00, 0.22000E+02, 0.30000E+02, 0.00000E+00
 0.90000E+01, 0.00000E+00, 0.13888E+03, 0.10949E+00, 0.15211E-01
 0.10000E+02, 0.00000E+00, 0.15568E+03, 0.11344E+00, 0.15280E-01
 0.11000E+02, 0.00000E+00, 0.77443E+02, 0.31635E+00, 0.44793E-02
 0.12000E+02, 0.00000E+00, 0.82984E+02, 0.29852E+00, 0.48218E-02
 0.13000E+02, 0.00000E+00, 0.79261E+02, 0.31692E+00, 0.44945E-02
 0.14000E+02, 0.00000E+00, 0.71946E+02, 0.34441E+00, 0.40498E-02
 0.15000E+02, 0.00000E+00, 0.69225E+02, 0.35441E+00, 0.39046E-02
 0.16000E+02, 0.00000E+00, 0.64539E+02, 0.37034E+00, 0.36855E-02
 0.17000E+02, 0.00000E+00, 0.94155E+02, 0.17333E+00, 0.85649E-02
 0.18000E+02, 0.00000E+00, 0.10282E+03, 0.16487E+00, 0.92167E-02
 0.19000E+02, 0.00000E+00, 0.97943E+02, 0.16133E+00, 0.92970E-02
 0.20000E+02, 0.00000E+00, 0.68123E+02, 0.25273E+00, 0.54578E-02
 0.21000E+02, 0.00000E+00, 0.71935E+02, 0.25535E+00, 0.54623E-02
 0.22000E+02, 0.00000E+00, 0.68377E+02, 0.25833E+00, 0.53436E-02
 0.23000E+02, 0.00000E+00, 0.50613E+02, 0.54551E+00, 0.23989E-02
 0.24000E+02, 0.00000E+00, 0.37847E+02, 0.96627E+00, 0.13009E-02
 0.25000E+02, 0.00000E+00, 0.30956E+02, 0.20395E+01, 0.60268E-03
 0.26000E+02, 0.00000E+00, 0.44140E+02, 0.70227E+00, 0.18261E-02
 0.27000E+02, 0.00000E+00, 0.40207E+02, 0.85121E+00, 0.14879E-02
 0.28000E+02, 0.00000E+00, 0.31816E+02, 0.18957E+01, 0.65022E-03
 0.29000E+02, 0.00000E+00, 0.38187E+02, 0.98393E+00, 0.12789E-02
 0.30000E+02, 0.00000E+00, 0.40187E+02, 0.86751E+00, 0.14599E-02
 0.31000E+02, 0.00000E+00, 0.41055E+02, 0.79209E+00, 0.16033E-02
 0.32000E+02, 0.00000E+00, 0.43347E+02, 0.75676E+00, 0.16904E-02
 0.33000E+02, 0.00000E+00, 0.41238E+02, 0.79116E+00, 0.16061E-02
 0.34000E+02, 0.00000E+00, 0.45095E+02, 0.83445E+00, 0.15415E-02
 0.35000E+02, 0.00000E+00, 0.47588E+02, 0.75755E+00, 0.17113E-02
 0.36000E+02, 0.00000E+00, 0.47324E+02, 0.74126E+00, 0.17474E-02
 0.37000E+02, 0.00000E+00, 0.46270E+02, 0.76705E+00, 0.16831E-02
 0.38000E+02, 0.00000E+00, 0.44707E+02, 0.77919E+00, 0.16488E-02
 0.39000E+02, 0.00000E+00, 0.45914E+02, 0.74941E+00, 0.17208E-02
 0.40000E+02, 0.00000E+00, 0.40310E+02, 0.14555E+01, 0.87045E-03
 0.41000E+02, 0.00000E+00, 0.38903E+02, 0.15343E+01, 0.82206E-03
 0.42000E+02, 0.00000E+00, 0.37990E+02, 0.15587E+01, 0.80682E-03
 0.43000E+02, 0.00000E+00, 0.38289E+02, 0.15992E+01, 0.78712E-03
 0.44000E+02, 0.00000E+00, 0.36460E+02, 0.19416E+01, 0.64453E-03
 0.45000E+02, 0.00000E+00, 0.43032E+02, 0.13257E+01, 0.96398E-03
 0.46000E+02, 0.00000E+00, 0.42124E+02, 0.13194E+01, 0.96584E-03
 0.47000E+02, 0.00000E+00, 0.41634E+02, 0.13320E+01, 0.95515E-03
 0.48000E+02, 0.00000E+00, 0.40065E+02, 0.13889E+01, 0.91149E-03
 0.49000E+02, 0.00000E+00, 0.35883E+02, 0.16378E+01, 0.76265E-03
 0.50000E+02, 0.00000E+00, 0.36558E+02, 0.14417E+01, 0.86829E-03
 0.51000E+02, 0.00000E+00, 0.33891E+02, 0.17458E+01, 0.71087E-03
 0.52000E+02, 0.00000E+00, 0.60285E+02, 0.92495E+00, 0.14570E-02
 0.53000E+02, 0.00000E+00, 0.48961E+02, 0.12842E+01, 0.10138E-02
 0.54000E+02, 0.00000E+00, 0.51765E+02, 0.11886E+01, 0.11049E-02
 0.55000E+02, 0.00000E+00, 0.54099E+02, 0.11112E+01, 0.11903E-02
 0.56000E+02, 0.00000E+00, 0.63948E+02, 0.88173E+00, 0.15452E-02
 0.57000E+02, 0.00000E+00, 0.66061E+02, 0.84725E+00, 0.16182E-02
 0.58000E+02, 0.00000E+00, 0.11609E+03, 0.40055E+00, 0.39277E-02
 0.59000E+02, 0.00000E+00, 0.11700E+03, 0.40525E+00, 0.38912E-02
 0.60000E+02, 0.00000E+00, 0.10612E+03, 0.44336E+00, 0.34576E-02
 0.61000E+02, 0.00000E+00, 0.10701E+03, 0.43482E+00, 0.35337E-02
 0.62000E+02, 0.00000E+00, 0.11035E+03, 0.41281E+00, 0.37548E-02
 0.63000E+02, 0.00000E+00, 0.22000E+02, 0.30000E+02, 0.00000E+00
 0.64000E+02, 0.00000E+00, 0.37747E+03, 0.92770E-01, 0.28346E-01
 0.65000E+02, 0.00000E+00, 0.37371E+03, 0.92274E-01, 0.28334E-01
 0.00000E+00, 0.10000E+01, 0.23365E+02, 0.30000E+02, 0.42822E-07
 0.10000E+01, 0.10000E+01, 0.23455E+02, 0.30000E+02, 0.19970E-08
 0.20000E+01, 0.10000E+01, 0.24468E+02, 0.30000E+02, 0.10205E-11
 0.30000E+01, 0.10000E+01, 0.26133E+02, 0.30000E+02, 0.78109E-15
 0.40000E+01, 0.10000E+01, 0.25193E+02, 0.30000E+02, 0.10333E-16
 0.50000E+01, 0.10000E+01, 0.23942E+02, 0.30000E+02, 0.10582E-16
 0.60000E+01, 0.10000E+01, 0.24011E+02, 0.30000E+02, 0.44716E-19
 0.70000E+01, 0.10000E+01, 0.22832E+02, 0.30000E+02, 0.18008E-19
 0.80000E+01, 0.10000E+01, 0.22000E+02, 0.30000E+02, 0.00000E+00
 0.90000E+01, 0.10000E+01, 0.14931E+03, 0.11188E+00, 0.15262E-01
 0.10000E+02, 0.10000E+01, 0.15893E+03, 0.11439E+00, 0.15267E-01
 0.11000E+02, 0.10000E+01, 0.70187E+02, 0.37565E+00, 0.36942E-02
 0.12000E+02, 0.10000E+01, 0.72143E+02, 0.37622E+00, 0.37096E-02
 0.13000E+02, 0.10000E+01, 0.70634E+02, 0.37016E+00, 0.37538E-02
 0.14000E+02, 0.10000E+01, 0.66378E+02, 0.39162E+00, 0.35042E-02
 0.15000E+02, 0.10000E+01, 0.60989E+02, 0.44036E+00, 0.30669E-02
 0.16000E+02, 0.10000E+01, 0.60093E+02, 0.43169E+00, 0.31201E-02
 0.17000E+02, 0.10000E+01, 0.97634E+02, 0.18225E+00, 0.82229E-02
 0.18000E+02, 0.10000E+01, 0.11131E+03, 0.17060E+00, 0.91088E-02
 0.19000E+02, 0.10000E+01, 0.11165E+03, 0.15854E+00, 0.98098E-02
 0.20000E+02, 0.10000E+01, 0.77745E+02, 0.24459E+00, 0.57986E-02
 0.21000E+02, 0.10000E+01, 0.78060E+02, 0.25146E+00, 0.56452E-02
 0.22000E+02, 0.10000E+01, 0.77039E+02, 0.24473E+00, 0.57835E-02
 0.23000E+02, 0.10000E+01, 0.39890E+02, 0.92000E+00, 0.13753E-02
 0.24000E+02, 0.10000E+01, 0.37078E+02, 0.10240E+01, 0.12245E-02
 0.25000E+02, 0.10000E+01, 0.30524E+02, 0.20349E+01, 0.60317E-03
 0.26000E+02, 0.10000E+01, 0.38121E+02, 0.93711E+00, 0.13425E-02
 0.27000E+02, 0.10000E+01, 0.32451E+02, 0.15004E+01, 0.82323E-03
 0.28000E+02, 0.10000E+01, 0.30108E+02, 0.22182E+01, 0.55258E-03
 0.29000E+02, 0.10000E+01, 0.34776E+02, 0.13465E+01, 0.92432E-03
 0.30000E+02, 0.10000E+01, 0.33045E+02, 0.16493E+01, 0.75037E-03
 0.31000E+02, 0.10000E+01, 0.37343E+02, 0.11176E+01, 0.11229E-02
 0.32000E+02, 0.10000E+01, 0.42049E+02, 0.77805E+00, 0.16374E-02
 0.33000E+02, 0.10000E+01, 0.41017E+02, 0.76861E+00, 0.16521E-02
 0.34000E+02, 0.10000E+01, 0.44363E+02, 0.82332E+00, 0.15587E-02
 0.35000E+02, 0.10000E+01, 0.44340E+02, 0.82561E+00, 0.15543E-02
 0.36000E+02, 0.10000E+01, 0.46546E+02, 0.74433E+00, 0.17360E-02
 0.37000E+02, 0.10000E+01, 0.47068E+02, 0.72703E+00, 0.17802E-02
 0.38000E+02, 0.10000E+01, 0.47521E+02, 0.71279E+00, 0.18183E-02
 0.39000E+02, 0.10000E+01, 0.52895E+02, 0.59280E+00, 0.22230E-02
 0.40000E+02, 0.10000E+01, 0.34057E+02, 0.22831E+01, 0.54386E-03
 0.41000E+02, 0.10000E+01, 0.33417E+02, 0.23661E+01, 0.52368E-03
 0.42000E+02, 0.10000E+01, 0.31538E+02, 0.27992E+01, 0.43995E-03
 0.43000E+02, 0.10000E+01, 0.37859E+02, 0.17061E+01, 0.73681E-03
 0.44000E+02, 0.10000E+01, 0.36149E+02, 0.19369E+01, 0.64543E-03
 0.45000E+02, 0.10000E+01, 0.37620E+02, 0.17421E+01, 0.72103E-03
 0.46000E+02, 0.10000E+01, 0.35952E+02, 0.17536E+01, 0.71245E-03
 0.47000E+02, 0.10000E+01, 0.35763E+02, 0.16866E+01, 0.74029E-03
 0.48000E+02, 0.10000E+01, 0.36252E+02, 0.16088E+01, 0.77730E-03
 0.49000E+02, 0.10000E+01, 0.34993E+02, 0.18410E+01, 0.67650E-03
 0.50000E+02, 0.10000E+01, 0.35875E+02, 0.15687E+01, 0.79621E-03
 0.51000E+02, 0.10000E+01, 0.32724E+02, 0.18443E+01, 0.67034E-03
 0.52000E+02, 0.10000E+01, 0.44510E+02, 0.14436E+01, 0.88937E-03
 0.53000E+02, 0.10000E+01, 0.51130E+02, 0.11971E+01, 0.10949E-02
 0.54000E+02, 0.10000E+01, 0.54679E+02, 0.11039E+01, 0.12003E-02
 0.55000E+02, 0.10000E+01, 0.58123E+02, 0.10231E+01, 0.13087E-02
 0.56000E+02, 0.10000E+01, 0.65927E+02, 0.88894E+00, 0.15417E-02
 0.57000E+02, 0.10000E+01, 0.73785E+02, 0.81977E+00, 0.17105E-02
 0.58000E+02, 0.10000E+01, 0.97877E+02, 0.48816E+00, 0.30720E-02
 0.59000E+02, 0.10000E+01, 0.98916E+02, 0.48564E+00, 0.30966E-02
 0.60000E+02, 0.10000E+01, 0.99145E+02, 0.48389E+00, 0.31097E-02
 0.61000E+02, 0.10000E+01, 0.10472E+03, 0.45374E+00, 0.33660E-02
 0.62000E+02, 0.10000E+01, 0.12133E+03, 0.38122E+00, 0.41824E-02
 0.63000E+02, 0.10000E+01, 0.22000E+02, 0.30000E+02, 0.00000E+00
 0.64000E+02, 0.10000E+01, 0.45188E+03, 0.10331E+00, 0.28365E-01
 0.65000E+02, 0.10000E+01, 0.33721E+03, 0.86728E-01, 0.28445E-01
 0.00000E+00, 0.20000E+01, 0.26313E+02, 0.58511E+01, 0.20686E-03
 0.10000E+01, 0.20000E+01, 0.24382E+02, 0.30000E+02, 0.16916E-04
 0.20000E+01, 0.20000E+01, 0.24705E+02, 0.30000E+02, 0.44420E-08
 0.30000E+01, 0.20000E+01, 0.24740E+02, 0.30000E+02, 0.73709E-11
 0.40000E+01, 0.20000E+01, 0.25004E+02, 0.30000E+02, 0.10104E-11
 0.50000E+01, 0.20000E+01, 0.23740E+02, 0.30000E+02, 0.19635E-12
 0.60000E+01, 0.20000E+01, 0.23668E+02, 0.30000E+02, 0.49908E-16
 0.70000E+01, 0.20000E+01, 0.22870E+02, 0.30000E+02, 0.94043E-16
 0.80000E+01, 0.20000E+01, 0.22000E+02, 0.30000E+02, 0.00000E+00
 0.90000E+01, 0.20000E+01, 0.15892E+03, 0.11421E+00, 0.15291E-01
 0.10000E+02, 0.20000E+01, 0.19341E+03, 0.12050E+00, 0.15649E-01
 0.11000E+02, 0.20000E+01, 0.60092E+02, 0.44763E+00, 0.30089E-02
 0.12000E+02, 0.20000E+01, 0.76108E+02, 0.34247E+00, 0.41220E-02
 0.13000E+02, 0.20000E+01, 0.72206E+02, 0.35431E+00, 0.39397E-02
 0.14000E+02, 0.20000E+01, 0.62999E+02, 0.42073E+00, 0.32293E-02
 0.15000E+02, 0.20000E+01, 0.57534E+02, 0.48062E+00, 0.27809E-02
 0.16000E+02, 0.20000E+01, 0.55032E+02, 0.49440E+00, 0.26829E-02
 0.17000E+02, 0.20000E+01, 0.11131E+03, 0.17115E+00, 0.90793E-02
 0.18000E+02, 0.20000E+01, 0.11801E+03, 0.16692E+00, 0.94715E-02
 0.19000E+02, 0.20000E+01, 0.11921E+03, 0.15725E+00, 0.10084E-01
 0.20000E+02, 0.20000E+01, 0.81869E+02, 0.23593E+00, 0.60820E-02
 0.21000E+02, 0.20000E+01, 0.81362E+02, 0.24794E+00, 0.57792E-02
 0.22000E+02, 0.20000E+01, 0.83345E+02, 0.23828E+00, 0.60470E-02
 0.23000E+02, 0.20000E+01, 0.26707E+02, 0.38343E+01, 0.31609E-03
 0.24000E+02, 0.20000E+01, 0.27245E+02, 0.30538E+01, 0.39759E-03
 0.25000E+02, 0.20000E+01, 0.29529E+02, 0.22443E+01, 0.54509E-03
 0.26000E+02, 0.20000E+01, 0.34335E+02, 0.12688E+01, 0.97948E-03
 0.27000E+02, 0.20000E+01, 0.34626E+02, 0.12462E+01, 0.99821E-03
 0.28000E+02, 0.20000E+01, 0.34117E+02, 0.13355E+01, 0.92992E-03
 0.29000E+02, 0.20000E+01, 0.35762E+02, 0.12198E+01, 0.10236E-02
 0.30000E+02, 0.20000E+01, 0.33153E+02, 0.16279E+01, 0.76050E-03
 0.31000E+02, 0.20000E+01, 0.38314E+02, 0.10595E+01, 0.11882E-02
 0.32000E+02, 0.20000E+01, 0.39851E+02, 0.85493E+00, 0.14798E-02
 0.33000E+02, 0.20000E+01, 0.39437E+02, 0.84389E+00, 0.14972E-02
 0.34000E+02, 0.20000E+01, 0.42561E+02, 0.87955E+00, 0.14508E-02
 0.35000E+02, 0.20000E+01, 0.42541E+02, 0.86515E+00, 0.14748E-02
 0.36000E+02, 0.20000E+01, 0.46243E+02, 0.73168E+00, 0.17643E-02
 0.37000E+02, 0.20000E+01, 0.48911E+02, 0.66541E+00, 0.19563E-02
 0.38000E+02, 0.20000E+01, 0.50186E+02, 0.64471E+00, 0.20271E-02
 0.39000E+02, 0.20000E+01, 0.55010E+02, 0.59129E+00, 0.22432E-02
 0.40000E+02, 0.20000E+01, 0.30495E+02, 0.31490E+01, 0.38974E-03
 0.41000E+02, 0.20000E+01, 0.30389E+02, 0.32598E+01, 0.37636E-03
 0.42000E+02, 0.20000E+01, 0.28594E+02, 0.40304E+01, 0.30260E-03
 0.43000E+02, 0.20000E+01, 0.30629E+02, 0.30643E+01, 0.40069E-03
 0.44000E+02, 0.20000E+01, 0.30642E+02, 0.29271E+01, 0.41948E-03
 0.45000E+02, 0.20000E+01, 0.30858E+02, 0.26069E+01, 0.47134E-03
 0.46000E+02, 0.20000E+01, 0.30446E+02, 0.27050E+01, 0.45363E-03
 0.47000E+02, 0.20000E+01, 0.31351E+02, 0.24333E+01, 0.50580E-03
 0.48000E+02, 0.20000E+01, 0.31469E+02, 0.25202E+01, 0.48853E-03
 0.49000E+02, 0.20000E+01, 0.33433E+02, 0.20620E+01, 0.60095E-03
 0.50000E+02, 0.20000E+01, 0.34332E+02, 0.17057E+01, 0.72863E-03
 0.51000E+02, 0.20000E+01, 0.30819E+02, 0.22063E+01, 0.55686E-03
 0.52000E+02, 0.20000E+01, 0.41336E+02, 0.16378E+01, 0.77612E-03
 0.53000E+02, 0.20000E+01, 0.49186E+02, 0.12525E+01, 0.10402E-02
 0.54000E+02, 0.20000E+01, 0.52655E+02, 0.11331E+01, 0.11622E-02
 0.55000E+02, 0.20000E+01, 0.54334E+02, 0.10913E+01, 0.12129E-02
 0.56000E+02, 0.20000E+01, 0.54352E+02, 0.11696E+01, 0.11318E-02
 0.57000E+02, 0.20000E+01, 0.74970E+02, 0.81429E+00, 0.17279E-02
 0.58000E+02, 0.20000E+01, 0.86465E+02, 0.57167E+00, 0.25426E-02
 0.59000E+02, 0.20000E+01, 0.90913E+02, 0.54093E+00, 0.27203E-02
 0.60000E+02, 0.20000E+01, 0.92365E+02, 0.53130E+00, 0.27806E-02
 0.61000E+02, 0.20000E+01, 0.11167E+03, 0.42945E+00, 0.36218E-02
 0.62000E+02, 0.20000E+01, 0.13013E+03, 0.35153E+00, 0.46369E-02
 0.63000E+02, 0.20000E+01, 0.22000E+02, 0.30000E+02, 0.00000E+00
 0.64000E+02, 0.20000E+01, 0.46784E+03, 0.10507E+00, 0.28504E-01
 0.65000E+02, 0.20000E+01, 0.45430E+03, 0.10702E+00, 0.27473E-01
 0.00000E+00, 0.30000E+01, 0.26283E+02, 0.46950E+01, 0.25778E-03
 0.10000E+01, 0.30000E+01, 0.28586E+02, 0.36116E+01, 0.33768E-03
 0.20000E+01, 0.30000E+01, 0.25133E+02, 0.30000E+02, 0.38649E-04
 0.30000E+01, 0.30000E+01, 0.25008E+02, 0.30000E+02, 0.34418E-06
 0.40000E+01, 0.30000E+01, 0.24303E+02, 0.30000E+02, 0.25336E-06
 0.50000E+01, 0.30000E+01, 0.23878E+02, 0.30000E+02, 0.16049E-07
 0.60000E+01, 0.30000E+01, 0.24199E+02, 0.30000E+02, 0.68698E-11
 0.70000E+01, 0.30000E+01, 0.23898E+02, 0.30000E+02, 0.76727E-12
 0.80000E+01, 0.30000E+01, 0.22000E+02, 0.30000E+02, 0.00000E+00
 0.90000E+01, 0.30000E+01, 0.20051E+03, 0.12411E+00, 0.15425E-01
 0.10000E+02, 0.30000E+01, 0.20417E+03, 0.12430E+00, 0.15521E-01
 0.11000E+02, 0.30000E+01, 0.90056E+02, 0.26728E+00, 0.54924E-02
 0.12000E+02, 0.30000E+01, 0.77943E+02, 0.32292E+00, 0.43945E-02
 0.13000E+02, 0.30000E+01, 0.67413E+02, 0.37664E+00, 0.36547E-02
 0.14000E+02, 0.30000E+01, 0.57738E+02, 0.48373E+00, 0.27647E-02
 0.15000E+02, 0.30000E+01, 0.53123E+02, 0.54636E+00, 0.24137E-02
 0.16000E+02, 0.30000E+01, 0.49922E+02, 0.58975E+00, 0.22142E-02
 0.17000E+02, 0.30000E+01, 0.11407E+03, 0.17032E+00, 0.91888E-02
 0.18000E+02, 0.30000E+01, 0.12443E+03, 0.16206E+00, 0.99156E-02
 0.19000E+02, 0.30000E+01, 0.12679E+03, 0.15257E+00, 0.10595E-01
 0.20000E+02, 0.30000E+01, 0.86804E+02, 0.23007E+00, 0.63235E-02
 0.21000E+02, 0.30000E+01, 0.87889E+02, 0.23790E+00, 0.61340E-02
 0.22000E+02, 0.30000E+01, 0.93034E+02, 0.22275E+00, 0.66444E-02
 0.23000E+02, 0.30000E+01, 0.33880E+02, 0.14573E+01, 0.85153E-03
 0.24000E+02, 0.30000E+01, 0.28258E+02, 0.28302E+01, 0.43044E-03
 0.25000E+02, 0.30000E+01, 0.27650E+02, 0.32430E+01, 0.37490E-03
 0.26000E+02, 0.30000E+01, 0.32119E+02, 0.16589E+01, 0.74378E-03
 0.27000E+02, 0.30000E+01, 0.33170E+02, 0.15006E+01, 0.82508E-03
 0.28000E+02, 0.30000E+01, 0.33659E+02, 0.15064E+01, 0.82321E-03
 0.29000E+02, 0.30000E+01, 0.34340E+02, 0.14731E+01, 0.84369E-03
 0.30000E+02, 0.30000E+01, 0.37420E+02, 0.11212E+01, 0.11196E-02
 0.31000E+02, 0.30000E+01, 0.36860E+02, 0.11205E+01, 0.11182E-02
 0.32000E+02, 0.30000E+01, 0.39127E+02, 0.89017E+00, 0.14179E-02
 0.33000E+02, 0.30000E+01, 0.37878E+02, 0.90102E+00, 0.13952E-02
 0.34000E+02, 0.30000E+01, 0.40399E+02, 0.99155E+00, 0.12781E-02
 0.35000E+02, 0.30000E+01, 0.40634E+02, 0.96300E+00, 0.13170E-02
 0.36000E+02, 0.30000E+01, 0.45042E+02, 0.76468E+00, 0.16818E-02
 0.37000E+02, 0.30000E+01, 0.46975E+02, 0.71367E+00, 0.18130E-02
 0.38000E+02, 0.30000E+01, 0.48735E+02, 0.72920E+00, 0.17841E-02
 0.39000E+02, 0.30000E+01, 0.59680E+02, 0.54952E+00, 0.24480E-02
 0.40000E+02, 0.30000E+01, 0.29174E+02, 0.39969E+01, 0.30572E-03
 0.41000E+02, 0.30000E+01, 0.30336E+02, 0.31132E+01, 0.39401E-03
 0.42000E+02, 0.30000E+01, 0.28599E+02, 0.41662E+01, 0.29274E-03
 0.43000E+02, 0.30000E+01, 0.28386E+02, 0.42957E+01, 0.28371E-03
 0.44000E+02, 0.30000E+01, 0.28528E+02, 0.37333E+01, 0.32661E-03
 0.45000E+02, 0.30000E+01, 0.28922E+02, 0.35265E+01, 0.34621E-03
 0.46000E+02, 0.30000E+01, 0.29450E+02, 0.34661E+01, 0.35287E-03
 0.47000E+02, 0.30000E+01, 0.30071E+02, 0.31770E+01, 0.38576E-03
 0.48000E+02, 0.30000E+01, 0.30687E+02, 0.27085E+01, 0.45340E-03
 0.49000E+02, 0.30000E+01, 0.31261E+02, 0.23404E+01, 0.52571E-03
 0.50000E+02, 0.30000E+01, 0.31461E+02, 0.23354E+01, 0.52719E-03
 0.51000E+02, 0.30000E+01, 0.33759E+02, 0.17224E+01, 0.72021E-03
 0.52000E+02, 0.30000E+01, 0.41192E+02, 0.16664E+01, 0.76243E-03
 0.53000E+02, 0.30000E+01, 0.45964E+02, 0.13730E+01, 0.93937E-03
 0.54000E+02, 0.30000E+01, 0.47282E+02, 0.13186E+01, 0.98220E-03
 0.55000E+02, 0.30000E+01, 0.46441E+02, 0.13570E+01, 0.95193E-03
 0.56000E+02, 0.30000E+01, 0.52356E+02, 0.12879E+01, 0.10216E-02
 0.57000E+02, 0.30000E+01, 0.71711E+02, 0.85697E+00, 0.16265E-02
 0.58000E+02, 0.30000E+01, 0.86242E+02, 0.58660E+00, 0.24763E-02
 0.59000E+02, 0.30000E+01, 0.87034E+02, 0.58087E+00, 0.25063E-02
 0.60000E+02, 0.30000E+01, 0.93461E+02, 0.52834E+00, 0.28046E-02
 0.61000E+02, 0.30000E+01, 0.10317E+03, 0.44077E+00, 0.34508E-02
 0.62000E+02, 0.30000E+01, 0.13434E+03, 0.35203E+00, 0.46785E-02
 0.63000E+02, 0.30000E+01, 0.22000E+02, 0.30000E+02, 0.00000E+00
 0.64000E+02, 0.30000E+01, 0.56775E+03, 0.12295E+00, 0.27644E-01
 0.65000E+02, 0.30000E+01, 0.57197E+03, 0.12132E+00, 0.28156E-01
 0.00000E+00, 0.40000E+01, 0.27957E+02, 0.31775E+01, 0.38302E-03
 0.10000E+01, 0.40000E+01, 0.30500E+02, 0.25506E+01, 0.48119E-03
 0.20000E+01, 0.40000E+01, 0.31052E+02, 0.23419E+01, 0.52501E-03
 0.30000E+01, 0.40000E+01, 0.30026E+02, 0.26494E+01, 0.46252E-03
 0.40000E+01, 0.40000E+01, 0.28864E+02, 0.30701E+01, 0.39761E-03
 0.50000E+01, 0.40000E+01, 0.25911E+02, 0.86490E+01, 0.13976E-03
 0.60000E+01, 0.40000E+01, 0.24762E+02, 0.30000E+02, 0.38895E-06
 0.70000E+01, 0.40000E+01, 0.22880E+02, 0.30000E+02, 0.37674E-08
 0.80000E+01, 0.40000E+01, 0.22000E+02, 0.30000E+02, 0.00000E+00
 0.90000E+01, 0.40000E+01, 0.21594E+03, 0.12145E+00, 0.16277E-01
 0.10000E+02, 0.40000E+01, 0.21336E+03, 0.12544E+00, 0.15676E-01
 0.11000E+02, 0.40000E+01, 0.10325E+03, 0.23574E+00, 0.64536E-02
 0.12000E+02, 0.40000E+01, 0.78833E+02, 0.31568E+00, 0.45066E-02
 0.13000E+02, 0.40000E+01, 0.64939E+02, 0.39782E+00, 0.34349E-02
 0.14000E+02, 0.40000E+01, 0.54350E+02, 0.53026E+00, 0.24963E-02
 0.15000E+02, 0.40000E+01, 0.45153E+02, 0.74130E+00, 0.17355E-02
 0.16000E+02, 0.40000E+01, 0.43309E+02, 0.76001E+00, 0.16830E-02
 0.17000E+02, 0.40000E+01, 0.13560E+03, 0.15428E+00, 0.10708E-01
 0.18000E+02, 0.40000E+01, 0.13825E+03, 0.15331E+00, 0.10846E-01
 0.19000E+02, 0.40000E+01, 0.13449E+03, 0.15016E+00, 0.10972E-01
 0.20000E+02, 0.40000E+01, 0.91347E+02, 0.22323E+00, 0.65995E-02
 0.21000E+02, 0.40000E+01, 0.97999E+02, 0.21990E+00, 0.68218E-02
 0.22000E+02, 0.40000E+01, 0.10637E+03, 0.20379E+00, 0.75270E-02
 0.23000E+02, 0.40000E+01, 0.30910E+02, 0.20116E+01, 0.61093E-03
 0.24000E+02, 0.40000E+01, 0.31416E+02, 0.18394E+01, 0.66926E-03
 0.25000E+02, 0.40000E+01, 0.28729E+02, 0.28474E+01, 0.42851E-03
 0.26000E+02, 0.40000E+01, 0.31016E+02, 0.20553E+01, 0.59815E-03
 0.27000E+02, 0.40000E+01, 0.33432E+02, 0.16091E+01, 0.77011E-03
 0.28000E+02, 0.40000E+01, 0.34380E+02, 0.15026E+01, 0.82721E-03
 0.29000E+02, 0.40000E+01, 0.36659E+02, 0.11686E+01, 0.10716E-02
 0.30000E+02, 0.40000E+01, 0.36392E+02, 0.11452E+01, 0.10925E-02
 0.31000E+02, 0.40000E+01, 0.35188E+02, 0.12491E+01, 0.99769E-03
 0.32000E+02, 0.40000E+01, 0.37462E+02, 0.10177E+01, 0.12336E-02
 0.33000E+02, 0.40000E+01, 0.39976E+02, 0.79735E+00, 0.15873E-02
 0.34000E+02, 0.40000E+01, 0.41273E+02, 0.10046E+01, 0.12651E-02
 0.35000E+02, 0.40000E+01, 0.41968E+02, 0.10136E+01, 0.12565E-02
 0.36000E+02, 0.40000E+01, 0.40907E+02, 0.95095E+00, 0.13348E-02
 0.37000E+02, 0.40000E+01, 0.43998E+02, 0.82931E+00, 0.15457E-02
 0.38000E+02, 0.40000E+01, 0.46331E+02, 0.81620E+00, 0.15821E-02
 0.39000E+02, 0.40000E+01, 0.60902E+02, 0.54199E+00, 0.24911E-02
 0.40000E+02, 0.40000E+01, 0.29098E+02, 0.42021E+01, 0.29072E-03
 0.41000E+02, 0.40000E+01, 0.33623E+02, 0.25139E+01, 0.49323E-03
 0.42000E+02, 0.40000E+01, 0.30345E+02, 0.33146E+01, 0.37008E-03
 0.43000E+02, 0.40000E+01, 0.27134E+02, 0.50734E+01, 0.23923E-03
 0.44000E+02, 0.40000E+01, 0.27848E+02, 0.45842E+01, 0.26539E-03
 0.45000E+02, 0.40000E+01, 0.28753E+02, 0.39182E+01, 0.31143E-03
 0.46000E+02, 0.40000E+01, 0.29445E+02, 0.33953E+01, 0.36021E-03
 0.47000E+02, 0.40000E+01, 0.29128E+02, 0.33632E+01, 0.36327E-03
 0.48000E+02, 0.40000E+01, 0.28441E+02, 0.34148E+01, 0.35697E-03
 0.49000E+02, 0.40000E+01, 0.27962E+02, 0.37670E+01, 0.32308E-03
 0.50000E+02, 0.40000E+01, 0.30035E+02, 0.27115E+01, 0.45194E-03
 0.51000E+02, 0.40000E+01, 0.37501E+02, 0.14145E+01, 0.88766E-03
 0.52000E+02, 0.40000E+01, 0.40890E+02, 0.16804E+01, 0.75537E-03
 0.53000E+02, 0.40000E+01, 0.44388E+02, 0.14643E+01, 0.87651E-03
 0.54000E+02, 0.40000E+01, 0.42471E+02, 0.15629E+01, 0.81626E-03
 0.55000E+02, 0.40000E+01, 0.43218E+02, 0.15020E+01, 0.85132E-03
 0.56000E+02, 0.40000E+01, 0.49038E+02, 0.14156E+01, 0.91993E-03
 0.57000E+02, 0.40000E+01, 0.69659E+02, 0.88443E+00, 0.15666E-02
 0.58000E+02, 0.40000E+01, 0.84952E+02, 0.60778E+00, 0.23814E-02
 0.59000E+02, 0.40000E+01, 0.84171E+02, 0.60928E+00, 0.23704E-02
 0.60000E+02, 0.40000E+01, 0.85702E+02, 0.57193E+00, 0.25360E-02
 0.61000E+02, 0.40000E+01, 0.84933E+02, 0.53889E+00, 0.26857E-02
 0.62000E+02, 0.40000E+01, 0.12842E+03, 0.36298E+00, 0.44715E-02
 0.63000E+02, 0.40000E+01, 0.22000E+02, 0.30000E+02, 0.00000E+00
 0.64000E+02, 0.40000E+01, 0.58766E+03, 0.12688E+00, 0.27421E-01
 0.65000E+02, 0.40000E+01, 0.62924E+03, 0.13135E+00, 0.27769E-01
 0.00000E+00, 0.50000E+01, 0.31642E+02, 0.19082E+01, 0.64560E-03
 0.10000E+01, 0.50000E+01, 0.35089E+02, 0.16394E+01, 0.75995E-03
 0.20000E+01, 0.50000E+01, 0.35968E+02, 0.15493E+01, 0.80641E-03
 0.30000E+01, 0.50000E+01, 0.35934E+02, 0.15354E+01, 0.81363E-03
 0.40000E+01, 0.50000E+01, 0.36916E+02, 0.14028E+01, 0.89337E-03
 0.50000E+01, 0.50000E+01, 0.39098E+02, 0.12119E+01, 0.10414E-02
 0.60000E+01, 0.50000E+01, 0.26029E+02, 0.55593E+01, 0.21751E-03
 0.70000E+01, 0.50000E+01, 0.22814E+02, 0.30000E+02, 0.39010E-05
 0.80000E+01, 0.50000E+01, 0.22000E+02, 0.30000E+02, 0.00000E+00
 0.90000E+01, 0.50000E+01, 0.20918E+03, 0.12809E+00, 0.15219E-01
 0.10000E+02, 0.50000E+01, 0.21213E+03, 0.12785E+00, 0.15342E-01
 0.11000E+02, 0.50000E+01, 0.10963E+03, 0.22540E+00, 0.68639E-02
 0.12000E+02, 0.50000E+01, 0.86749E+02, 0.29133E+00, 0.49931E-02
 0.13000E+02, 0.50000E+01, 0.82866E+02, 0.30529E+00, 0.47134E-02
 0.14000E+02, 0.50000E+01, 0.56987E+02, 0.48157E+00, 0.27708E-02
 0.15000E+02, 0.50000E+01, 0.36196E+02, 0.10186E+01, 0.12274E-02
 0.16000E+02, 0.50000E+01, 0.37358E+02, 0.94020E+00, 0.13348E-02
 0.17000E+02, 0.50000E+01, 0.19546E+03, 0.12695E+00, 0.14919E-01
 0.18000E+02, 0.50000E+01, 0.15915E+03, 0.14117E+00, 0.12377E-01
 0.19000E+02, 0.50000E+01, 0.13016E+03, 0.15293E+00, 0.10659E-01
 0.20000E+02, 0.50000E+01, 0.93830E+02, 0.22167E+00, 0.66914E-02
 0.21000E+02, 0.50000E+01, 0.11001E+03, 0.20171E+00, 0.76775E-02
 0.22000E+02, 0.50000E+01, 0.11412E+03, 0.19149E+00, 0.81743E-02
 0.23000E+02, 0.50000E+01, 0.28724E+02, 0.29873E+01, 0.40844E-03
 0.24000E+02, 0.50000E+01, 0.31146E+02, 0.20882E+01, 0.58898E-03
 0.25000E+02, 0.50000E+01, 0.30593E+02, 0.21553E+01, 0.56961E-03
 0.26000E+02, 0.50000E+01, 0.31948E+02, 0.19149E+01, 0.64399E-03
 0.27000E+02, 0.50000E+01, 0.35397E+02, 0.13533E+01, 0.92150E-03
 0.28000E+02, 0.50000E+01, 0.34397E+02, 0.13613E+01, 0.91311E-03
 0.29000E+02, 0.50000E+01, 0.32176E+02, 0.15607E+01, 0.79073E-03
 0.30000E+02, 0.50000E+01, 0.28605E+02, 0.27788E+01, 0.43891E-03
 0.31000E+02, 0.50000E+01, 0.30500E+02, 0.20479E+01, 0.59931E-03
 0.32000E+02, 0.50000E+01, 0.31492E+02, 0.17462E+01, 0.70516E-03
 0.33000E+02, 0.50000E+01, 0.39667E+02, 0.80595E+00, 0.15688E-02
 0.34000E+02, 0.50000E+01, 0.46258E+02, 0.91670E+00, 0.14083E-02
 0.35000E+02, 0.50000E+01, 0.48252E+02, 0.88785E+00, 0.14631E-02
 0.36000E+02, 0.50000E+01, 0.39591E+02, 0.10197E+01, 0.12397E-02
 0.37000E+02, 0.50000E+01, 0.40685E+02, 0.94492E+00, 0.13424E-02
 0.38000E+02, 0.50000E+01, 0.42999E+02, 0.98058E+00, 0.13031E-02
 0.39000E+02, 0.50000E+01, 0.59705E+02, 0.55640E+00, 0.24180E-02
 0.40000E+02, 0.50000E+01, 0.32799E+02, 0.26991E+01, 0.45815E-03
 0.41000E+02, 0.50000E+01, 0.35152E+02, 0.22154E+01, 0.56248E-03
 0.42000E+02, 0.50000E+01, 0.30898E+02, 0.30945E+01, 0.39713E-03
 0.43000E+02, 0.50000E+01, 0.26740E+02, 0.56126E+01, 0.21596E-03
 0.44000E+02, 0.50000E+01, 0.27333E+02, 0.49361E+01, 0.24605E-03
 0.45000E+02, 0.50000E+01, 0.28459E+02, 0.38915E+01, 0.31326E-03
 0.46000E+02, 0.50000E+01, 0.27497E+02, 0.42794E+01, 0.28396E-03
 0.47000E+02, 0.50000E+01, 0.26289E+02, 0.51858E+01, 0.23338E-03
 0.48000E+02, 0.50000E+01, 0.24846E+02, 0.84764E+01, 0.14210E-03
 0.49000E+02, 0.50000E+01, 0.24855E+02, 0.80977E+01, 0.14874E-03
 0.50000E+02, 0.50000E+01, 0.26292E+02, 0.50505E+01, 0.23964E-03
 0.51000E+02, 0.50000E+01, 0.36789E+02, 0.14890E+01, 0.84129E-03
 0.52000E+02, 0.50000E+01, 0.44344E+02, 0.15609E+01, 0.82210E-03
 0.53000E+02, 0.50000E+01, 0.48449E+02, 0.13315E+01, 0.97626E-03
 0.54000E+02, 0.50000E+01, 0.46420E+02, 0.14329E+01, 0.90140E-03
 0.55000E+02, 0.50000E+01, 0.46256E+02, 0.14398E+01, 0.89667E-03
 0.56000E+02, 0.50000E+01, 0.47656E+02, 0.14412E+01, 0.89973E-03
 0.57000E+02, 0.50000E+01, 0.69882E+02, 0.86408E+00, 0.16046E-02
 0.58000E+02, 0.50000E+01, 0.95205E+02, 0.58252E+00, 0.25558E-02
 0.59000E+02, 0.50000E+01, 0.91749E+02, 0.60271E+00, 0.24471E-02
 0.60000E+02, 0.50000E+01, 0.91323E+02, 0.55152E+00, 0.26710E-02
 0.61000E+02, 0.50000E+01, 0.80103E+02, 0.61048E+00, 0.23388E-02
 0.62000E+02, 0.50000E+01, 0.12840E+03, 0.37220E+00, 0.43605E-02
 0.63000E+02, 0.50000E+01, 0.22000E+02, 0.30000E+02, 0.00000E+00
 0.64000E+02, 0.50000E+01, 0.56169E+03, 0.12509E+00, 0.26974E-01
 0.65000E+02, 0.50000E+01, 0.59162E+03, 0.13349E+00, 0.26183E-01
 0.00000E+00, 0.60000E+01, 0.37296E+02, 0.13320E+01, 0.94205E-03
 0.10000E+01, 0.60000E+01, 0.38691E+02, 0.13364E+01, 0.94316E-03
 0.20000E+01, 0.60000E+01, 0.37145E+02, 0.14474E+01, 0.86649E-03
 0.30000E+01, 0.60000E+01, 0.37831E+02, 0.13684E+01, 0.91856E-03
 0.40000E+01, 0.60000E+01, 0.37335E+02, 0.13780E+01, 0.91066E-03
 0.50000E+01, 0.60000E+01, 0.37186E+02, 0.13720E+01, 0.91423E-03
 0.60000E+01, 0.60000E+01, 0.36179E+02, 0.14585E+01, 0.85721E-03
 0.70000E+01, 0.60000E+01, 0.25720E+02, 0.57006E+01, 0.21190E-03
 0.80000E+01, 0.60000E+01, 0.22000E+02, 0.30000E+02, 0.00000E+00
 0.90000E+01, 0.60000E+01, 0.21994E+03, 0.12223E+00, 0.16305E-01
 0.10000E+02, 0.60000E+01, 0.21068E+03, 0.12793E+00, 0.15287E-01
 0.11000E+02, 0.60000E+01, 0.11021E+03, 0.22581E+00, 0.68620E-02
 0.12000E+02, 0.60000E+01, 0.91096E+02, 0.28219E+00, 0.52171E-02
 0.13000E+02, 0.60000E+01, 0.80810E+02, 0.32682E+00, 0.43775E-02
 0.14000E+02, 0.60000E+01, 0.13661E+03, 0.15652E+00, 0.10582E-01
 0.15000E+02, 0.60000E+01, 0.13872E+03, 0.15600E+00, 0.10671E-01
 0.16000E+02, 0.60000E+01, 0.13948E+03, 0.14968E+00, 0.11142E-01
 0.17000E+02, 0.60000E+01, 0.22619E+03, 0.12147E+00, 0.16615E-01
 0.18000E+02, 0.60000E+01, 0.21935E+03, 0.12000E+00, 0.16589E-01
 0.19000E+02, 0.60000E+01, 0.23213E+02, 0.30000E+02, 0.00000E+00
 0.20000E+02, 0.60000E+01, 0.22329E+02, 0.30000E+02, 0.00000E+00
 0.21000E+02, 0.60000E+01, 0.20809E+03, 0.13314E+00, 0.14609E-01
 0.22000E+02, 0.60000E+01, 0.20440E+03, 0.13035E+00, 0.14808E-01
 0.23000E+02, 0.60000E+01, 0.40284E+02, 0.11050E+01, 0.11465E-02
 0.24000E+02, 0.60000E+01, 0.34393E+02, 0.14906E+01, 0.83392E-03
 0.25000E+02, 0.60000E+01, 0.31568E+02, 0.18869E+01, 0.65271E-03
 0.26000E+02, 0.60000E+01, 0.33299E+02, 0.16048E+01, 0.77184E-03
 0.27000E+02, 0.60000E+01, 0.31391E+02, 0.16673E+01, 0.73827E-03
 0.28000E+02, 0.60000E+01, 0.34302E+02, 0.12380E+01, 0.10038E-02
 0.29000E+02, 0.60000E+01, 0.31358E+02, 0.16375E+01, 0.75162E-03
 0.30000E+02, 0.60000E+01, 0.25711E+02, 0.44472E+01, 0.27162E-03
 0.31000E+02, 0.60000E+01, 0.27003E+02, 0.35565E+01, 0.34111E-03
 0.32000E+02, 0.60000E+01, 0.29629E+02, 0.19694E+01, 0.62140E-03
 0.33000E+02, 0.60000E+01, 0.39508E+02, 0.80202E+00, 0.15757E-02
 0.34000E+02, 0.60000E+01, 0.56995E+02, 0.72292E+00, 0.18458E-02
 0.35000E+02, 0.60000E+01, 0.50833E+02, 0.80550E+00, 0.16257E-02
 0.36000E+02, 0.60000E+01, 0.43221E+02, 0.96578E+00, 0.13240E-02
 0.37000E+02, 0.60000E+01, 0.38657E+02, 0.10554E+01, 0.11941E-02
 0.38000E+02, 0.60000E+01, 0.44877E+02, 0.86228E+00, 0.14907E-02
 0.39000E+02, 0.60000E+01, 0.59470E+02, 0.55202E+00, 0.24354E-02
 0.40000E+02, 0.60000E+01, 0.36524E+02, 0.20489E+01, 0.61089E-03
 0.41000E+02, 0.60000E+01, 0.44580E+02, 0.12869E+01, 0.99789E-03
 0.42000E+02, 0.60000E+01, 0.31677E+02, 0.28226E+01, 0.43650E-03
 0.43000E+02, 0.60000E+01, 0.26009E+02, 0.66974E+01, 0.18054E-03
 0.44000E+02, 0.60000E+01, 0.25931E+02, 0.63175E+01, 0.19135E-03
 0.45000E+02, 0.60000E+01, 0.26108E+02, 0.52830E+01, 0.22895E-03
 0.46000E+02, 0.60000E+01, 0.25567E+02, 0.52446E+01, 0.23021E-03
 0.47000E+02, 0.60000E+01, 0.26577E+02, 0.40263E+01, 0.30088E-03
 0.48000E+02, 0.60000E+01, 0.29378E+02, 0.27777E+01, 0.44021E-03
 0.49000E+02, 0.60000E+01, 0.24180E+02, 0.76138E+01, 0.15784E-03
 0.50000E+02, 0.60000E+01, 0.25847E+02, 0.48608E+01, 0.24862E-03
 0.51000E+02, 0.60000E+01, 0.36506E+02, 0.15068E+01, 0.83062E-03
 0.52000E+02, 0.60000E+01, 0.50959E+02, 0.12519E+01, 0.10464E-02
 0.53000E+02, 0.60000E+01, 0.47755E+02, 0.14405E+01, 0.90042E-03
 0.54000E+02, 0.60000E+01, 0.45590E+02, 0.15100E+01, 0.85316E-03
 0.55000E+02, 0.60000E+01, 0.47376E+02, 0.13790E+01, 0.93946E-03
 0.56000E+02, 0.60000E+01, 0.46866E+02, 0.14411E+01, 0.89757E-03
 0.57000E+02, 0.60000E+01, 0.68901E+02, 0.86698E+00, 0.15946E-02
 0.58000E+02, 0.60000E+01, 0.13071E+03, 0.58585E+00, 0.27863E-02
 0.59000E+02, 0.60000E+01, 0.10727E+03, 0.62397E+00, 0.24642E-02
 0.60000E+02, 0.60000E+01, 0.93026E+02, 0.64603E+00, 0.22909E-02
 0.61000E+02, 0.60000E+01, 0.93851E+02, 0.59276E+00, 0.25024E-02
 0.62000E+02, 0.60000E+01, 0.13315E+03, 0.36909E+00, 0.44493E-02
 0.63000E+02, 0.60000E+01, 0.22000E+02, 0.30000E+02, 0.00000E+00
 0.64000E+02, 0.60000E+01, 0.70965E+03, 0.18539E+00, 0.21427E-01
 0.65000E+02, 0.60000E+01, 0.73701E+03, 0.14901E+00, 0.27400E-01
 0.00000E+00, 0.70000E+01, 0.39162E+02, 0.11621E+01, 0.10863E-02
 0.10000E+01, 0.70000E+01, 0.39221E+02, 0.12984E+01, 0.97237E-03
 0.20000E+01, 0.70000E+01, 0.37735E+02, 0.14091E+01, 0.89172E-03
 0.30000E+01, 0.70000E+01, 0.38334E+02, 0.13623E+01, 0.92412E-03
 0.40000E+01, 0.70000E+01, 0.38459E+02, 0.13162E+01, 0.95688E-03
 0.50000E+01, 0.70000E+01, 0.36393E+02, 0.14619E+01, 0.85581E-03
 0.60000E+01, 0.70000E+01, 0.36972E+02, 0.13857E+01, 0.90457E-03
 0.70000E+01, 0.70000E+01, 0.37216E+02, 0.13523E+01, 0.92763E-03
 0.80000E+01, 0.70000E+01, 0.22000E+02, 0.30000E+02, 0.00000E+00
 0.90000E+01, 0.70000E+01, 0.23127E+03, 0.12105E+00, 0.16842E-01
 0.10000E+02, 0.70000E+01, 0.24186E+03, 0.11886E+00, 0.17513E-01
 0.11000E+02, 0.70000E+01, 0.11064E+03, 0.21896E+00, 0.70845E-02
 0.12000E+02, 0.70000E+01, 0.76663E+02, 0.34784E+00, 0.40647E-02
 0.13000E+02, 0.70000E+01, 0.17896E+03, 0.15607E+00, 0.11709E-01
 0.14000E+02, 0.70000E+01, 0.15279E+03, 0.15091E+00, 0.11408E-01
 0.15000E+02, 0.70000E+01, 0.14288E+03, 0.15330E+00, 0.10969E-01
 0.16000E+02, 0.70000E+01, 0.13810E+03, 0.15208E+00, 0.10930E-01
 0.17000E+02, 0.70000E+01, 0.23081E+03, 0.12776E+00, 0.15943E-01
 0.18000E+02, 0.70000E+01, 0.21222E+03, 0.12308E+00, 0.15939E-01
 0.19000E+02, 0.70000E+01, 0.22597E+02, 0.30000E+02, 0.00000E+00
 0.20000E+02, 0.70000E+01, 0.21918E+02, 0.30000E+02, 0.00000E+00
 0.21000E+02, 0.70000E+01, 0.19750E+03, 0.12835E+00, 0.14821E-01
 0.22000E+02, 0.70000E+01, 0.19919E+03, 0.13035E+00, 0.14646E-01
 0.23000E+02, 0.70000E+01, 0.12856E+03, 0.24991E+00, 0.64968E-02
 0.24000E+02, 0.70000E+01, 0.42470E+02, 0.96605E+00, 0.13205E-02
 0.25000E+02, 0.70000E+01, 0.29109E+02, 0.24455E+01, 0.49956E-03
 0.26000E+02, 0.70000E+01, 0.26837E+02, 0.33693E+01, 0.35986E-03
 0.27000E+02, 0.70000E+01, 0.24781E+02, 0.55724E+01, 0.21610E-03
 0.28000E+02, 0.70000E+01, 0.30300E+02, 0.18984E+01, 0.64606E-03
 0.29000E+02, 0.70000E+01, 0.28029E+02, 0.25457E+01, 0.47818E-03
 0.30000E+02, 0.70000E+01, 0.23641E+02, 0.10565E+02, 0.11355E-03
 0.31000E+02, 0.70000E+01, 0.26181E+02, 0.36172E+01, 0.33447E-03
 0.32000E+02, 0.70000E+01, 0.34561E+02, 0.10898E+01, 0.11412E-02
 0.33000E+02, 0.70000E+01, 0.39555E+02, 0.77243E+00, 0.16363E-02
 0.34000E+02, 0.70000E+01, 0.80821E+02, 0.47064E+00, 0.30399E-02
 0.35000E+02, 0.70000E+01, 0.45370E+02, 0.92383E+00, 0.13936E-02
 0.36000E+02, 0.70000E+01, 0.38295E+02, 0.11660E+01, 0.10796E-02
 0.37000E+02, 0.70000E+01, 0.38411E+02, 0.10200E+01, 0.12346E-02
 0.38000E+02, 0.70000E+01, 0.46744E+02, 0.73823E+00, 0.17514E-02
 0.39000E+02, 0.70000E+01, 0.57714E+02, 0.55421E+00, 0.24130E-02
 0.40000E+02, 0.70000E+01, 0.95577E+02, 0.46636E+00, 0.31957E-02
 0.41000E+02, 0.70000E+01, 0.49409E+02, 0.10623E+01, 0.12273E-02
 0.42000E+02, 0.70000E+01, 0.37728E+02, 0.17198E+01, 0.73063E-03
 0.43000E+02, 0.70000E+01, 0.24078E+02, 0.11473E+02, 0.10471E-03
 0.44000E+02, 0.70000E+01, 0.23389E+02, 0.16428E+02, 0.72957E-04
 0.45000E+02, 0.70000E+01, 0.23721E+02, 0.11462E+02, 0.10468E-03
 0.46000E+02, 0.70000E+01, 0.24364E+02, 0.69807E+01, 0.17226E-03
 0.47000E+02, 0.70000E+01, 0.27669E+02, 0.33788E+01, 0.35985E-03
 0.48000E+02, 0.70000E+01, 0.35133E+02, 0.17834E+01, 0.69866E-03
 0.49000E+02, 0.70000E+01, 0.23490E+02, 0.79286E+01, 0.15122E-03
 0.50000E+02, 0.70000E+01, 0.27308E+02, 0.31143E+01, 0.38994E-03
 0.51000E+02, 0.70000E+01, 0.36372E+02, 0.15350E+01, 0.81501E-03
 0.52000E+02, 0.70000E+01, 0.96166E+02, 0.59232E+00, 0.25201E-02
 0.53000E+02, 0.70000E+01, 0.60345E+02, 0.96251E+00, 0.14004E-02
 0.54000E+02, 0.70000E+01, 0.49778E+02, 0.12870E+01, 0.10142E-02
 0.55000E+02, 0.70000E+01, 0.46935E+02, 0.13709E+01, 0.94368E-03
 0.56000E+02, 0.70000E+01, 0.48411E+02, 0.13489E+01, 0.96351E-03
 0.57000E+02, 0.70000E+01, 0.64043E+02, 0.93075E+00, 0.14643E-02
 0.58000E+02, 0.70000E+01, 0.23360E+03, 0.48925E+00, 0.41863E-02
 0.59000E+02, 0.70000E+01, 0.11459E+03, 0.61141E+00, 0.25632E-02
 0.60000E+02, 0.70000E+01, 0.81306E+02, 0.69832E+00, 0.20516E-02
 0.61000E+02, 0.70000E+01, 0.84332E+02, 0.59442E+00, 0.24307E-02
 0.62000E+02, 0.70000E+01, 0.11861E+03, 0.40475E+00, 0.39121E-02
 0.63000E+02, 0.70000E+01, 0.22000E+02, 0.30000E+02, 0.00000E+00
 0.64000E+02, 0.70000E+01, 0.75925E+03, 0.14228E+00, 0.29328E-01
 0.65000E+02, 0.70000E+01, 0.78463E+03, 0.13881E+00, 0.30799E-01
 0.00000E+00, 0.80000E+01, 0.42463E+02, 0.10334E+01, 0.12344E-02
 0.10000E+01, 0.80000E+01, 0.40263E+02, 0.12359E+01, 0.10249E-02
 0.20000E+01, 0.80000E+01, 0.41546E+02, 0.11033E+01, 0.11528E-02
 0.30000E+01, 0.80000E+01, 0.42960E+02, 0.10019E+01, 0.12752E-02
 0.40000E+01, 0.80000E+01, 0.39150E+02, 0.12084E+01, 0.10446E-02
 0.50000E+01, 0.80000E+01, 0.36648E+02, 0.14354E+01, 0.87235E-03
 0.60000E+01, 0.80000E+01, 0.36771E+02, 0.14062E+01, 0.89083E-03
 0.70000E+01, 0.80000E+01, 0.37883E+02, 0.12875E+01, 0.97642E-03
 0.80000E+01, 0.80000E+01, 0.22000E+02, 0.30000E+02, 0.00000E+00
 0.90000E+01, 0.80000E+01, 0.24716E+03, 0.11992E+00, 0.17538E-01
 0.10000E+02, 0.80000E+01, 0.26442E+03, 0.11430E+00, 0.19010E-01
 0.11000E+02, 0.80000E+01, 0.27156E+03, 0.11272E+00, 0.19532E-01
 0.12000E+02, 0.80000E+01, 0.27206E+03, 0.10460E+00, 0.21067E-01
 0.13000E+02, 0.80000E+01, 0.27303E+03, 0.11468E+00, 0.19250E-01
 0.14000E+02, 0.80000E+01, 0.25630E+03, 0.11357E+00, 0.18843E-01
 0.15000E+02, 0.80000E+01, 0.25251E+03, 0.11698E+00, 0.18163E-01
 0.16000E+02, 0.80000E+01, 0.25906E+03, 0.11986E+00, 0.17948E-01
 0.17000E+02, 0.80000E+01, 0.24655E+03, 0.12527E+00, 0.16768E-01
 0.18000E+02, 0.80000E+01, 0.23455E+03, 0.15118E+00, 0.13574E-01
 0.19000E+02, 0.80000E+01, 0.23113E+03, 0.15641E+00, 0.13031E-01
 0.20000E+02, 0.80000E+01, 0.22366E+03, 0.15080E+00, 0.13316E-01
 0.21000E+02, 0.80000E+01, 0.22920E+03, 0.14495E+00, 0.14008E-01
 0.22000E+02, 0.80000E+01, 0.24126E+03, 0.15322E+00, 0.13569E-01
 0.23000E+02, 0.80000E+01, 0.25515E+03, 0.16125E+00, 0.13242E-01
 0.24000E+02, 0.80000E+01, 0.25456E+03, 0.16156E+00, 0.13202E-01
 0.25000E+02, 0.80000E+01, 0.25091E+03, 0.16175E+00, 0.13095E-01
 0.26000E+02, 0.80000E+01, 0.27622E+03, 0.15843E+00, 0.14015E-01
 0.27000E+02, 0.80000E+01, 0.27949E+03, 0.15645E+00, 0.14277E-01
 0.28000E+02, 0.80000E+01, 0.28268E+03, 0.14924E+00, 0.15053E-01
 0.29000E+02, 0.80000E+01, 0.28232E+03, 0.14846E+00, 0.15123E-01
 0.30000E+02, 0.80000E+01, 0.30343E+03, 0.15118E+00, 0.15415E-01
 0.31000E+02, 0.80000E+01, 0.31407E+03, 0.16206E+00, 0.14645E-01
 0.32000E+02, 0.80000E+01, 0.29994E+03, 0.16127E+00, 0.14363E-01
 0.33000E+02, 0.80000E+01, 0.28069E+03, 0.15581E+00, 0.14367E-01
 0.34000E+02, 0.80000E+01, 0.27541E+03, 0.16069E+00, 0.13798E-01
 0.35000E+02, 0.80000E+01, 0.28358E+03, 0.16173E+00, 0.13914E-01
 0.36000E+02, 0.80000E+01, 0.30318E+03, 0.16066E+00, 0.14499E-01
 0.37000E+02, 0.80000E+01, 0.29766E+03, 0.17749E+00, 0.12998E-01
 0.38000E+02, 0.80000E+01, 0.29650E+03, 0.17827E+00, 0.12915E-01
 0.39000E+02, 0.80000E+01, 0.29524E+03, 0.17459E+00, 0.13159E-01
 0.40000E+02, 0.80000E+01, 0.29319E+03, 0.17882E+00, 0.12801E-01
 0.41000E+02, 0.80000E+01, 0.28887E+03, 0.19345E+00, 0.11742E-01
 0.42000E+02, 0.80000E+01, 0.27844E+03, 0.20237E+00, 0.11016E-01
 0.43000E+02, 0.80000E+01, 0.27431E+03, 0.20572E+00, 0.10756E-01
 0.44000E+02, 0.80000E+01, 0.28976E+03, 0.20383E+00, 0.11162E-01
 0.45000E+02, 0.80000E+01, 0.30791E+03, 0.18892E+00, 0.12432E-01
 0.46000E+02, 0.80000E+01, 0.32503E+03, 0.18609E+00, 0.12992E-01
 0.47000E+02, 0.80000E+01, 0.34423E+03, 0.19520E+00, 0.12784E-01
 0.48000E+02, 0.80000E+01, 0.38262E+03, 0.20716E+00, 0.12794E-01
 0.49000E+02, 0.80000E+01, 0.39110E+03, 0.21981E+00, 0.12214E-01
 0.50000E+02, 0.80000E+01, 0.38249E+03, 0.23051E+00, 0.11496E-01
 0.51000E+02, 0.80000E+01, 0.35861E+03, 0.24137E+00, 0.10579E-01
 0.52000E+02, 0.80000E+01, 0.38998E+03, 0.24621E+00, 0.10886E-01
 0.53000E+02, 0.80000E+01, 0.45573E+03, 0.28248E+00, 0.10429E-01
 0.54000E+02, 0.80000E+01, 0.45848E+03, 0.30188E+00, 0.97955E-02
 0.55000E+02, 0.80000E+01, 0.44433E+03, 0.35060E+00, 0.82715E-02
 0.56000E+02, 0.80000E+01, 0.57396E+03, 0.36359E+00, 0.94169E-02
 0.57000E+02, 0.80000E+01, 0.80600E+03, 0.28240E+00, 0.15445E-01
 0.58000E+02, 0.80000E+01, 0.82251E+03, 0.22107E+00, 0.20032E-01
 0.59000E+02, 0.80000E+01, 0.87922E+03, 0.16620E+00, 0.28024E-01
 0.60000E+02, 0.80000E+01, 0.86271E+03, 0.18140E+00, 0.25308E-01
 0.61000E+02, 0.80000E+01, 0.83711E+03, 0.16096E+00, 0.27879E-01
 0.62000E+02, 0.80000E+01, 0.84401E+03, 0.15750E+00, 0.28669E-01
 0.63000E+02, 0.80000E+01, 0.88737E+03, 0.15916E+00, 0.29471E-01
 0.64000E+02, 0.80000E+01, 0.88914E+03, 0.15697E+00, 0.29929E-01
 0.65000E+02, 0.80000E+01, 0.83720E+03, 0.17134E+00, 0.26193E-01
 0.00000E+00, 0.90000E+01, 0.47463E+02, 0.85673E+00, 0.15126E-02
 0.10000E+01, 0.90000E+01, 0.50388E+02, 0.72191E+00, 0.18114E-02
 0.20000E+01, 0.90000E+01, 0.50907E+02, 0.69032E+00, 0.18973E-02
 0.30000E+01, 0.90000E+01, 0.49323E+02, 0.72147E+00, 0.18066E-02
 0.40000E+01, 0.90000E+01, 0.44401E+02, 0.87742E+00, 0.14628E-02
 0.50000E+01, 0.90000E+01, 0.44643E+02, 0.84855E+00, 0.15137E-02
 0.60000E+01, 0.90000E+01, 0.47521E+02, 0.72688E+00, 0.17831E-02
 0.70000E+01, 0.90000E+01, 0.37343E+02, 0.12823E+01, 0.97869E-03
 0.80000E+01, 0.90000E+01, 0.22000E+02, 0.30000E+02, 0.00000E+00
 0.90000E+01, 0.90000E+01, 0.23978E+03, 0.12600E+00, 0.16453E-01
 0.10000E+02, 0.90000E+01, 0.24604E+03, 0.12739E+00, 0.16473E-01
 0.11000E+02, 0.90000E+01, 0.25576E+03, 0.12708E+00, 0.16822E-01
 0.12000E+02, 0.90000E+01, 0.26731E+03, 0.12605E+00, 0.17330E-01
 0.13000E+02, 0.90000E+01, 0.28184E+03, 0.12695E+00, 0.17669E-01
 0.14000E+02, 0.90000E+01, 0.27297E+03, 0.12863E+00, 0.17161E-01
 0.15000E+02, 0.90000E+01, 0.26593E+03, 0.12524E+00, 0.17397E-01
 0.16000E+02, 0.90000E+01, 0.25010E+03, 0.12823E+00, 0.16494E-01
 0.17000E+02, 0.90000E+01, 0.24803E+03, 0.13964E+00, 0.15086E-01
 0.18000E+02, 0.90000E+01, 0.25032E+03, 0.15478E+00, 0.13670E-01
 0.19000E+02, 0.90000E+01, 0.24683E+03, 0.16286E+00, 0.12905E-01
 0.20000E+02, 0.90000E+01, 0.23824E+03, 0.16932E+00, 0.12207E-01
 0.21000E+02, 0.90000E+01, 0.22759E+03, 0.17107E+00, 0.11831E-01
 0.22000E+02, 0.90000E+01, 0.21941E+03, 0.16573E+00, 0.12013E-01
 0.23000E+02, 0.90000E+01, 0.22936E+03, 0.16207E+00, 0.12532E-01
 0.24000E+02, 0.90000E+01, 0.25605E+03, 0.17292E+00, 0.12370E-01
 0.25000E+02, 0.90000E+01, 0.25051E+03, 0.17213E+00, 0.12296E-01
 0.26000E+02, 0.90000E+01, 0.26234E+03, 0.17149E+00, 0.12621E-01
 0.27000E+02, 0.90000E+01, 0.25856E+03, 0.17715E+00, 0.12132E-01
 0.28000E+02, 0.90000E+01, 0.24538E+03, 0.18118E+00, 0.11567E-01
 0.29000E+02, 0.90000E+01, 0.26727E+03, 0.17074E+00, 0.12793E-01
 0.30000E+02, 0.90000E+01, 0.29023E+03, 0.16089E+00, 0.14153E-01
 0.31000E+02, 0.90000E+01, 0.31484E+03, 0.16696E+00, 0.14234E-01
 0.32000E+02, 0.90000E+01, 0.30531E+03, 0.17277E+00, 0.13533E-01
 0.33000E+02, 0.90000E+01, 0.28128E+03, 0.17456E+00, 0.12838E-01
 0.34000E+02, 0.90000E+01, 0.26378E+03, 0.18387E+00, 0.11803E-01
 0.35000E+02, 0.90000E+01, 0.28907E+03, 0.17800E+00, 0.12766E-01
 0.36000E+02, 0.90000E+01, 0.30664E+03, 0.17542E+00, 0.13359E-01
 0.37000E+02, 0.90000E+01, 0.30668E+03, 0.18442E+00, 0.12708E-01
 0.38000E+02, 0.90000E+01, 0.29601E+03, 0.19470E+00, 0.11815E-01
 0.39000E+02, 0.90000E+01, 0.30274E+03, 0.19407E+00, 0.11994E-01
 0.40000E+02, 0.90000E+01, 0.29696E+03, 0.19480E+00, 0.11829E-01
 0.41000E+02, 0.90000E+01, 0.29748E+03, 0.20433E+00, 0.11288E-01
 0.42000E+02, 0.90000E+01, 0.30003E+03, 0.21390E+00, 0.10831E-01
 0.43000E+02, 0.90000E+01, 0.30670E+03, 0.21227E+00, 0.11041E-01
 0.44000E+02, 0.90000E+01, 0.32259E+03, 0.20517E+00, 0.11736E-01
 0.45000E+02, 0.90000E+01, 0.37245E+03, 0.19224E+00, 0.13574E-01
 0.46000E+02, 0.90000E+01, 0.37170E+03, 0.19535E+00, 0.13342E-01
 0.47000E+02, 0.90000E+01, 0.36921E+03, 0.19943E+00, 0.13019E-01
 0.48000E+02, 0.90000E+01, 0.34882E+03, 0.21022E+00, 0.11959E-01
 0.49000E+02, 0.90000E+01, 0.36574E+03, 0.22097E+00, 0.11686E-01
 0.50000E+02, 0.90000E+01, 0.36061E+03, 0.23234E+00, 0.11025E-01
 0.51000E+02, 0.90000E+01, 0.43378E+03, 0.24980E+00, 0.11439E-01
 0.52000E+02, 0.90000E+01, 0.41926E+03, 0.27364E+00, 0.10227E-01
 0.53000E+02, 0.90000E+01, 0.39640E+03, 0.30401E+00, 0.89017E-02
 0.54000E+02, 0.90000E+01, 0.39853E+03, 0.32353E+00, 0.83912E-02
 0.55000E+02, 0.90000E+01, 0.44498E+03, 0.36302E+00, 0.79955E-02
 0.56000E+02, 0.90000E+01, 0.70181E+03, 0.35237E+00, 0.11183E-01
 0.57000E+02, 0.90000E+01, 0.82377E+03, 0.33978E+00, 0.13048E-01
 0.58000E+02, 0.90000E+01, 0.99470E+03, 0.22560E+00, 0.22715E-01
 0.59000E+02, 0.90000E+01, 0.10149E+04, 0.16684E+00, 0.31204E-01
 0.60000E+02, 0.90000E+01, 0.97904E+03, 0.16949E+00, 0.29861E-01
 0.61000E+02, 0.90000E+01, 0.95010E+03, 0.16450E+00, 0.30055E-01
 0.62000E+02, 0.90000E+01, 0.92326E+03, 0.15931E+00, 0.30354E-01
 0.63000E+02, 0.90000E+01, 0.90774E+03, 0.22103E+00, 0.21594E-01
 0.64000E+02, 0.90000E+01, 0.88473E+03, 0.25046E+00, 0.18685E-01
 0.65000E+02, 0.90000E+01, 0.86581E+03, 0.22143E+00, 0.20789E-01
 0.00000E+00, 0.10000E+02, 0.55116E+02, 0.62720E+00, 0.21154E-02
 0.10000E+01, 0.10000E+02, 0.58764E+02, 0.53140E+00, 0.25246E-02
 0.20000E+01, 0.10000E+02, 0.56086E+02, 0.56163E+00, 0.23694E-02
 0.30000E+01, 0.10000E+02, 0.52903E+02, 0.61373E+00, 0.21473E-02
 0.40000E+01, 0.10000E+02, 0.56084E+02, 0.54826E+00, 0.24272E-02
 0.50000E+01, 0.10000E+02, 0.62915E+02, 0.45119E+00, 0.30106E-02
 0.60000E+01, 0.10000E+02, 0.61571E+02, 0.46372E+00, 0.29175E-02
 0.70000E+01, 0.10000E+02, 0.44738E+02, 0.79154E+00, 0.16232E-02
 0.80000E+01, 0.10000E+02, 0.22000E+02, 0.30000E+02, 0.00000E+00
 0.90000E+01, 0.10000E+02, 0.24660E+03, 0.12573E+00, 0.16708E-01
 0.10000E+02, 0.10000E+02, 0.22481E+03, 0.13066E+00, 0.15404E-01
 0.11000E+02, 0.10000E+02, 0.24521E+03, 0.12943E+00, 0.16188E-01
 0.12000E+02, 0.10000E+02, 0.26891E+03, 0.12946E+00, 0.16924E-01
 0.13000E+02, 0.10000E+02, 0.28037E+03, 0.12925E+00, 0.17309E-01
 0.14000E+02, 0.10000E+02, 0.26916E+03, 0.13005E+00, 0.16854E-01
 0.15000E+02, 0.10000E+02, 0.30998E+03, 0.13277E+00, 0.17751E-01
 0.16000E+02, 0.10000E+02, 0.28214E+03, 0.13410E+00, 0.16736E-01
 0.17000E+02, 0.10000E+02, 0.24925E+03, 0.14173E+00, 0.14898E-01
 0.18000E+02, 0.10000E+02, 0.24611E+03, 0.14590E+00, 0.14385E-01
 0.19000E+02, 0.10000E+02, 0.24130E+03, 0.14865E+00, 0.13987E-01
 0.20000E+02, 0.10000E+02, 0.23840E+03, 0.15366E+00, 0.13456E-01
 0.21000E+02, 0.10000E+02, 0.23604E+03, 0.17320E+00, 0.11882E-01
 0.22000E+02, 0.10000E+02, 0.23399E+03, 0.17348E+00, 0.11816E-01
 0.23000E+02, 0.10000E+02, 0.22074E+03, 0.16519E+00, 0.12085E-01
 0.24000E+02, 0.10000E+02, 0.22296E+03, 0.16181E+00, 0.12393E-01
 0.25000E+02, 0.10000E+02, 0.25429E+03, 0.18209E+00, 0.11707E-01
 0.26000E+02, 0.10000E+02, 0.26155E+03, 0.18367E+00, 0.11766E-01
 0.27000E+02, 0.10000E+02, 0.27063E+03, 0.18396E+00, 0.11948E-01
 0.28000E+02, 0.10000E+02, 0.27419E+03, 0.18265E+00, 0.12112E-01
 0.29000E+02, 0.10000E+02, 0.25749E+03, 0.18524E+00, 0.11578E-01
 0.30000E+02, 0.10000E+02, 0.24906E+03, 0.18576E+00, 0.11362E-01
 0.31000E+02, 0.10000E+02, 0.29027E+03, 0.17606E+00, 0.12935E-01
 0.32000E+02, 0.10000E+02, 0.29582E+03, 0.18466E+00, 0.12454E-01
 0.33000E+02, 0.10000E+02, 0.29458E+03, 0.19058E+00, 0.12041E-01
 0.34000E+02, 0.10000E+02, 0.27686E+03, 0.20061E+00, 0.11081E-01
 0.35000E+02, 0.10000E+02, 0.26225E+03, 0.20556E+00, 0.10528E-01
 0.36000E+02, 0.10000E+02, 0.26901E+03, 0.20400E+00, 0.10742E-01
 0.37000E+02, 0.10000E+02, 0.26322E+03, 0.21077E+00, 0.10286E-01
 0.38000E+02, 0.10000E+02, 0.25842E+03, 0.21352E+00, 0.10062E-01
 0.39000E+02, 0.10000E+02, 0.31135E+03, 0.19621E+00, 0.12040E-01
 0.40000E+02, 0.10000E+02, 0.30181E+03, 0.20347E+00, 0.11422E-01
 0.41000E+02, 0.10000E+02, 0.28614E+03, 0.21058E+00, 0.10735E-01
 0.42000E+02, 0.10000E+02, 0.32202E+03, 0.20760E+00, 0.11588E-01
 0.43000E+02, 0.10000E+02, 0.35866E+03, 0.19815E+00, 0.12887E-01
 0.44000E+02, 0.10000E+02, 0.37931E+03, 0.19270E+00, 0.13685E-01
 0.45000E+02, 0.10000E+02, 0.36966E+03, 0.20188E+00, 0.12870E-01
 0.46000E+02, 0.10000E+02, 0.38210E+03, 0.19727E+00, 0.13426E-01
 0.47000E+02, 0.10000E+02, 0.34995E+03, 0.21829E+00, 0.11537E-01
 0.48000E+02, 0.10000E+02, 0.34221E+03, 0.23457E+00, 0.10603E-01
 0.49000E+02, 0.10000E+02, 0.43625E+03, 0.21818E+00, 0.13142E-01
 0.50000E+02, 0.10000E+02, 0.50753E+03, 0.20497E+00, 0.15395E-01
 0.51000E+02, 0.10000E+02, 0.46530E+03, 0.23698E+00, 0.12594E-01
 0.52000E+02, 0.10000E+02, 0.37090E+03, 0.27282E+00, 0.95417E-02
 0.53000E+02, 0.10000E+02, 0.36402E+03, 0.29756E+00, 0.86548E-02
 0.54000E+02, 0.10000E+02, 0.35191E+03, 0.33372E+00, 0.75703E-02
 0.55000E+02, 0.10000E+02, 0.42075E+03, 0.36637E+00, 0.76551E-02
 0.56000E+02, 0.10000E+02, 0.71594E+03, 0.32496E+00, 0.12302E-01
 0.57000E+02, 0.10000E+02, 0.82105E+03, 0.30980E+00, 0.14276E-01
 0.58000E+02, 0.10000E+02, 0.98167E+03, 0.18818E+00, 0.26951E-01
 0.59000E+02, 0.10000E+02, 0.10014E+04, 0.17288E+00, 0.29797E-01
 0.60000E+02, 0.10000E+02, 0.10490E+04, 0.19179E+00, 0.27862E-01
 0.61000E+02, 0.10000E+02, 0.10248E+04, 0.19148E+00, 0.27398E-01
 0.62000E+02, 0.10000E+02, 0.99224E+03, 0.19766E+00, 0.25875E-01
 0.63000E+02, 0.10000E+02, 0.93188E+03, 0.21797E+00, 0.22345E-01
 0.64000E+02, 0.10000E+02, 0.88143E+03, 0.21556E+00, 0.21649E-01
 0.65000E+02, 0.10000E+02, 0.86552E+03, 0.19325E+00, 0.23816E-01
 0.00000E+00, 0.11000E+02, 0.58648E+02, 0.54749E+00, 0.24495E-02
 0.10000E+01, 0.11000E+02, 0.59624E+02, 0.51497E+00, 0.26119E-02
 0.20000E+01, 0.11000E+02, 0.60115E+02, 0.50144E+00, 0.26862E-02
 0.30000E+01, 0.11000E+02, 0.63894E+02, 0.44769E+00, 0.30429E-02
 0.40000E+01, 0.11000E+02, 0.69138E+02, 0.40048E+00, 0.34545E-02
 0.50000E+01, 0.11000E+02, 0.69442E+02, 0.39880E+00, 0.34721E-02
 0.60000E+01, 0.11000E+02, 0.64539E+02, 0.43809E+00, 0.31155E-02
 0.70000E+01, 0.11000E+02, 0.57298E+02, 0.51329E+00, 0.26021E-02
 0.80000E+01, 0.11000E+02, 0.22000E+02, 0.30000E+02, 0.00000E+00
 0.90000E+01, 0.11000E+02, 0.25277E+03, 0.12405E+00, 0.17135E-01
 0.10000E+02, 0.11000E+02, 0.22389E+03, 0.13283E+00, 0.15124E-01
 0.11000E+02, 0.11000E+02, 0.25476E+03, 0.13018E+00, 0.16391E-01
 0.12000E+02, 0.11000E+02, 0.26606E+03, 0.12958E+00, 0.16819E-01
 0.13000E+02, 0.11000E+02, 0.26774E+03, 0.13067E+00, 0.16731E-01
 0.14000E+02, 0.11000E+02, 0.28512E+03, 0.12939E+00, 0.17439E-01
 0.15000E+02, 0.11000E+02, 0.31168E+03, 0.13232E+00, 0.17864E-01
 0.16000E+02, 0.11000E+02, 0.32594E+03, 0.13342E+00, 0.18148E-01
 0.17000E+02, 0.11000E+02, 0.28408E+03, 0.13426E+00, 0.16775E-01
 0.18000E+02, 0.11000E+02, 0.23971E+03, 0.13990E+00, 0.14817E-01
 0.19000E+02, 0.11000E+02, 0.23968E+03, 0.14138E+00, 0.14661E-01
 0.20000E+02, 0.11000E+02, 0.23181E+03, 0.13654E+00, 0.14948E-01
 0.21000E+02, 0.11000E+02, 0.23821E+03, 0.14963E+00, 0.13813E-01
 0.22000E+02, 0.11000E+02, 0.24561E+03, 0.15595E+00, 0.13445E-01
 0.23000E+02, 0.11000E+02, 0.24213E+03, 0.15997E+00, 0.13019E-01
 0.24000E+02, 0.11000E+02, 0.22850E+03, 0.16714E+00, 0.12131E-01
 0.25000E+02, 0.11000E+02, 0.23404E+03, 0.17111E+00, 0.11980E-01
 0.26000E+02, 0.11000E+02, 0.25635E+03, 0.17386E+00, 0.12310E-01
 0.27000E+02, 0.11000E+02, 0.25426E+03, 0.16614E+00, 0.12831E-01
 0.28000E+02, 0.11000E+02, 0.25384E+03, 0.16289E+00, 0.13076E-01
 0.29000E+02, 0.11000E+02, 0.28722E+03, 0.18375E+00, 0.12326E-01
 0.30000E+02, 0.11000E+02, 0.28371E+03, 0.18780E+00, 0.11985E-01
 0.31000E+02, 0.11000E+02, 0.26947E+03, 0.18707E+00, 0.11724E-01
 0.32000E+02, 0.11000E+02, 0.28111E+03, 0.18929E+00, 0.11835E-01
 0.33000E+02, 0.11000E+02, 0.25512E+03, 0.19458E+00, 0.10973E-01
 0.34000E+02, 0.11000E+02, 0.27529E+03, 0.20318E+00, 0.10910E-01
 0.35000E+02, 0.11000E+02, 0.30643E+03, 0.19916E+00, 0.11762E-01
 0.36000E+02, 0.11000E+02, 0.27142E+03, 0.20857E+00, 0.10553E-01
 0.37000E+02, 0.11000E+02, 0.25766E+03, 0.21311E+00, 0.10067E-01
 0.38000E+02, 0.11000E+02, 0.29005E+03, 0.20242E+00, 0.11246E-01
 0.39000E+02, 0.11000E+02, 0.30739E+03, 0.19646E+00, 0.11943E-01
 0.40000E+02, 0.11000E+02, 0.34019E+03, 0.18648E+00, 0.13293E-01
 0.41000E+02, 0.11000E+02, 0.32871E+03, 0.19570E+00, 0.12430E-01
 0.42000E+02, 0.11000E+02, 0.34027E+03, 0.20218E+00, 0.12263E-01
 0.43000E+02, 0.11000E+02, 0.35995E+03, 0.20201E+00, 0.12667E-01
 0.44000E+02, 0.11000E+02, 0.33510E+03, 0.21178E+00, 0.11609E-01
 0.45000E+02, 0.11000E+02, 0.43720E+03, 0.16745E+00, 0.17146E-01
 0.46000E+02, 0.11000E+02, 0.45225E+03, 0.17236E+00, 0.17011E-01
 0.47000E+02, 0.11000E+02, 0.48725E+03, 0.14654E+00, 0.20974E-01
 0.48000E+02, 0.11000E+02, 0.53919E+03, 0.14742E+00, 0.22271E-01
 0.49000E+02, 0.11000E+02, 0.54557E+03, 0.18355E+00, 0.18028E-01
 0.50000E+02, 0.11000E+02, 0.52890E+03, 0.21664E+00, 0.14964E-01
 0.51000E+02, 0.11000E+02, 0.44231E+03, 0.25000E+00, 0.11567E-01
 0.52000E+02, 0.11000E+02, 0.42644E+03, 0.26481E+00, 0.10678E-01
 0.53000E+02, 0.11000E+02, 0.54558E+03, 0.26068E+00, 0.12694E-01
 0.54000E+02, 0.11000E+02, 0.44497E+03, 0.30656E+00, 0.94680E-02
 0.55000E+02, 0.11000E+02, 0.57435E+03, 0.28086E+00, 0.12196E-01
 0.56000E+02, 0.11000E+02, 0.69233E+03, 0.30536E+00, 0.12779E-01
 0.57000E+02, 0.11000E+02, 0.87566E+03, 0.26265E+00, 0.17679E-01
 0.58000E+02, 0.11000E+02, 0.93899E+03, 0.35103E+00, 0.13957E-01
 0.59000E+02, 0.11000E+02, 0.10531E+04, 0.21706E+00, 0.24696E-01
 0.60000E+02, 0.11000E+02, 0.10254E+04, 0.16658E+00, 0.31508E-01
 0.61000E+02, 0.11000E+02, 0.10127E+04, 0.17245E+00, 0.30137E-01
 0.62000E+02, 0.11000E+02, 0.10040E+04, 0.16730E+00, 0.30854E-01
 0.63000E+02, 0.11000E+02, 0.94116E+03, 0.16949E+00, 0.28958E-01
 0.64000E+02, 0.11000E+02, 0.88830E+03, 0.17524E+00, 0.26788E-01
 0.65000E+02, 0.11000E+02, 0.85970E+03, 0.19323E+00, 0.23696E-01
 0.00000E+00, 0.12000E+02, 0.60970E+02, 0.50811E+00, 0.26578E-02
 0.10000E+01, 0.12000E+02, 0.62667E+02, 0.47627E+00, 0.28499E-02
 0.20000E+01, 0.12000E+02, 0.66602E+02, 0.42992E+00, 0.31941E-02
 0.30000E+01, 0.12000E+02, 0.70581E+02, 0.39519E+00, 0.35155E-02
 0.40000E+01, 0.12000E+02, 0.73521E+02, 0.37468E+00, 0.37397E-02
 0.50000E+01, 0.12000E+02, 0.68894E+02, 0.41003E+00, 0.33716E-02
 0.60000E+01, 0.12000E+02, 0.69846E+02, 0.39835E+00, 0.34802E-02
 0.70000E+01, 0.12000E+02, 0.62502E+02, 0.45344E+00, 0.29919E-02
 0.80000E+01, 0.12000E+02, 0.22000E+02, 0.30000E+02, 0.00000E+00
 0.90000E+01, 0.12000E+02, 0.25038E+03, 0.12631E+00, 0.16753E-01
 0.10000E+02, 0.12000E+02, 0.23820E+03, 0.13252E+00, 0.15597E-01
 0.11000E+02, 0.12000E+02, 0.24565E+03, 0.13229E+00, 0.15851E-01
 0.12000E+02, 0.12000E+02, 0.25432E+03, 0.13028E+00, 0.16364E-01
 0.13000E+02, 0.12000E+02, 0.26237E+03, 0.13044E+00, 0.16593E-01
 0.14000E+02, 0.12000E+02, 0.28925E+03, 0.12899E+00, 0.17623E-01
 0.15000E+02, 0.12000E+02, 0.30494E+03, 0.13065E+00, 0.17884E-01
 0.16000E+02, 0.12000E+02, 0.30091E+03, 0.13191E+00, 0.17590E-01
 0.17000E+02, 0.12000E+02, 0.32314E+03, 0.13341E+00, 0.18065E-01
 0.18000E+02, 0.12000E+02, 0.28425E+03, 0.12931E+00, 0.17423E-01
 0.19000E+02, 0.12000E+02, 0.23732E+03, 0.13849E+00, 0.14899E-01
 0.20000E+02, 0.12000E+02, 0.23142E+03, 0.13139E+00, 0.15522E-01
 0.21000E+02, 0.12000E+02, 0.23537E+03, 0.13782E+00, 0.14913E-01
 0.22000E+02, 0.12000E+02, 0.23876E+03, 0.14279E+00, 0.14490E-01
 0.23000E+02, 0.12000E+02, 0.23755E+03, 0.14511E+00, 0.14224E-01
 0.24000E+02, 0.12000E+02, 0.23471E+03, 0.14822E+00, 0.13849E-01
 0.25000E+02, 0.12000E+02, 0.22914E+03, 0.14423E+00, 0.14076E-01
 0.26000E+02, 0.12000E+02, 0.22644E+03, 0.14652E+00, 0.13781E-01
 0.27000E+02, 0.12000E+02, 0.22592E+03, 0.15168E+00, 0.13298E-01
 0.28000E+02, 0.12000E+02, 0.25029E+03, 0.16046E+00, 0.13185E-01
 0.29000E+02, 0.12000E+02, 0.25127E+03, 0.16265E+00, 0.13032E-01
 0.30000E+02, 0.12000E+02, 0.25901E+03, 0.16816E+00, 0.12791E-01
 0.31000E+02, 0.12000E+02, 0.29458E+03, 0.19198E+00, 0.11953E-01
 0.32000E+02, 0.12000E+02, 0.26228E+03, 0.19253E+00, 0.11240E-01
 0.33000E+02, 0.12000E+02, 0.26843E+03, 0.19558E+00, 0.11192E-01
 0.34000E+02, 0.12000E+02, 0.28978E+03, 0.19819E+00, 0.11480E-01
 0.35000E+02, 0.12000E+02, 0.30216E+03, 0.19431E+00, 0.11967E-01
 0.36000E+02, 0.12000E+02, 0.26812E+03, 0.20365E+00, 0.10743E-01
 0.37000E+02, 0.12000E+02, 0.24501E+03, 0.20914E+00, 0.10014E-01
 0.38000E+02, 0.12000E+02, 0.34378E+03, 0.17737E+00, 0.14058E-01
 0.39000E+02, 0.12000E+02, 0.35493E+03, 0.17468E+00, 0.14533E-01
 0.40000E+02, 0.12000E+02, 0.36832E+03, 0.17401E+00, 0.14900E-01
 0.41000E+02, 0.12000E+02, 0.33280E+03, 0.19770E+00, 0.12388E-01
 0.42000E+02, 0.12000E+02, 0.31828E+03, 0.20667E+00, 0.11566E-01
 0.43000E+02, 0.12000E+02, 0.34027E+03, 0.20278E+00, 0.12227E-01
 0.44000E+02, 0.12000E+02, 0.32116E+03, 0.21043E+00, 0.11415E-01
 0.45000E+02, 0.12000E+02, 0.35397E+03, 0.19131E+00, 0.13249E-01
 0.46000E+02, 0.12000E+02, 0.51979E+03, 0.14783E+00, 0.21680E-01
 0.47000E+02, 0.12000E+02, 0.52999E+03, 0.14504E+00, 0.22381E-01
 0.48000E+02, 0.12000E+02, 0.53294E+03, 0.16383E+00, 0.19887E-01
 0.49000E+02, 0.12000E+02, 0.46892E+03, 0.19886E+00, 0.15083E-01
 0.50000E+02, 0.12000E+02, 0.37131E+03, 0.22997E+00, 0.11327E-01
 0.51000E+02, 0.12000E+02, 0.43871E+03, 0.25382E+00, 0.11336E-01
 0.52000E+02, 0.12000E+02, 0.62661E+03, 0.22804E+00, 0.15948E-01
 0.53000E+02, 0.12000E+02, 0.64268E+03, 0.25653E+00, 0.14430E-01
 0.54000E+02, 0.12000E+02, 0.71882E+03, 0.18755E+00, 0.21378E-01
 0.55000E+02, 0.12000E+02, 0.81071E+03, 0.15059E+00, 0.29092E-01
 0.56000E+02, 0.12000E+02, 0.83924E+03, 0.17021E+00, 0.26415E-01
 0.57000E+02, 0.12000E+02, 0.91289E+03, 0.21819E+00, 0.21971E-01
 0.58000E+02, 0.12000E+02, 0.95945E+03, 0.21890E+00, 0.22760E-01
 0.59000E+02, 0.12000E+02, 0.10370E+04, 0.21717E+00, 0.24385E-01
 0.60000E+02, 0.12000E+02, 0.10784E+04, 0.18328E+00, 0.29805E-01
 0.61000E+02, 0.12000E+02, 0.10693E+04, 0.18689E+00, 0.29032E-01
 0.62000E+02, 0.12000E+02, 0.10124E+04, 0.19725E+00, 0.26342E-01
 0.63000E+02, 0.12000E+02, 0.92068E+03, 0.17084E+00, 0.28245E-01
 0.64000E+02, 0.12000E+02, 0.88024E+03, 0.20077E+00, 0.23220E-01
 0.65000E+02, 0.12000E+02, 0.82297E+03, 0.20512E+00, 0.21599E-01
 0.00000E+00, 0.13000E+02, 0.66564E+02, 0.43338E+00, 0.31683E-02
 0.10000E+01, 0.13000E+02, 0.63291E+02, 0.46659E+00, 0.29144E-02
 0.20000E+01, 0.13000E+02, 0.66817E+02, 0.42775E+00, 0.32124E-02
 0.30000E+01, 0.13000E+02, 0.74391E+02, 0.37117E+00, 0.37845E-02
 0.40000E+01, 0.13000E+02, 0.78878E+02, 0.34345E+00, 0.41428E-02
 0.50000E+01, 0.13000E+02, 0.78360E+02, 0.34618E+00, 0.41040E-02
 0.60000E+01, 0.13000E+02, 0.82571E+02, 0.32007E+00, 0.44920E-02
 0.70000E+01, 0.13000E+02, 0.95147E+02, 0.26926E+00, 0.55284E-02
 0.80000E+01, 0.13000E+02, 0.22000E+02, 0.30000E+02, 0.00000E+00
 0.90000E+01, 0.13000E+02, 0.27002E+03, 0.12183E+00, 0.18020E-01
 0.10000E+02, 0.13000E+02, 0.24437E+03, 0.13194E+00, 0.15853E-01
 0.11000E+02, 0.13000E+02, 0.25282E+03, 0.12913E+00, 0.16463E-01
 0.12000E+02, 0.13000E+02, 0.24873E+03, 0.13071E+00, 0.16138E-01
 0.13000E+02, 0.13000E+02, 0.25457E+03, 0.13195E+00, 0.16164E-01
 0.14000E+02, 0.13000E+02, 0.24457E+03, 0.13236E+00, 0.15809E-01
 0.15000E+02, 0.13000E+02, 0.28565E+03, 0.12855E+00, 0.17569E-01
 0.16000E+02, 0.13000E+02, 0.29158E+03, 0.13184E+00, 0.17313E-01
 0.17000E+02, 0.13000E+02, 0.30044E+03, 0.13123E+00, 0.17666E-01
 0.18000E+02, 0.13000E+02, 0.24604E+03, 0.12931E+00, 0.16228E-01
 0.19000E+02, 0.13000E+02, 0.23456E+03, 0.13397E+00, 0.15317E-01
 0.20000E+02, 0.13000E+02, 0.23294E+03, 0.13100E+00, 0.15615E-01
 0.21000E+02, 0.13000E+02, 0.22935E+03, 0.13144E+00, 0.15452E-01
 0.22000E+02, 0.13000E+02, 0.24756E+03, 0.15503E+00, 0.13575E-01
 0.23000E+02, 0.13000E+02, 0.23699E+03, 0.14745E+00, 0.13984E-01
 0.24000E+02, 0.13000E+02, 0.23204E+03, 0.14499E+00, 0.14083E-01
 0.25000E+02, 0.13000E+02, 0.23718E+03, 0.15254E+00, 0.13522E-01
 0.26000E+02, 0.13000E+02, 0.23921E+03, 0.15668E+00, 0.13217E-01
 0.27000E+02, 0.13000E+02, 0.24163E+03, 0.15745E+00, 0.13214E-01
 0.28000E+02, 0.13000E+02, 0.26897E+03, 0.16656E+00, 0.13155E-01
 0.29000E+02, 0.13000E+02, 0.27739E+03, 0.17138E+00, 0.12984E-01
 0.30000E+02, 0.13000E+02, 0.30208E+03, 0.17972E+00, 0.12937E-01
 0.31000E+02, 0.13000E+02, 0.28291E+03, 0.18448E+00, 0.12183E-01
 0.32000E+02, 0.13000E+02, 0.26056E+03, 0.18561E+00, 0.11622E-01
 0.33000E+02, 0.13000E+02, 0.26315E+03, 0.18968E+00, 0.11428E-01
 0.34000E+02, 0.13000E+02, 0.27543E+03, 0.19371E+00, 0.11446E-01
 0.35000E+02, 0.13000E+02, 0.28913E+03, 0.19636E+00, 0.11574E-01
 0.36000E+02, 0.13000E+02, 0.27227E+03, 0.19799E+00, 0.11134E-01
 0.37000E+02, 0.13000E+02, 0.25815E+03, 0.19856E+00, 0.10815E-01
 0.38000E+02, 0.13000E+02, 0.26805E+03, 0.20031E+00, 0.10920E-01
 0.39000E+02, 0.13000E+02, 0.36655E+03, 0.17876E+00, 0.14464E-01
 0.40000E+02, 0.13000E+02, 0.36488E+03, 0.18067E+00, 0.14273E-01
 0.41000E+02, 0.13000E+02, 0.36336E+03, 0.18890E+00, 0.13619E-01
 0.42000E+02, 0.13000E+02, 0.33832E+03, 0.19968E+00, 0.12377E-01
 0.43000E+02, 0.13000E+02, 0.31858E+03, 0.20725E+00, 0.11540E-01
 0.44000E+02, 0.13000E+02, 0.31850E+03, 0.20463E+00, 0.11686E-01
 0.45000E+02, 0.13000E+02, 0.48640E+03, 0.15836E+00, 0.19387E-01
 0.46000E+02, 0.13000E+02, 0.49642E+03, 0.16383E+00, 0.18986E-01
 0.47000E+02, 0.13000E+02, 0.50980E+03, 0.17170E+00, 0.18431E-01
 0.48000E+02, 0.13000E+02, 0.49951E+03, 0.18600E+00, 0.16790E-01
 0.49000E+02, 0.13000E+02, 0.45147E+03, 0.20376E+00, 0.14373E-01
 0.50000E+02, 0.13000E+02, 0.39721E+03, 0.22792E+00, 0.11888E-01
 0.51000E+02, 0.13000E+02, 0.36992E+03, 0.26353E+00, 0.98629E-02
 0.52000E+02, 0.13000E+02, 0.53952E+03, 0.26174E+00, 0.12550E-01
 0.53000E+02, 0.13000E+02, 0.64279E+03, 0.29077E+00, 0.12732E-01
 0.54000E+02, 0.13000E+02, 0.65879E+03, 0.31940E+00, 0.11793E-01
 0.55000E+02, 0.13000E+02, 0.74008E+03, 0.26141E+00, 0.15666E-01
 0.56000E+02, 0.13000E+02, 0.78893E+03, 0.30301E+00, 0.14167E-01
 0.57000E+02, 0.13000E+02, 0.90757E+03, 0.25995E+00, 0.18358E-01
 0.58000E+02, 0.13000E+02, 0.97957E+03, 0.31939E+00, 0.15853E-01
 0.59000E+02, 0.13000E+02, 0.10497E+04, 0.27604E+00, 0.19370E-01
 0.60000E+02, 0.13000E+02, 0.11051E+04, 0.20809E+00, 0.26770E-01
 0.61000E+02, 0.13000E+02, 0.10381E+04, 0.26639E+00, 0.19895E-01
 0.62000E+02, 0.13000E+02, 0.95039E+03, 0.23618E+00, 0.20939E-01
 0.63000E+02, 0.13000E+02, 0.87063E+03, 0.25495E+00, 0.18133E-01
 0.64000E+02, 0.13000E+02, 0.81335E+03, 0.25189E+00, 0.17434E-01
 0.65000E+02, 0.13000E+02, 0.78797E+03, 0.22694E+00, 0.18899E-01
 0.00000E+00, 0.14000E+02, 0.76238E+02, 0.34419E+00, 0.41028E-02
 0.10000E+01, 0.14000E+02, 0.70077E+02, 0.39166E+00, 0.35420E-02
 0.20000E+01, 0.14000E+02, 0.69011E+02, 0.40298E+00, 0.34318E-02
 0.30000E+01, 0.14000E+02, 0.73809E+02, 0.36936E+00, 0.37967E-02
 0.40000E+01, 0.14000E+02, 0.81156E+02, 0.32957E+00, 0.43452E-02
 0.50000E+01, 0.14000E+02, 0.99724E+02, 0.26267E+00, 0.57376E-02
 0.60000E+01, 0.14000E+02, 0.10454E+03, 0.25172E+00, 0.60645E-02
 0.70000E+01, 0.14000E+02, 0.16320E+03, 0.16542E+00, 0.10662E-01
 0.80000E+01, 0.14000E+02, 0.22000E+02, 0.30000E+02, 0.00000E+00
 0.90000E+01, 0.14000E+02, 0.26711E+03, 0.12595E+00, 0.17337E-01
 0.10000E+02, 0.14000E+02, 0.26754E+03, 0.12696E+00, 0.17213E-01
 0.11000E+02, 0.14000E+02, 0.27569E+03, 0.12356E+00, 0.17953E-01
 0.12000E+02, 0.14000E+02, 0.25584E+03, 0.13061E+00, 0.16370E-01
 0.13000E+02, 0.14000E+02, 0.23732E+03, 0.13410E+00, 0.15386E-01
 0.14000E+02, 0.14000E+02, 0.25328E+03, 0.12947E+00, 0.16434E-01
 0.15000E+02, 0.14000E+02, 0.27572E+03, 0.13179E+00, 0.16834E-01
 0.16000E+02, 0.14000E+02, 0.27083E+03, 0.13255E+00, 0.16587E-01
 0.17000E+02, 0.14000E+02, 0.29946E+03, 0.13153E+00, 0.17597E-01
 0.18000E+02, 0.14000E+02, 0.28680E+03, 0.12867E+00, 0.17589E-01
 0.19000E+02, 0.14000E+02, 0.23656E+03, 0.12806E+00, 0.16088E-01
 0.20000E+02, 0.14000E+02, 0.23356E+03, 0.13061E+00, 0.15680E-01
 0.21000E+02, 0.14000E+02, 0.24227E+03, 0.14926E+00, 0.13957E-01
 0.22000E+02, 0.14000E+02, 0.24525E+03, 0.15518E+00, 0.13502E-01
 0.23000E+02, 0.14000E+02, 0.23722E+03, 0.14730E+00, 0.14004E-01
 0.24000E+02, 0.14000E+02, 0.23349E+03, 0.14988E+00, 0.13663E-01
 0.25000E+02, 0.14000E+02, 0.24597E+03, 0.16218E+00, 0.12937E-01
 0.26000E+02, 0.14000E+02, 0.24283E+03, 0.16050E+00, 0.12994E-01
 0.27000E+02, 0.14000E+02, 0.25464E+03, 0.16310E+00, 0.13079E-01
 0.28000E+02, 0.14000E+02, 0.27463E+03, 0.17074E+00, 0.12967E-01
 0.29000E+02, 0.14000E+02, 0.27326E+03, 0.17188E+00, 0.12850E-01
 0.30000E+02, 0.14000E+02, 0.27544E+03, 0.17301E+00, 0.12816E-01
 0.31000E+02, 0.14000E+02, 0.28447E+03, 0.17767E+00, 0.12685E-01
 0.32000E+02, 0.14000E+02, 0.27356E+03, 0.18299E+00, 0.12075E-01
 0.33000E+02, 0.14000E+02, 0.26157E+03, 0.18933E+00, 0.11415E-01
 0.34000E+02, 0.14000E+02, 0.27385E+03, 0.19375E+00, 0.11411E-01
 0.35000E+02, 0.14000E+02, 0.30212E+03, 0.19374E+00, 0.12001E-01
 0.36000E+02, 0.14000E+02, 0.28908E+03, 0.19516E+00, 0.11644E-01
 0.37000E+02, 0.14000E+02, 0.29846E+03, 0.18683E+00, 0.12366E-01
 0.38000E+02, 0.14000E+02, 0.34357E+03, 0.17980E+00, 0.13864E-01
 0.39000E+02, 0.14000E+02, 0.34104E+03, 0.18307E+00, 0.13560E-01
 0.40000E+02, 0.14000E+02, 0.37389E+03, 0.17872E+00, 0.14633E-01
 0.41000E+02, 0.14000E+02, 0.38431E+03, 0.18777E+00, 0.14152E-01
 0.42000E+02, 0.14000E+02, 0.36279E+03, 0.20197E+00, 0.12727E-01
 0.43000E+02, 0.14000E+02, 0.33766E+03, 0.20928E+00, 0.11797E-01
 0.44000E+02, 0.14000E+02, 0.30360E+03, 0.21411E+00, 0.10888E-01
 0.45000E+02, 0.14000E+02, 0.47599E+03, 0.17619E+00, 0.17186E-01
 0.46000E+02, 0.14000E+02, 0.52179E+03, 0.17995E+00, 0.17855E-01
 0.47000E+02, 0.14000E+02, 0.51409E+03, 0.18733E+00, 0.16986E-01
 0.48000E+02, 0.14000E+02, 0.51240E+03, 0.20026E+00, 0.15854E-01
 0.49000E+02, 0.14000E+02, 0.47326E+03, 0.22311E+00, 0.13522E-01
 0.50000E+02, 0.14000E+02, 0.47876E+03, 0.24898E+00, 0.12206E-01
 0.51000E+02, 0.14000E+02, 0.52025E+03, 0.28051E+00, 0.11432E-01
 0.52000E+02, 0.14000E+02, 0.59271E+03, 0.29738E+00, 0.11768E-01
 0.53000E+02, 0.14000E+02, 0.68752E+03, 0.27796E+00, 0.13969E-01
 0.54000E+02, 0.14000E+02, 0.68073E+03, 0.30373E+00, 0.12694E-01
 0.55000E+02, 0.14000E+02, 0.74135E+03, 0.32463E+00, 0.12631E-01
 0.56000E+02, 0.14000E+02, 0.76124E+03, 0.38453E+00, 0.10873E-01
 0.57000E+02, 0.14000E+02, 0.69422E+03, 0.47521E+00, 0.82279E-02
 0.58000E+02, 0.14000E+02, 0.87879E+03, 0.44200E+00, 0.10534E-01
 0.59000E+02, 0.14000E+02, 0.10713E+04, 0.24836E+00, 0.21880E-01
 0.60000E+02, 0.14000E+02, 0.99376E+03, 0.24236E+00, 0.21128E-01
 0.61000E+02, 0.14000E+02, 0.97460E+03, 0.29215E+00, 0.17262E-01
 0.62000E+02, 0.14000E+02, 0.89073E+03, 0.27510E+00, 0.17100E-01
 0.63000E+02, 0.14000E+02, 0.84629E+03, 0.24478E+00, 0.18484E-01
 0.64000E+02, 0.14000E+02, 0.80756E+03, 0.22393E+00, 0.19507E-01
 0.65000E+02, 0.14000E+02, 0.73686E+03, 0.24229E+00, 0.16849E-01
 0.00000E+00, 0.15000E+02, 0.76814E+02, 0.32896E+00, 0.43000E-02
 0.10000E+01, 0.15000E+02, 0.88422E+02, 0.27872E+00, 0.52432E-02
 0.20000E+01, 0.15000E+02, 0.99240E+02, 0.24369E+00, 0.61763E-02
 0.30000E+01, 0.15000E+02, 0.11562E+03, 0.20943E+00, 0.75030E-02
 0.40000E+01, 0.15000E+02, 0.12100E+03, 0.20314E+00, 0.78421E-02
 0.50000E+01, 0.15000E+02, 0.13659E+03, 0.18381E+00, 0.90101E-02
 0.60000E+01, 0.15000E+02, 0.14507E+03, 0.17627E+00, 0.95897E-02
 0.70000E+01, 0.15000E+02, 0.14952E+03, 0.16877E+00, 0.10122E-01
 0.80000E+01, 0.15000E+02, 0.22000E+02, 0.30000E+02, 0.00000E+00
 0.90000E+01, 0.15000E+02, 0.27007E+03, 0.12681E+00, 0.17315E-01
 0.10000E+02, 0.15000E+02, 0.27232E+03, 0.12513E+00, 0.17619E-01
 0.11000E+02, 0.15000E+02, 0.27311E+03, 0.12636E+00, 0.17472E-01
 0.12000E+02, 0.15000E+02, 0.27465E+03, 0.12725E+00, 0.17400E-01
 0.13000E+02, 0.15000E+02, 0.27097E+03, 0.13263E+00, 0.16582E-01
 0.14000E+02, 0.15000E+02, 0.30582E+03, 0.13551E+00, 0.17269E-01
 0.15000E+02, 0.15000E+02, 0.26847E+03, 0.13452E+00, 0.16274E-01
 0.16000E+02, 0.15000E+02, 0.26332E+03, 0.13189E+00, 0.16441E-01
 0.17000E+02, 0.15000E+02, 0.29864E+03, 0.13307E+00, 0.17367E-01
 0.18000E+02, 0.15000E+02, 0.29272E+03, 0.12789E+00, 0.17884E-01
 0.19000E+02, 0.15000E+02, 0.23487E+03, 0.12640E+00, 0.16244E-01
 0.20000E+02, 0.15000E+02, 0.23350E+03, 0.12758E+00, 0.16051E-01
 0.21000E+02, 0.15000E+02, 0.22850E+03, 0.12967E+00, 0.15636E-01
 0.22000E+02, 0.15000E+02, 0.23590E+03, 0.13563E+00, 0.15170E-01
 0.23000E+02, 0.15000E+02, 0.23005E+03, 0.13567E+00, 0.14991E-01
 0.24000E+02, 0.15000E+02, 0.23336E+03, 0.14888E+00, 0.13750E-01
 0.25000E+02, 0.15000E+02, 0.24824E+03, 0.16179E+00, 0.13025E-01
 0.26000E+02, 0.15000E+02, 0.24542E+03, 0.16172E+00, 0.12960E-01
 0.27000E+02, 0.15000E+02, 0.24211E+03, 0.16336E+00, 0.12748E-01
 0.28000E+02, 0.15000E+02, 0.26132E+03, 0.17402E+00, 0.12414E-01
 0.29000E+02, 0.15000E+02, 0.25742E+03, 0.17610E+00, 0.12177E-01
 0.30000E+02, 0.15000E+02, 0.25315E+03, 0.17874E+00, 0.11901E-01
 0.31000E+02, 0.15000E+02, 0.27799E+03, 0.17960E+00, 0.12403E-01
 0.32000E+02, 0.15000E+02, 0.27629E+03, 0.17636E+00, 0.12592E-01
 0.33000E+02, 0.15000E+02, 0.25137E+03, 0.16872E+00, 0.12565E-01
 0.34000E+02, 0.15000E+02, 0.28450E+03, 0.18854E+00, 0.11955E-01
 0.35000E+02, 0.15000E+02, 0.31888E+03, 0.18718E+00, 0.12784E-01
 0.36000E+02, 0.15000E+02, 0.32601E+03, 0.17915E+00, 0.13518E-01
 0.37000E+02, 0.15000E+02, 0.33701E+03, 0.17725E+00, 0.13914E-01
 0.38000E+02, 0.15000E+02, 0.37010E+03, 0.17934E+00, 0.14497E-01
 0.39000E+02, 0.15000E+02, 0.38661E+03, 0.18168E+00, 0.14677E-01
 0.40000E+02, 0.15000E+02, 0.38185E+03, 0.18637E+00, 0.14205E-01
 0.41000E+02, 0.15000E+02, 0.38688E+03, 0.19616E+00, 0.13600E-01
 0.42000E+02, 0.15000E+02, 0.37559E+03, 0.19966E+00, 0.13133E-01
 0.43000E+02, 0.15000E+02, 0.37272E+03, 0.20666E+00, 0.12632E-01
 0.44000E+02, 0.15000E+02, 0.33693E+03, 0.21439E+00, 0.11501E-01
 0.45000E+02, 0.15000E+02, 0.47909E+03, 0.18829E+00, 0.16148E-01
 0.46000E+02, 0.15000E+02, 0.53723E+03, 0.19575E+00, 0.16732E-01
 0.47000E+02, 0.15000E+02, 0.55333E+03, 0.20182E+00, 0.16552E-01
 0.48000E+02, 0.15000E+02, 0.55009E+03, 0.22469E+00, 0.14809E-01
 0.49000E+02, 0.15000E+02, 0.54623E+03, 0.24352E+00, 0.13600E-01
 0.50000E+02, 0.15000E+02, 0.55303E+03, 0.25243E+00, 0.13229E-01
 0.51000E+02, 0.15000E+02, 0.56981E+03, 0.27713E+00, 0.12294E-01
 0.52000E+02, 0.15000E+02, 0.71326E+03, 0.23108E+00, 0.17253E-01
 0.53000E+02, 0.15000E+02, 0.70745E+03, 0.25560E+00, 0.15506E-01
 0.54000E+02, 0.15000E+02, 0.68898E+03, 0.31138E+00, 0.12489E-01
 0.55000E+02, 0.15000E+02, 0.62900E+03, 0.41020E+00, 0.88891E-02
 0.56000E+02, 0.15000E+02, 0.64461E+03, 0.47705E+00, 0.77757E-02
 0.57000E+02, 0.15000E+02, 0.73629E+03, 0.43092E+00, 0.94681E-02
 0.58000E+02, 0.15000E+02, 0.10408E+04, 0.19040E+00, 0.27891E-01
 0.59000E+02, 0.15000E+02, 0.10001E+04, 0.31503E+00, 0.16336E-01
 0.60000E+02, 0.15000E+02, 0.91463E+03, 0.32646E+00, 0.14706E-01
 0.61000E+02, 0.15000E+02, 0.87267E+03, 0.29495E+00, 0.15702E-01
 0.62000E+02, 0.15000E+02, 0.82100E+03, 0.28216E+00, 0.15673E-01
 0.63000E+02, 0.15000E+02, 0.78258E+03, 0.26506E+00, 0.16098E-01
 0.64000E+02, 0.15000E+02, 0.74463E+03, 0.23767E+00, 0.17309E-01
 0.65000E+02, 0.15000E+02, 0.70265E+03, 0.26244E+00, 0.15028E-01
 0.00000E+00, 0.16000E+02, 0.51263E+02, 0.73467E+00, 0.17848E-02
 0.10000E+01, 0.16000E+02, 0.70487E+02, 0.41426E+00, 0.33528E-02
 0.20000E+01, 0.16000E+02, 0.73394E+02, 0.39324E+00, 0.35619E-02
 0.30000E+01, 0.16000E+02, 0.67037E+02, 0.45287E+00, 0.30362E-02
 0.40000E+01, 0.16000E+02, 0.63569E+02, 0.49266E+00, 0.27625E-02
 0.50000E+01, 0.16000E+02, 0.85104E+02, 0.33326E+00, 0.43449E-02
 0.60000E+01, 0.16000E+02, 0.12491E+03, 0.22233E+00, 0.72365E-02
 0.70000E+01, 0.16000E+02, 0.19103E+03, 0.15334E+00, 0.12236E-01
 0.80000E+01, 0.16000E+02, 0.22000E+02, 0.30000E+02, 0.00000E+00
 0.90000E+01, 0.16000E+02, 0.27568E+03, 0.12732E+00, 0.17423E-01
 0.10000E+02, 0.16000E+02, 0.28355E+03, 0.12588E+00, 0.17875E-01
 0.11000E+02, 0.16000E+02, 0.27560E+03, 0.12715E+00, 0.17444E-01
 0.12000E+02, 0.16000E+02, 0.28063E+03, 0.13108E+00, 0.17076E-01
 0.13000E+02, 0.16000E+02, 0.29553E+03, 0.13273E+00, 0.17318E-01
 0.14000E+02, 0.16000E+02, 0.32418E+03, 0.12928E+00, 0.18675E-01
 0.15000E+02, 0.16000E+02, 0.28956E+03, 0.13700E+00, 0.16601E-01
 0.16000E+02, 0.16000E+02, 0.26497E+03, 0.13305E+00, 0.16347E-01
 0.17000E+02, 0.16000E+02, 0.27599E+03, 0.13227E+00, 0.16781E-01
 0.18000E+02, 0.16000E+02, 0.26750E+03, 0.12784E+00, 0.17093E-01
 0.19000E+02, 0.16000E+02, 0.23281E+03, 0.12624E+00, 0.16200E-01
 0.20000E+02, 0.16000E+02, 0.22911E+03, 0.12809E+00, 0.15848E-01
 0.21000E+02, 0.16000E+02, 0.22686E+03, 0.13113E+00, 0.15412E-01
 0.22000E+02, 0.16000E+02, 0.22493E+03, 0.13057E+00, 0.15418E-01
 0.23000E+02, 0.16000E+02, 0.22797E+03, 0.13000E+00, 0.15580E-01
 0.24000E+02, 0.16000E+02, 0.22452E+03, 0.13604E+00, 0.14786E-01
 0.25000E+02, 0.16000E+02, 0.23420E+03, 0.14982E+00, 0.13688E-01
 0.26000E+02, 0.16000E+02, 0.24447E+03, 0.15832E+00, 0.13215E-01
 0.27000E+02, 0.16000E+02, 0.25492E+03, 0.15921E+00, 0.13406E-01
 0.28000E+02, 0.16000E+02, 0.26531E+03, 0.15167E+00, 0.14349E-01
 0.29000E+02, 0.16000E+02, 0.25577E+03, 0.15799E+00, 0.13532E-01
 0.30000E+02, 0.16000E+02, 0.25849E+03, 0.16021E+00, 0.13412E-01
 0.31000E+02, 0.16000E+02, 0.25433E+03, 0.15458E+00, 0.13792E-01
 0.32000E+02, 0.16000E+02, 0.26027E+03, 0.15960E+00, 0.13508E-01
 0.33000E+02, 0.16000E+02, 0.25635E+03, 0.16048E+00, 0.13336E-01
 0.34000E+02, 0.16000E+02, 0.27592E+03, 0.18241E+00, 0.12166E-01
 0.35000E+02, 0.16000E+02, 0.30150E+03, 0.18859E+00, 0.12316E-01
 0.36000E+02, 0.16000E+02, 0.29378E+03, 0.18598E+00, 0.12321E-01
 0.37000E+02, 0.16000E+02, 0.37902E+03, 0.15870E+00, 0.16610E-01
 0.38000E+02, 0.16000E+02, 0.41348E+03, 0.14852E+00, 0.18686E-01
 0.39000E+02, 0.16000E+02, 0.40624E+03, 0.16401E+00, 0.16743E-01
 0.40000E+02, 0.16000E+02, 0.40116E+03, 0.17994E+00, 0.15146E-01
 0.41000E+02, 0.16000E+02, 0.38823E+03, 0.19233E+00, 0.13899E-01
 0.42000E+02, 0.16000E+02, 0.38578E+03, 0.19338E+00, 0.13773E-01
 0.43000E+02, 0.16000E+02, 0.39756E+03, 0.19782E+00, 0.13704E-01
 0.44000E+02, 0.16000E+02, 0.41806E+03, 0.19584E+00, 0.14266E-01
 0.45000E+02, 0.16000E+02, 0.49508E+03, 0.17341E+00, 0.17906E-01
 0.46000E+02, 0.16000E+02, 0.55063E+03, 0.18999E+00, 0.17525E-01
 0.47000E+02, 0.16000E+02, 0.57340E+03, 0.23035E+00, 0.14854E-01
 0.48000E+02, 0.16000E+02, 0.56907E+03, 0.24929E+00, 0.13655E-01
 0.49000E+02, 0.16000E+02, 0.57016E+03, 0.28913E+00, 0.11789E-01
 0.50000E+02, 0.16000E+02, 0.59581E+03, 0.30813E+00, 0.11398E-01
 0.51000E+02, 0.16000E+02, 0.62375E+03, 0.29717E+00, 0.12199E-01
 0.52000E+02, 0.16000E+02, 0.69587E+03, 0.24630E+00, 0.15902E-01
 0.53000E+02, 0.16000E+02, 0.65798E+03, 0.31189E+00, 0.12067E-01
 0.54000E+02, 0.16000E+02, 0.64797E+03, 0.37859E+00, 0.98338E-02
 0.55000E+02, 0.16000E+02, 0.64052E+03, 0.46064E+00, 0.80170E-02
 0.56000E+02, 0.16000E+02, 0.74123E+03, 0.42451E+00, 0.96581E-02
 0.57000E+02, 0.16000E+02, 0.74193E+03, 0.41979E+00, 0.97733E-02
 0.58000E+02, 0.16000E+02, 0.10332E+04, 0.19513E+00, 0.27058E-01
 0.59000E+02, 0.16000E+02, 0.95196E+03, 0.33309E+00, 0.14866E-01
 0.60000E+02, 0.16000E+02, 0.87513E+03, 0.30114E+00, 0.15412E-01
 0.61000E+02, 0.16000E+02, 0.79065E+03, 0.29678E+00, 0.14488E-01
 0.62000E+02, 0.16000E+02, 0.68976E+03, 0.30531E+00, 0.12747E-01
 0.63000E+02, 0.16000E+02, 0.68331E+03, 0.30093E+00, 0.12846E-01
 0.64000E+02, 0.16000E+02, 0.67244E+03, 0.30977E+00, 0.12338E-01
 0.65000E+02, 0.16000E+02, 0.67717E+03, 0.30474E+00, 0.12604E-01
 0.00000E+00, 0.17000E+02, 0.52195E+02, 0.71651E+00, 0.18353E-02
 0.10000E+01, 0.17000E+02, 0.61047E+02, 0.53157E+00, 0.25411E-02
 0.20000E+01, 0.17000E+02, 0.67708E+02, 0.45312E+00, 0.30404E-02
 0.30000E+01, 0.17000E+02, 0.73284E+02, 0.40482E+00, 0.34589E-02
 0.40000E+01, 0.17000E+02, 0.81066E+02, 0.35405E+00, 0.40438E-02
 0.50000E+01, 0.17000E+02, 0.98330E+02, 0.28315E+00, 0.53027E-02
 0.60000E+01, 0.17000E+02, 0.11392E+03, 0.24180E+00, 0.64702E-02
 0.70000E+01, 0.17000E+02, 0.11717E+03, 0.23151E+00, 0.68144E-02
 0.80000E+01, 0.17000E+02, 0.22000E+02, 0.30000E+02, 0.00000E+00
 0.90000E+01, 0.17000E+02, 0.27506E+03, 0.12927E+00, 0.17140E-01
 0.10000E+02, 0.17000E+02, 0.28039E+03, 0.12831E+00, 0.17437E-01
 0.11000E+02, 0.17000E+02, 0.28495E+03, 0.12811E+00, 0.17607E-01
 0.12000E+02, 0.17000E+02, 0.26536E+03, 0.13472E+00, 0.16156E-01
 0.13000E+02, 0.17000E+02, 0.26999E+03, 0.13384E+00, 0.16402E-01
 0.14000E+02, 0.17000E+02, 0.32002E+03, 0.12938E+00, 0.18531E-01
 0.15000E+02, 0.17000E+02, 0.29874E+03, 0.13795E+00, 0.16755E-01
 0.16000E+02, 0.17000E+02, 0.28541E+03, 0.13866E+00, 0.16281E-01
 0.17000E+02, 0.17000E+02, 0.30978E+03, 0.13422E+00, 0.17553E-01
 0.18000E+02, 0.17000E+02, 0.25647E+03, 0.12364E+00, 0.17314E-01
 0.19000E+02, 0.17000E+02, 0.23400E+03, 0.12818E+00, 0.15992E-01
 0.20000E+02, 0.17000E+02, 0.22658E+03, 0.12954E+00, 0.15593E-01
 0.21000E+02, 0.17000E+02, 0.22290E+03, 0.12835E+00, 0.15621E-01
 0.22000E+02, 0.17000E+02, 0.22074E+03, 0.12953E+00, 0.15411E-01
 0.23000E+02, 0.17000E+02, 0.23201E+03, 0.12557E+00, 0.16260E-01
 0.24000E+02, 0.17000E+02, 0.23637E+03, 0.12935E+00, 0.15922E-01
 0.25000E+02, 0.17000E+02, 0.23118E+03, 0.13892E+00, 0.14674E-01
 0.26000E+02, 0.17000E+02, 0.23702E+03, 0.14451E+00, 0.14269E-01
 0.27000E+02, 0.17000E+02, 0.25370E+03, 0.15479E+00, 0.13757E-01
 0.28000E+02, 0.17000E+02, 0.25584E+03, 0.15308E+00, 0.13968E-01
 0.29000E+02, 0.17000E+02, 0.25169E+03, 0.14502E+00, 0.14628E-01
 0.30000E+02, 0.17000E+02, 0.25404E+03, 0.14042E+00, 0.15175E-01
 0.31000E+02, 0.17000E+02, 0.26396E+03, 0.14588E+00, 0.14882E-01
 0.32000E+02, 0.17000E+02, 0.27144E+03, 0.15225E+00, 0.14458E-01
 0.33000E+02, 0.17000E+02, 0.27029E+03, 0.15433E+00, 0.14232E-01
 0.34000E+02, 0.17000E+02, 0.26614E+03, 0.16020E+00, 0.13606E-01
 0.35000E+02, 0.17000E+02, 0.30009E+03, 0.17139E+00, 0.13518E-01
 0.36000E+02, 0.17000E+02, 0.29727E+03, 0.16863E+00, 0.13672E-01
 0.37000E+02, 0.17000E+02, 0.31074E+03, 0.16727E+00, 0.14109E-01
 0.38000E+02, 0.17000E+02, 0.36604E+03, 0.16852E+00, 0.15331E-01
 0.39000E+02, 0.17000E+02, 0.36226E+03, 0.17464E+00, 0.14706E-01
 0.40000E+02, 0.17000E+02, 0.39763E+03, 0.16653E+00, 0.16280E-01
 0.41000E+02, 0.17000E+02, 0.40476E+03, 0.18664E+00, 0.14680E-01
 0.42000E+02, 0.17000E+02, 0.39171E+03, 0.19530E+00, 0.13760E-01
 0.43000E+02, 0.17000E+02, 0.39366E+03, 0.19595E+00, 0.13754E-01
 0.44000E+02, 0.17000E+02, 0.43327E+03, 0.18251E+00, 0.15644E-01
 0.45000E+02, 0.17000E+02, 0.44990E+03, 0.18677E+00, 0.15648E-01
 0.46000E+02, 0.17000E+02, 0.54753E+03, 0.17660E+00, 0.18782E-01
 0.47000E+02, 0.17000E+02, 0.57194E+03, 0.22846E+00, 0.14951E-01
 0.48000E+02, 0.17000E+02, 0.58689E+03, 0.25694E+00, 0.13529E-01
 0.49000E+02, 0.17000E+02, 0.59709E+03, 0.29304E+00, 0.12003E-01
 0.50000E+02, 0.17000E+02, 0.65529E+03, 0.27645E+00, 0.13574E-01
 0.51000E+02, 0.17000E+02, 0.67638E+03, 0.28660E+00, 0.13391E-01
 0.52000E+02, 0.17000E+02, 0.68462E+03, 0.31160E+00, 0.12423E-01
 0.53000E+02, 0.17000E+02, 0.68941E+03, 0.30537E+00, 0.12740E-01
 0.54000E+02, 0.17000E+02, 0.68477E+03, 0.38635E+00, 0.10021E-01
 0.55000E+02, 0.17000E+02, 0.67150E+03, 0.43724E+00, 0.87324E-02
 0.56000E+02, 0.17000E+02, 0.62504E+03, 0.42211E+00, 0.86003E-02
 0.57000E+02, 0.17000E+02, 0.94457E+03, 0.21784E+00, 0.22593E-01
 0.58000E+02, 0.17000E+02, 0.94533E+03, 0.26730E+00, 0.18425E-01
 0.59000E+02, 0.17000E+02, 0.80385E+03, 0.33193E+00, 0.13114E-01
 0.60000E+02, 0.17000E+02, 0.72012E+03, 0.31123E+00, 0.12899E-01
 0.61000E+02, 0.17000E+02, 0.69289E+03, 0.29250E+00, 0.13349E-01
 0.62000E+02, 0.17000E+02, 0.63516E+03, 0.27010E+00, 0.13592E-01
 0.63000E+02, 0.17000E+02, 0.60173E+03, 0.25982E+00, 0.13610E-01
 0.64000E+02, 0.17000E+02, 0.58234E+03, 0.27565E+00, 0.12544E-01
 0.65000E+02, 0.17000E+02, 0.61842E+03, 0.29002E+00, 0.12425E-01
 0.00000E+00, 0.18000E+02, 0.56413E+02, 0.64607E+00, 0.20618E-02
 0.10000E+01, 0.18000E+02, 0.59523E+02, 0.55844E+00, 0.24078E-02
 0.20000E+01, 0.18000E+02, 0.67927E+02, 0.44948E+00, 0.30670E-02
 0.30000E+01, 0.18000E+02, 0.79578E+02, 0.35994E+00, 0.39608E-02
 0.40000E+01, 0.18000E+02, 0.83556E+02, 0.33939E+00, 0.42480E-02
 0.50000E+01, 0.18000E+02, 0.85307E+02, 0.33056E+00, 0.43829E-02
 0.60000E+01, 0.18000E+02, 0.85495E+02, 0.32848E+00, 0.44130E-02
 0.70000E+01, 0.18000E+02, 0.78530E+02, 0.35945E+00, 0.39545E-02
 0.80000E+01, 0.18000E+02, 0.22000E+02, 0.30000E+02, 0.00000E+00
 0.90000E+01, 0.18000E+02, 0.28939E+03, 0.13087E+00, 0.17373E-01
 0.10000E+02, 0.18000E+02, 0.31114E+03, 0.13393E+00, 0.17632E-01
 0.11000E+02, 0.18000E+02, 0.30457E+03, 0.13141E+00, 0.17770E-01
 0.12000E+02, 0.18000E+02, 0.25099E+03, 0.14025E+00, 0.15105E-01
 0.13000E+02, 0.18000E+02, 0.27207E+03, 0.13701E+00, 0.16085E-01
 0.14000E+02, 0.18000E+02, 0.30111E+03, 0.13197E+00, 0.17588E-01
 0.15000E+02, 0.18000E+02, 0.32235E+03, 0.13094E+00, 0.18382E-01
 0.16000E+02, 0.18000E+02, 0.28337E+03, 0.14248E+00, 0.15787E-01
 0.17000E+02, 0.18000E+02, 0.33195E+03, 0.13682E+00, 0.17876E-01
 0.18000E+02, 0.18000E+02, 0.28619E+03, 0.12042E+00, 0.18774E-01
 0.19000E+02, 0.18000E+02, 0.22188E+03, 0.12114E+00, 0.16516E-01
 0.20000E+02, 0.18000E+02, 0.21889E+03, 0.12220E+00, 0.16274E-01
 0.21000E+02, 0.18000E+02, 0.22042E+03, 0.12499E+00, 0.15961E-01
 0.22000E+02, 0.18000E+02, 0.23380E+03, 0.12035E+00, 0.17025E-01
 0.23000E+02, 0.18000E+02, 0.23571E+03, 0.12143E+00, 0.16938E-01
 0.24000E+02, 0.18000E+02, 0.23530E+03, 0.12361E+00, 0.16625E-01
 0.25000E+02, 0.18000E+02, 0.23518E+03, 0.12337E+00, 0.16654E-01
 0.26000E+02, 0.18000E+02, 0.22956E+03, 0.12939E+00, 0.15703E-01
 0.27000E+02, 0.18000E+02, 0.23123E+03, 0.13560E+00, 0.15034E-01
 0.28000E+02, 0.18000E+02, 0.23412E+03, 0.14333E+00, 0.14305E-01
 0.29000E+02, 0.18000E+02, 0.22219E+03, 0.13741E+00, 0.14570E-01
 0.30000E+02, 0.18000E+02, 0.23797E+03, 0.13540E+00, 0.15258E-01
 0.31000E+02, 0.18000E+02, 0.25426E+03, 0.13644E+00, 0.15623E-01
 0.32000E+02, 0.18000E+02, 0.26063E+03, 0.13707E+00, 0.15740E-01
 0.33000E+02, 0.18000E+02, 0.26434E+03, 0.13681E+00, 0.15880E-01
 0.34000E+02, 0.18000E+02, 0.26362E+03, 0.13528E+00, 0.16037E-01
 0.35000E+02, 0.18000E+02, 0.27267E+03, 0.14863E+00, 0.14843E-01
 0.36000E+02, 0.18000E+02, 0.34148E+03, 0.13939E+00, 0.17822E-01
 0.37000E+02, 0.18000E+02, 0.36413E+03, 0.13645E+00, 0.18877E-01
 0.38000E+02, 0.18000E+02, 0.37248E+03, 0.13113E+00, 0.19900E-01
 0.39000E+02, 0.18000E+02, 0.39773E+03, 0.12700E+00, 0.21352E-01
 0.40000E+02, 0.18000E+02, 0.44100E+03, 0.14038E+00, 0.20562E-01
 0.41000E+02, 0.18000E+02, 0.42883E+03, 0.14129E+00, 0.20081E-01
 0.42000E+02, 0.18000E+02, 0.43948E+03, 0.16207E+00, 0.17772E-01
 0.43000E+02, 0.18000E+02, 0.44222E+03, 0.16790E+00, 0.17221E-01
 0.44000E+02, 0.18000E+02, 0.41346E+03, 0.18289E+00, 0.15174E-01
 0.45000E+02, 0.18000E+02, 0.48442E+03, 0.18246E+00, 0.16782E-01
 0.46000E+02, 0.18000E+02, 0.55717E+03, 0.19105E+00, 0.17566E-01
 0.47000E+02, 0.18000E+02, 0.60457E+03, 0.19504E+00, 0.18189E-01
 0.48000E+02, 0.18000E+02, 0.64461E+03, 0.16520E+00, 0.22454E-01
 0.49000E+02, 0.18000E+02, 0.63060E+03, 0.25538E+00, 0.14303E-01
 0.50000E+02, 0.18000E+02, 0.61835E+03, 0.25815E+00, 0.13958E-01
 0.51000E+02, 0.18000E+02, 0.62105E+03, 0.22075E+00, 0.16372E-01
 0.52000E+02, 0.18000E+02, 0.67268E+03, 0.20615E+00, 0.18544E-01
 0.53000E+02, 0.18000E+02, 0.69352E+03, 0.24894E+00, 0.15695E-01
 0.54000E+02, 0.18000E+02, 0.65138E+03, 0.29841E+00, 0.12522E-01
 0.55000E+02, 0.18000E+02, 0.58424E+03, 0.37825E+00, 0.91617E-02
 0.56000E+02, 0.18000E+02, 0.66866E+03, 0.31975E+00, 0.11905E-01
 0.57000E+02, 0.18000E+02, 0.92928E+03, 0.20165E+00, 0.24101E-01
 0.58000E+02, 0.18000E+02, 0.92755E+03, 0.22485E+00, 0.21583E-01
 0.59000E+02, 0.18000E+02, 0.70339E+03, 0.27263E+00, 0.14477E-01
 0.60000E+02, 0.18000E+02, 0.61638E+03, 0.26392E+00, 0.13623E-01
 0.61000E+02, 0.18000E+02, 0.56253E+03, 0.24330E+00, 0.13883E-01
 0.62000E+02, 0.18000E+02, 0.58761E+03, 0.22744E+00, 0.15297E-01
 0.63000E+02, 0.18000E+02, 0.52363E+03, 0.23909E+00, 0.13469E-01
 0.64000E+02, 0.18000E+02, 0.49675E+03, 0.23837E+00, 0.13055E-01
 0.65000E+02, 0.18000E+02, 0.54879E+03, 0.25998E+00, 0.12779E-01
 0.00000E+00, 0.19000E+02, 0.59503E+02, 0.60006E+00, 0.22407E-02
 0.10000E+01, 0.19000E+02, 0.61804E+02, 0.55236E+00, 0.24510E-02
 0.20000E+01, 0.19000E+02, 0.62144E+02, 0.51897E+00, 0.26113E-02
 0.30000E+01, 0.19000E+02, 0.71155E+02, 0.41414E+00, 0.33602E-02
 0.40000E+01, 0.19000E+02, 0.82224E+02, 0.33970E+00, 0.42283E-02
 0.50000E+01, 0.19000E+02, 0.82342E+02, 0.33769E+00, 0.42549E-02
 0.60000E+01, 0.19000E+02, 0.75923E+02, 0.37622E+00, 0.37502E-02
 0.70000E+01, 0.19000E+02, 0.64996E+02, 0.47159E+00, 0.28982E-02
 0.80000E+01, 0.19000E+02, 0.22000E+02, 0.30000E+02, 0.00000E+00
 0.90000E+01, 0.19000E+02, 0.28860E+03, 0.13176E+00, 0.17232E-01
 0.10000E+02, 0.19000E+02, 0.31562E+03, 0.13456E+00, 0.17685E-01
 0.11000E+02, 0.19000E+02, 0.26948E+03, 0.13650E+00, 0.16068E-01
 0.12000E+02, 0.19000E+02, 0.24748E+03, 0.14183E+00, 0.14837E-01
 0.13000E+02, 0.19000E+02, 0.34463E+03, 0.12668E+00, 0.19711E-01
 0.14000E+02, 0.19000E+02, 0.32306E+03, 0.13141E+00, 0.18338E-01
 0.15000E+02, 0.19000E+02, 0.32769E+03, 0.13359E+00, 0.18178E-01
 0.16000E+02, 0.19000E+02, 0.30643E+03, 0.14261E+00, 0.16426E-01
 0.17000E+02, 0.19000E+02, 0.37196E+03, 0.13511E+00, 0.19298E-01
 0.18000E+02, 0.19000E+02, 0.40574E+03, 0.12775E+00, 0.21478E-01
 0.19000E+02, 0.19000E+02, 0.16838E+03, 0.24126E+00, 0.73969E-02
 0.20000E+02, 0.19000E+02, 0.11029E+03, 0.36768E+00, 0.42151E-02
 0.21000E+02, 0.19000E+02, 0.10423E+03, 0.36122E+00, 0.42226E-02
 0.22000E+02, 0.19000E+02, 0.10580E+03, 0.34369E+00, 0.44565E-02
 0.23000E+02, 0.19000E+02, 0.11970E+03, 0.29978E+00, 0.52966E-02
 0.24000E+02, 0.19000E+02, 0.10499E+03, 0.31519E+00, 0.48491E-02
 0.25000E+02, 0.19000E+02, 0.10591E+03, 0.30106E+00, 0.50890E-02
 0.26000E+02, 0.19000E+02, 0.11635E+03, 0.24996E+00, 0.62981E-02
 0.27000E+02, 0.19000E+02, 0.10632E+03, 0.25826E+00, 0.59387E-02
 0.28000E+02, 0.19000E+02, 0.14693E+03, 0.19213E+00, 0.88372E-02
 0.29000E+02, 0.19000E+02, 0.11163E+03, 0.24571E+00, 0.63295E-02
 0.30000E+02, 0.19000E+02, 0.38272E+02, 0.12250E+01, 0.10275E-02
 0.31000E+02, 0.19000E+02, 0.32264E+02, 0.20623E+01, 0.59857E-03
 0.32000E+02, 0.19000E+02, 0.26878E+02, 0.57162E+01, 0.21214E-03
 0.33000E+02, 0.19000E+02, 0.24388E+02, 0.20653E+02, 0.58229E-04
 0.34000E+02, 0.19000E+02, 0.24216E+02, 0.27393E+02, 0.43876E-04
 0.35000E+02, 0.19000E+02, 0.26765E+02, 0.60555E+01, 0.20018E-03
 0.36000E+02, 0.19000E+02, 0.62812E+02, 0.58308E+00, 0.23288E-02
 0.37000E+02, 0.19000E+02, 0.15135E+03, 0.23465E+00, 0.73121E-02
 0.38000E+02, 0.19000E+02, 0.66188E+02, 0.53901E+00, 0.25446E-02
 0.39000E+02, 0.19000E+02, 0.26333E+02, 0.76481E+01, 0.15827E-03
 0.40000E+02, 0.19000E+02, 0.24714E+02, 0.26234E+02, 0.45892E-04
 0.41000E+02, 0.19000E+02, 0.30950E+02, 0.31213E+01, 0.39378E-03
 0.42000E+02, 0.19000E+02, 0.55510E+02, 0.72190E+00, 0.18401E-02
 0.43000E+02, 0.19000E+02, 0.59543E+02, 0.69317E+00, 0.19399E-02
 0.44000E+02, 0.19000E+02, 0.55709E+02, 0.86199E+00, 0.15420E-02
 0.45000E+02, 0.19000E+02, 0.87977E+02, 0.63529E+00, 0.22976E-02
 0.46000E+02, 0.19000E+02, 0.51351E+02, 0.12138E+01, 0.10805E-02
 0.47000E+02, 0.19000E+02, 0.56410E+02, 0.97228E+00, 0.13700E-02
 0.48000E+02, 0.19000E+02, 0.23647E+03, 0.26695E+00, 0.77162E-02
 0.49000E+02, 0.19000E+02, 0.24422E+03, 0.28935E+00, 0.72271E-02
 0.50000E+02, 0.19000E+02, 0.24510E+03, 0.29060E+00, 0.72082E-02
 0.51000E+02, 0.19000E+02, 0.26843E+03, 0.27884E+00, 0.78502E-02
 0.52000E+02, 0.19000E+02, 0.28241E+03, 0.27143E+00, 0.82727E-02
 0.53000E+02, 0.19000E+02, 0.28891E+03, 0.27369E+00, 0.83004E-02
 0.54000E+02, 0.19000E+02, 0.31987E+03, 0.25678E+00, 0.93345E-02
 0.55000E+02, 0.19000E+02, 0.32947E+03, 0.25208E+00, 0.96625E-02
 0.56000E+02, 0.19000E+02, 0.31792E+03, 0.27152E+00, 0.87986E-02
 0.57000E+02, 0.19000E+02, 0.30543E+03, 0.32423E+00, 0.72125E-02
 0.58000E+02, 0.19000E+02, 0.52972E+03, 0.26921E+00, 0.12054E-01
 0.59000E+02, 0.19000E+02, 0.22000E+02, 0.30000E+02, 0.00000E+00
 0.60000E+02, 0.19000E+02, 0.51666E+03, 0.28071E+00, 0.11372E-01
 0.61000E+02, 0.19000E+02, 0.47307E+03, 0.26884E+00, 0.11219E-01
 0.62000E+02, 0.19000E+02, 0.48161E+03, 0.26756E+00, 0.11402E-01
 0.63000E+02, 0.19000E+02, 0.46739E+03, 0.23187E+00, 0.12909E-01
 0.64000E+02, 0.19000E+02, 0.47749E+03, 0.20457E+00, 0.14831E-01
 0.65000E+02, 0.19000E+02, 0.48913E+03, 0.23522E+00, 0.13098E-01
 0.00000E+00, 0.20000E+02, 0.53657E+02, 0.77667E+00, 0.17007E-02
 0.10000E+01, 0.20000E+02, 0.64330E+02, 0.56117E+00, 0.24307E-02
 0.20000E+01, 0.20000E+02, 0.67102E+02, 0.52357E+00, 0.26266E-02
 0.30000E+01, 0.20000E+02, 0.70043E+02, 0.48887E+00, 0.28374E-02
 0.40000E+01, 0.20000E+02, 0.60712E+02, 0.60867E+00, 0.22170E-02
 0.50000E+01, 0.20000E+02, 0.53528E+02, 0.74964E+00, 0.17613E-02
 0.60000E+01, 0.20000E+02, 0.93208E+02, 0.32927E+00, 0.44971E-02
 0.70000E+01, 0.20000E+02, 0.16501E+03, 0.18260E+00, 0.96986E-02
 0.80000E+01, 0.20000E+02, 0.22000E+02, 0.30000E+02, 0.00000E+00
 0.90000E+01, 0.20000E+02, 0.27800E+03, 0.13221E+00, 0.16850E-01
 0.10000E+02, 0.20000E+02, 0.31181E+03, 0.13659E+00, 0.17309E-01
 0.11000E+02, 0.20000E+02, 0.31601E+03, 0.13328E+00, 0.17867E-01
 0.12000E+02, 0.20000E+02, 0.30849E+03, 0.12791E+00, 0.18380E-01
 0.13000E+02, 0.20000E+02, 0.32327E+03, 0.13002E+00, 0.18540E-01
 0.14000E+02, 0.20000E+02, 0.31722E+03, 0.13738E+00, 0.17370E-01
 0.15000E+02, 0.20000E+02, 0.31182E+03, 0.14283E+00, 0.16554E-01
 0.16000E+02, 0.20000E+02, 0.31159E+03, 0.14728E+00, 0.16047E-01
 0.17000E+02, 0.20000E+02, 0.36581E+03, 0.13674E+00, 0.18887E-01
 0.18000E+02, 0.20000E+02, 0.40533E+03, 0.13519E+00, 0.20285E-01
 0.19000E+02, 0.20000E+02, 0.19094E+03, 0.23038E+00, 0.81420E-02
 0.20000E+02, 0.20000E+02, 0.85153E+02, 0.46802E+00, 0.30943E-02
 0.21000E+02, 0.20000E+02, 0.89976E+02, 0.41788E+00, 0.35122E-02
 0.22000E+02, 0.20000E+02, 0.94880E+02, 0.37137E+00, 0.40055E-02
 0.23000E+02, 0.20000E+02, 0.10167E+03, 0.33184E+00, 0.45654E-02
 0.24000E+02, 0.20000E+02, 0.11456E+03, 0.28445E+00, 0.55090E-02
 0.25000E+02, 0.20000E+02, 0.11797E+03, 0.26867E+00, 0.58839E-02
 0.26000E+02, 0.20000E+02, 0.11542E+03, 0.24710E+00, 0.63559E-02
 0.27000E+02, 0.20000E+02, 0.10089E+03, 0.29786E+00, 0.50756E-02
 0.28000E+02, 0.20000E+02, 0.10019E+03, 0.28566E+00, 0.52823E-02
 0.29000E+02, 0.20000E+02, 0.11200E+03, 0.23131E+00, 0.67299E-02
 0.30000E+02, 0.20000E+02, 0.32134E+02, 0.21162E+01, 0.58308E-03
 0.31000E+02, 0.20000E+02, 0.34217E+02, 0.17509E+01, 0.70955E-03
 0.32000E+02, 0.20000E+02, 0.33807E+02, 0.18739E+01, 0.66208E-03
 0.33000E+02, 0.20000E+02, 0.28177E+02, 0.40633E+01, 0.29973E-03
 0.34000E+02, 0.20000E+02, 0.25398E+02, 0.86009E+01, 0.14030E-03
 0.35000E+02, 0.20000E+02, 0.26488E+02, 0.55470E+01, 0.21833E-03
 0.36000E+02, 0.20000E+02, 0.51939E+02, 0.76785E+00, 0.17112E-02
 0.37000E+02, 0.20000E+02, 0.84801E+02, 0.40447E+00, 0.35770E-02
 0.38000E+02, 0.20000E+02, 0.31069E+02, 0.25330E+01, 0.48544E-03
 0.39000E+02, 0.20000E+02, 0.25710E+02, 0.71623E+01, 0.16865E-03
 0.40000E+02, 0.20000E+02, 0.26162E+02, 0.66595E+01, 0.18166E-03
 0.41000E+02, 0.20000E+02, 0.36857E+02, 0.16214E+01, 0.77280E-03
 0.42000E+02, 0.20000E+02, 0.58438E+02, 0.67425E+00, 0.19877E-02
 0.43000E+02, 0.20000E+02, 0.58126E+02, 0.75762E+00, 0.17673E-02
 0.44000E+02, 0.20000E+02, 0.38297E+02, 0.16381E+01, 0.76848E-03
 0.45000E+02, 0.20000E+02, 0.46058E+02, 0.13606E+01, 0.94825E-03
 0.46000E+02, 0.20000E+02, 0.39325E+02, 0.20454E+01, 0.61747E-03
 0.47000E+02, 0.20000E+02, 0.53254E+02, 0.10546E+01, 0.12509E-02
 0.48000E+02, 0.20000E+02, 0.24198E+03, 0.27539E+00, 0.75604E-02
 0.49000E+02, 0.20000E+02, 0.24323E+03, 0.28014E+00, 0.74502E-02
 0.50000E+02, 0.20000E+02, 0.22097E+03, 0.28355E+00, 0.70433E-02
 0.51000E+02, 0.20000E+02, 0.23069E+03, 0.28854E+00, 0.70576E-02
 0.52000E+02, 0.20000E+02, 0.24284E+03, 0.29381E+00, 0.70983E-02
 0.53000E+02, 0.20000E+02, 0.24524E+03, 0.29688E+00, 0.70575E-02
 0.54000E+02, 0.20000E+02, 0.23642E+03, 0.30459E+00, 0.67618E-02
 0.55000E+02, 0.20000E+02, 0.23727E+03, 0.30998E+00, 0.66554E-02
 0.56000E+02, 0.20000E+02, 0.23949E+03, 0.31660E+00, 0.65446E-02
 0.57000E+02, 0.20000E+02, 0.28277E+03, 0.33642E+00, 0.66791E-02
 0.58000E+02, 0.20000E+02, 0.37984E+03, 0.33110E+00, 0.79713E-02
 0.59000E+02, 0.20000E+02, 0.22000E+02, 0.30000E+02, 0.00000E+00
 0.60000E+02, 0.20000E+02, 0.54917E+03, 0.32326E+00, 0.10282E-01
 0.61000E+02, 0.20000E+02, 0.46370E+03, 0.34934E+00, 0.85254E-02
 0.62000E+02, 0.20000E+02, 0.43727E+03, 0.28338E+00, 0.10133E-01
 0.63000E+02, 0.20000E+02, 0.45139E+03, 0.23509E+00, 0.12457E-01
 0.64000E+02, 0.20000E+02, 0.47637E+03, 0.19844E+00, 0.15266E-01
 0.65000E+02, 0.20000E+02, 0.44956E+03, 0.20767E+00, 0.14066E-01
 0.00000E+00, 0.21000E+02, 0.50346E+02, 0.90785E+00, 0.14402E-02
 0.10000E+01, 0.21000E+02, 0.51401E+02, 0.86576E+00, 0.15152E-02
 0.20000E+01, 0.21000E+02, 0.60442E+02, 0.63238E+00, 0.21321E-02
 0.30000E+01, 0.21000E+02, 0.64809E+02, 0.55424E+00, 0.24646E-02
 0.40000E+01, 0.21000E+02, 0.63544E+02, 0.56684E+00, 0.24008E-02
 0.50000E+01, 0.21000E+02, 0.69576E+02, 0.48949E+00, 0.28300E-02
 0.60000E+01, 0.21000E+02, 0.94703E+02, 0.32649E+00, 0.45539E-02
 0.70000E+01, 0.21000E+02, 0.94480E+02, 0.32035E+00, 0.46384E-02
 0.80000E+01, 0.21000E+02, 0.22000E+02, 0.30000E+02, 0.00000E+00
 0.90000E+01, 0.21000E+02, 0.30129E+03, 0.13861E+00, 0.16750E-01
 0.10000E+02, 0.21000E+02, 0.33724E+03, 0.13823E+00, 0.17848E-01
 0.11000E+02, 0.21000E+02, 0.38875E+03, 0.12811E+00, 0.20883E-01
 0.12000E+02, 0.21000E+02, 0.32235E+03, 0.12167E+00, 0.19781E-01
 0.13000E+02, 0.21000E+02, 0.35713E+03, 0.12819E+00, 0.19873E-01
 0.14000E+02, 0.21000E+02, 0.38817E+03, 0.13657E+00, 0.19572E-01
 0.15000E+02, 0.21000E+02, 0.36248E+03, 0.14443E+00, 0.17788E-01
 0.16000E+02, 0.21000E+02, 0.40083E+03, 0.15468E+00, 0.17611E-01
 0.17000E+02, 0.21000E+02, 0.42291E+03, 0.15076E+00, 0.18662E-01
 0.18000E+02, 0.21000E+02, 0.41209E+03, 0.15613E+00, 0.17739E-01
 0.19000E+02, 0.21000E+02, 0.17265E+03, 0.27801E+00, 0.64811E-02
 0.20000E+02, 0.21000E+02, 0.90403E+02, 0.47232E+00, 0.31111E-02
 0.21000E+02, 0.21000E+02, 0.79530E+02, 0.46478E+00, 0.30670E-02
 0.22000E+02, 0.21000E+02, 0.92062E+02, 0.37488E+00, 0.39376E-02
 0.23000E+02, 0.21000E+02, 0.10469E+03, 0.32687E+00, 0.46721E-02
 0.24000E+02, 0.21000E+02, 0.11124E+03, 0.30817E+00, 0.50415E-02
 0.25000E+02, 0.21000E+02, 0.10416E+03, 0.31427E+00, 0.48525E-02
 0.26000E+02, 0.21000E+02, 0.10712E+03, 0.29352E+00, 0.52364E-02
 0.27000E+02, 0.21000E+02, 0.11186E+03, 0.26605E+00, 0.58492E-02
 0.28000E+02, 0.21000E+02, 0.96497E+02, 0.30070E+00, 0.49685E-02
 0.29000E+02, 0.21000E+02, 0.10796E+03, 0.23657E+00, 0.65112E-02
 0.30000E+02, 0.21000E+02, 0.33123E+02, 0.19821E+01, 0.62454E-03
 0.31000E+02, 0.21000E+02, 0.37035E+02, 0.14497E+01, 0.86483E-03
 0.32000E+02, 0.21000E+02, 0.33225E+02, 0.20136E+01, 0.61497E-03
 0.33000E+02, 0.21000E+02, 0.27390E+02, 0.43589E+01, 0.27868E-03
 0.34000E+02, 0.21000E+02, 0.26085E+02, 0.55032E+01, 0.21977E-03
 0.35000E+02, 0.21000E+02, 0.27729E+02, 0.39660E+01, 0.30663E-03
 0.36000E+02, 0.21000E+02, 0.37825E+02, 0.14234E+01, 0.88304E-03
 0.37000E+02, 0.21000E+02, 0.36067E+02, 0.15804E+01, 0.79082E-03
 0.38000E+02, 0.21000E+02, 0.34473E+02, 0.18044E+01, 0.68906E-03
 0.39000E+02, 0.21000E+02, 0.27226E+02, 0.46046E+01, 0.26366E-03
 0.40000E+02, 0.21000E+02, 0.29602E+02, 0.32409E+01, 0.37757E-03
 0.41000E+02, 0.21000E+02, 0.48200E+02, 0.91186E+00, 0.14244E-02
 0.42000E+02, 0.21000E+02, 0.60309E+02, 0.68122E+00, 0.19785E-02
 0.43000E+02, 0.21000E+02, 0.44477E+02, 0.11407E+01, 0.11254E-02
 0.44000E+02, 0.21000E+02, 0.36999E+02, 0.17519E+01, 0.71555E-03
 0.45000E+02, 0.21000E+02, 0.38527E+02, 0.21263E+01, 0.59246E-03
 0.46000E+02, 0.21000E+02, 0.48703E+02, 0.12960E+01, 0.10037E-02
 0.47000E+02, 0.21000E+02, 0.46234E+02, 0.14185E+01, 0.91007E-03
 0.48000E+02, 0.21000E+02, 0.25167E+03, 0.27535E+00, 0.77038E-02
 0.49000E+02, 0.21000E+02, 0.24231E+03, 0.27769E+00, 0.75025E-02
 0.50000E+02, 0.21000E+02, 0.23088E+03, 0.28118E+00, 0.72453E-02
 0.51000E+02, 0.21000E+02, 0.23350E+03, 0.28614E+00, 0.71565E-02
 0.52000E+02, 0.21000E+02, 0.24639E+03, 0.29100E+00, 0.72160E-02
 0.53000E+02, 0.21000E+02, 0.24507E+03, 0.29520E+00, 0.70954E-02
 0.54000E+02, 0.21000E+02, 0.23810E+03, 0.29787E+00, 0.69372E-02
 0.55000E+02, 0.21000E+02, 0.23779E+03, 0.30381E+00, 0.67974E-02
 0.56000E+02, 0.21000E+02, 0.23882E+03, 0.30979E+00, 0.66796E-02
 0.57000E+02, 0.21000E+02, 0.25613E+03, 0.32526E+00, 0.65771E-02
 0.58000E+02, 0.21000E+02, 0.53307E+03, 0.26629E+00, 0.12237E-01
 0.59000E+02, 0.21000E+02, 0.22000E+02, 0.30000E+02, 0.00000E+00
 0.60000E+02, 0.21000E+02, 0.86045E+03, 0.21674E+00, 0.21140E-01
 0.61000E+02, 0.21000E+02, 0.54825E+03, 0.36191E+00, 0.91736E-02
 0.62000E+02, 0.21000E+02, 0.43194E+03, 0.29325E+00, 0.97182E-02
 0.63000E+02, 0.21000E+02, 0.42905E+03, 0.24134E+00, 0.11760E-01
 0.64000E+02, 0.21000E+02, 0.47114E+03, 0.19678E+00, 0.15288E-01
 0.65000E+02, 0.21000E+02, 0.43892E+03, 0.19962E+00, 0.14418E-01
 0.00000E+00, 0.22000E+02, 0.47534E+02, 0.10346E+01, 0.12528E-02
 0.10000E+01, 0.22000E+02, 0.50684E+02, 0.89861E+00, 0.14566E-02
 0.20000E+01, 0.22000E+02, 0.58621E+02, 0.66889E+00, 0.20048E-02
 0.30000E+01, 0.22000E+02, 0.65635E+02, 0.54622E+00, 0.25069E-02
 0.40000E+01, 0.22000E+02, 0.71080E+02, 0.47992E+00, 0.28991E-02
 0.50000E+01, 0.22000E+02, 0.77338E+02, 0.42434E+00, 0.33384E-02
 0.60000E+01, 0.22000E+02, 0.79936E+02, 0.40587E+00, 0.35162E-02
 0.70000E+01, 0.22000E+02, 0.72550E+02, 0.45242E+00, 0.30884E-02
 0.80000E+01, 0.22000E+02, 0.22000E+02, 0.30000E+02, 0.00000E+00
 0.90000E+01, 0.22000E+02, 0.33711E+03, 0.14824E+00, 0.16639E-01
 0.10000E+02, 0.22000E+02, 0.38708E+03, 0.13595E+00, 0.19628E-01
 0.11000E+02, 0.22000E+02, 0.40071E+03, 0.13212E+00, 0.20615E-01
 0.12000E+02, 0.22000E+02, 0.32598E+03, 0.12422E+00, 0.19494E-01
 0.13000E+02, 0.22000E+02, 0.35831E+03, 0.13004E+00, 0.19626E-01
 0.14000E+02, 0.22000E+02, 0.39594E+03, 0.13778E+00, 0.19629E-01
 0.15000E+02, 0.22000E+02, 0.45037E+03, 0.15076E+00, 0.19397E-01
 0.16000E+02, 0.22000E+02, 0.45039E+03, 0.15675E+00, 0.18656E-01
 0.17000E+02, 0.22000E+02, 0.42752E+03, 0.15196E+00, 0.18637E-01
 0.18000E+02, 0.22000E+02, 0.41040E+03, 0.16961E+00, 0.16289E-01
 0.19000E+02, 0.22000E+02, 0.99164E+02, 0.46116E+00, 0.32631E-02
 0.20000E+02, 0.22000E+02, 0.70165E+02, 0.60666E+00, 0.22873E-02
 0.21000E+02, 0.22000E+02, 0.73405E+02, 0.54867E+00, 0.25529E-02
 0.22000E+02, 0.22000E+02, 0.86176E+02, 0.41211E+00, 0.35241E-02
 0.23000E+02, 0.22000E+02, 0.10394E+03, 0.34186E+00, 0.44583E-02
 0.24000E+02, 0.22000E+02, 0.10395E+03, 0.34399E+00, 0.44309E-02
 0.25000E+02, 0.22000E+02, 0.90206E+02, 0.36956E+00, 0.39740E-02
 0.26000E+02, 0.22000E+02, 0.95006E+02, 0.34167E+00, 0.43552E-02
 0.27000E+02, 0.22000E+02, 0.10262E+03, 0.30507E+00, 0.49785E-02
 0.28000E+02, 0.22000E+02, 0.93026E+02, 0.31965E+00, 0.46301E-02
 0.29000E+02, 0.22000E+02, 0.11004E+03, 0.23268E+00, 0.66564E-02
 0.30000E+02, 0.22000E+02, 0.32344E+02, 0.21875E+01, 0.56447E-03
 0.31000E+02, 0.22000E+02, 0.34984E+02, 0.16998E+01, 0.73269E-03
 0.32000E+02, 0.22000E+02, 0.32699E+02, 0.21050E+01, 0.58725E-03
 0.33000E+02, 0.22000E+02, 0.30648E+02, 0.26651E+01, 0.46073E-03
 0.34000E+02, 0.22000E+02, 0.29384E+02, 0.32005E+01, 0.38207E-03
 0.35000E+02, 0.22000E+02, 0.28492E+02, 0.37428E+01, 0.32574E-03
 0.36000E+02, 0.22000E+02, 0.28575E+02, 0.36623E+01, 0.33299E-03
 0.37000E+02, 0.22000E+02, 0.34738E+02, 0.17882E+01, 0.69590E-03
 0.38000E+02, 0.22000E+02, 0.31702E+02, 0.24403E+01, 0.50492E-03
 0.39000E+02, 0.22000E+02, 0.31572E+02, 0.25198E+01, 0.48878E-03
 0.40000E+02, 0.22000E+02, 0.33151E+02, 0.22746E+01, 0.54429E-03
 0.41000E+02, 0.22000E+02, 0.47920E+02, 0.93626E+00, 0.13861E-02
 0.42000E+02, 0.22000E+02, 0.59001E+02, 0.72656E+00, 0.18477E-02
 0.43000E+02, 0.22000E+02, 0.50902E+02, 0.89770E+00, 0.14590E-02
 0.44000E+02, 0.22000E+02, 0.42925E+02, 0.13425E+01, 0.95160E-03
 0.45000E+02, 0.22000E+02, 0.42150E+02, 0.16740E+01, 0.76129E-03
 0.46000E+02, 0.22000E+02, 0.46043E+02, 0.14181E+01, 0.90977E-03
 0.47000E+02, 0.22000E+02, 0.43211E+02, 0.16790E+01, 0.76156E-03
 0.48000E+02, 0.22000E+02, 0.22925E+03, 0.27564E+00, 0.73669E-02
 0.49000E+02, 0.22000E+02, 0.22665E+03, 0.27776E+00, 0.72729E-02
 0.50000E+02, 0.22000E+02, 0.22166E+03, 0.27416E+00, 0.72947E-02
 0.51000E+02, 0.22000E+02, 0.22022E+03, 0.27737E+00, 0.71894E-02
 0.52000E+02, 0.22000E+02, 0.23341E+03, 0.27923E+00, 0.73325E-02
 0.53000E+02, 0.22000E+02, 0.23878E+03, 0.27871E+00, 0.74241E-02
 0.54000E+02, 0.22000E+02, 0.24572E+03, 0.28204E+00, 0.74358E-02
 0.55000E+02, 0.22000E+02, 0.24115E+03, 0.29306E+00, 0.70931E-02
 0.56000E+02, 0.22000E+02, 0.25521E+03, 0.29716E+00, 0.71865E-02
 0.57000E+02, 0.22000E+02, 0.24012E+03, 0.32188E+00, 0.64452E-02
 0.58000E+02, 0.22000E+02, 0.48550E+03, 0.29723E+00, 0.10316E-01
 0.59000E+02, 0.22000E+02, 0.22000E+02, 0.30000E+02, 0.00000E+00
 0.60000E+02, 0.22000E+02, 0.79949E+03, 0.26911E+00, 0.16110E-01
 0.61000E+02, 0.22000E+02, 0.46862E+03, 0.39591E+00, 0.75727E-02
 0.62000E+02, 0.22000E+02, 0.38662E+03, 0.31206E+00, 0.85453E-02
 0.63000E+02, 0.22000E+02, 0.42996E+03, 0.22078E+00, 0.12872E-01
 0.64000E+02, 0.22000E+02, 0.45965E+03, 0.19177E+00, 0.15445E-01
 0.65000E+02, 0.22000E+02, 0.42555E+03, 0.20487E+00, 0.13784E-01
 0.00000E+00, 0.23000E+02, 0.47381E+02, 0.10961E+01, 0.11819E-02
 0.10000E+01, 0.23000E+02, 0.48374E+02, 0.10039E+01, 0.12945E-02
 0.20000E+01, 0.23000E+02, 0.54645E+02, 0.76680E+00, 0.17278E-02
 0.30000E+01, 0.23000E+02, 0.63854E+02, 0.57689E+00, 0.23611E-02
 0.40000E+01, 0.23000E+02, 0.65785E+02, 0.54223E+00, 0.25264E-02
 0.50000E+01, 0.23000E+02, 0.68535E+02, 0.50384E+00, 0.27410E-02
 0.60000E+01, 0.23000E+02, 0.71820E+02, 0.47104E+00, 0.29600E-02
 0.70000E+01, 0.23000E+02, 0.71153E+02, 0.46341E+00, 0.30030E-02
 0.80000E+01, 0.23000E+02, 0.22000E+02, 0.30000E+02, 0.00000E+00
 0.90000E+01, 0.23000E+02, 0.37654E+03, 0.15307E+00, 0.17155E-01
 0.10000E+02, 0.23000E+02, 0.40263E+03, 0.15185E+00, 0.17988E-01
 0.11000E+02, 0.23000E+02, 0.41691E+03, 0.12718E+00, 0.21931E-01
 0.12000E+02, 0.23000E+02, 0.40948E+03, 0.11906E+00, 0.23174E-01
 0.13000E+02, 0.23000E+02, 0.39226E+03, 0.12054E+00, 0.22311E-01
 0.14000E+02, 0.23000E+02, 0.39335E+03, 0.13546E+00, 0.19886E-01
 0.15000E+02, 0.23000E+02, 0.42646E+03, 0.16045E+00, 0.17624E-01
 0.16000E+02, 0.23000E+02, 0.44233E+03, 0.17058E+00, 0.16953E-01
 0.17000E+02, 0.23000E+02, 0.44660E+03, 0.19260E+00, 0.15104E-01
 0.18000E+02, 0.23000E+02, 0.45050E+03, 0.15778E+00, 0.18537E-01
 0.19000E+02, 0.23000E+02, 0.99506E+02, 0.45889E+00, 0.32823E-02
 0.20000E+02, 0.23000E+02, 0.70120E+02, 0.59188E+00, 0.23441E-02
 0.21000E+02, 0.23000E+02, 0.71768E+02, 0.57807E+00, 0.24117E-02
 0.22000E+02, 0.23000E+02, 0.85914E+02, 0.43647E+00, 0.33250E-02
 0.23000E+02, 0.23000E+02, 0.87118E+02, 0.41537E+00, 0.35056E-02
 0.24000E+02, 0.23000E+02, 0.78280E+02, 0.44498E+00, 0.31921E-02
 0.25000E+02, 0.23000E+02, 0.84159E+02, 0.41161E+00, 0.35086E-02
 0.26000E+02, 0.23000E+02, 0.89799E+02, 0.38003E+00, 0.38602E-02
 0.27000E+02, 0.23000E+02, 0.98932E+02, 0.32531E+00, 0.46229E-02
 0.28000E+02, 0.23000E+02, 0.97869E+02, 0.30707E+00, 0.48835E-02
 0.29000E+02, 0.23000E+02, 0.10103E+03, 0.26219E+00, 0.57683E-02
 0.30000E+02, 0.23000E+02, 0.33270E+02, 0.19807E+01, 0.62527E-03
 0.31000E+02, 0.23000E+02, 0.33956E+02, 0.18513E+01, 0.67047E-03
 0.32000E+02, 0.23000E+02, 0.32467E+02, 0.22260E+01, 0.55493E-03
 0.33000E+02, 0.23000E+02, 0.32121E+02, 0.22726E+01, 0.54292E-03
 0.34000E+02, 0.23000E+02, 0.27797E+02, 0.42407E+01, 0.28684E-03
 0.35000E+02, 0.23000E+02, 0.26867E+02, 0.53353E+01, 0.22728E-03
 0.36000E+02, 0.23000E+02, 0.29879E+02, 0.29648E+01, 0.41311E-03
 0.37000E+02, 0.23000E+02, 0.30398E+02, 0.27337E+01, 0.44881E-03
 0.38000E+02, 0.23000E+02, 0.34016E+02, 0.19289E+01, 0.64362E-03
 0.39000E+02, 0.23000E+02, 0.36360E+02, 0.16935E+01, 0.73868E-03
 0.40000E+02, 0.23000E+02, 0.38964E+02, 0.14431E+01, 0.87418E-03
 0.41000E+02, 0.23000E+02, 0.40834E+02, 0.12913E+01, 0.98279E-03
 0.42000E+02, 0.23000E+02, 0.45354E+02, 0.10888E+01, 0.11824E-02
 0.43000E+02, 0.23000E+02, 0.53802E+02, 0.84095E+00, 0.15714E-02
 0.44000E+02, 0.23000E+02, 0.41828E+02, 0.14255E+01, 0.89310E-03
 0.45000E+02, 0.23000E+02, 0.47667E+02, 0.12634E+01, 0.10264E-02
 0.46000E+02, 0.23000E+02, 0.41461E+02, 0.17999E+01, 0.70650E-03
 0.47000E+02, 0.23000E+02, 0.43352E+02, 0.16238E+01, 0.78783E-03
 0.48000E+02, 0.23000E+02, 0.22299E+03, 0.27002E+00, 0.74266E-02
 0.49000E+02, 0.23000E+02, 0.21605E+03, 0.27109E+00, 0.72936E-02
 0.50000E+02, 0.23000E+02, 0.21681E+03, 0.27279E+00, 0.72596E-02
 0.51000E+02, 0.23000E+02, 0.21441E+03, 0.27594E+00, 0.71415E-02
 0.52000E+02, 0.23000E+02, 0.21637E+03, 0.27412E+00, 0.72180E-02
 0.53000E+02, 0.23000E+02, 0.23677E+03, 0.27477E+00, 0.75009E-02
 0.54000E+02, 0.23000E+02, 0.23753E+03, 0.28979E+00, 0.71227E-02
 0.55000E+02, 0.23000E+02, 0.27489E+03, 0.29646E+00, 0.74719E-02
 0.56000E+02, 0.23000E+02, 0.27179E+03, 0.32030E+00, 0.68765E-02
 0.57000E+02, 0.23000E+02, 0.22908E+03, 0.37060E+00, 0.54773E-02
 0.58000E+02, 0.23000E+02, 0.34294E+03, 0.34326E+00, 0.72544E-02
 0.59000E+02, 0.23000E+02, 0.22000E+02, 0.30000E+02, 0.00000E+00
 0.60000E+02, 0.23000E+02, 0.60395E+03, 0.34088E+00, 0.10400E-01
 0.61000E+02, 0.23000E+02, 0.52522E+03, 0.33805E+00, 0.95456E-02
 0.62000E+02, 0.23000E+02, 0.41241E+03, 0.31188E+00, 0.88846E-02
 0.63000E+02, 0.23000E+02, 0.35400E+03, 0.34453E+00, 0.73573E-02
 0.64000E+02, 0.23000E+02, 0.36264E+03, 0.31218E+00, 0.82317E-02
 0.65000E+02, 0.23000E+02, 0.39118E+03, 0.23286E+00, 0.11531E-01
 0.00000E+00, 0.24000E+02, 0.48687E+02, 0.10523E+01, 0.12361E-02
 0.10000E+01, 0.24000E+02, 0.48560E+02, 0.10190E+01, 0.12760E-02
 0.20000E+01, 0.24000E+02, 0.48995E+02, 0.99404E+00, 0.13099E-02
 0.30000E+01, 0.24000E+02, 0.52951E+02, 0.82392E+00, 0.15997E-02
 0.40000E+01, 0.24000E+02, 0.59317E+02, 0.65916E+00, 0.20386E-02
 0.50000E+01, 0.24000E+02, 0.65311E+02, 0.55984E+00, 0.24436E-02
 0.60000E+01, 0.24000E+02, 0.70868E+02, 0.48483E+00, 0.28679E-02
 0.70000E+01, 0.24000E+02, 0.69112E+02, 0.48984E+00, 0.28241E-02
 0.80000E+01, 0.24000E+02, 0.22000E+02, 0.30000E+02, 0.00000E+00
 0.90000E+01, 0.24000E+02, 0.38916E+03, 0.15669E+00, 0.17084E-01
 0.10000E+02, 0.24000E+02, 0.41559E+03, 0.15096E+00, 0.18441E-01
 0.11000E+02, 0.24000E+02, 0.42507E+03, 0.13257E+00, 0.21288E-01
 0.12000E+02, 0.24000E+02, 0.44189E+03, 0.12833E+00, 0.22521E-01
 0.13000E+02, 0.24000E+02, 0.41418E+03, 0.12797E+00, 0.21709E-01
 0.14000E+02, 0.24000E+02, 0.40237E+03, 0.14009E+00, 0.19491E-01
 0.15000E+02, 0.24000E+02, 0.46551E+03, 0.16544E+00, 0.18046E-01
 0.16000E+02, 0.24000E+02, 0.39981E+03, 0.19071E+00, 0.14263E-01
 0.17000E+02, 0.24000E+02, 0.42655E+03, 0.21482E+00, 0.13165E-01
 0.18000E+02, 0.24000E+02, 0.46772E+03, 0.15615E+00, 0.19176E-01
 0.19000E+02, 0.24000E+02, 0.76506E+02, 0.55279E+00, 0.25566E-02
 0.20000E+02, 0.24000E+02, 0.71711E+02, 0.54972E+00, 0.25356E-02
 0.21000E+02, 0.24000E+02, 0.75932E+02, 0.51672E+00, 0.27306E-02
 0.22000E+02, 0.24000E+02, 0.77285E+02, 0.51263E+00, 0.27630E-02
 0.23000E+02, 0.24000E+02, 0.79108E+02, 0.49674E+00, 0.28662E-02
 0.24000E+02, 0.24000E+02, 0.79192E+02, 0.47091E+00, 0.30241E-02
 0.25000E+02, 0.24000E+02, 0.80214E+02, 0.44288E+00, 0.32249E-02
 0.26000E+02, 0.24000E+02, 0.80939E+02, 0.43891E+00, 0.32607E-02
 0.27000E+02, 0.24000E+02, 0.88567E+02, 0.38600E+00, 0.37875E-02
 0.28000E+02, 0.24000E+02, 0.90883E+02, 0.35003E+00, 0.42035E-02
 0.29000E+02, 0.24000E+02, 0.91785E+02, 0.31074E+00, 0.47468E-02
 0.30000E+02, 0.24000E+02, 0.35409E+02, 0.16104E+01, 0.77443E-03
 0.31000E+02, 0.24000E+02, 0.35357E+02, 0.16402E+01, 0.76022E-03
 0.32000E+02, 0.24000E+02, 0.32063E+02, 0.22810E+01, 0.54082E-03
 0.33000E+02, 0.24000E+02, 0.31894E+02, 0.22921E+01, 0.53790E-03
 0.34000E+02, 0.24000E+02, 0.26685E+02, 0.52624E+01, 0.23029E-03
 0.35000E+02, 0.24000E+02, 0.26864E+02, 0.51639E+01, 0.23482E-03
 0.36000E+02, 0.24000E+02, 0.30208E+02, 0.27945E+01, 0.43875E-03
 0.37000E+02, 0.24000E+02, 0.33283E+02, 0.19825E+01, 0.62473E-03
 0.38000E+02, 0.24000E+02, 0.38166E+02, 0.14120E+01, 0.89116E-03
 0.39000E+02, 0.24000E+02, 0.40585E+02, 0.12881E+01, 0.98446E-03
 0.40000E+02, 0.24000E+02, 0.43117E+02, 0.11781E+01, 0.10850E-02
 0.41000E+02, 0.24000E+02, 0.43922E+02, 0.11818E+01, 0.10844E-02
 0.42000E+02, 0.24000E+02, 0.45582E+02, 0.11218E+01, 0.11483E-02
 0.43000E+02, 0.24000E+02, 0.47768E+02, 0.10489E+01, 0.12366E-02
 0.44000E+02, 0.24000E+02, 0.43550E+02, 0.13010E+01, 0.98389E-03
 0.45000E+02, 0.24000E+02, 0.46857E+02, 0.12414E+01, 0.10419E-02
 0.46000E+02, 0.24000E+02, 0.46147E+02, 0.13472E+01, 0.95795E-03
 0.47000E+02, 0.24000E+02, 0.45859E+02, 0.13803E+01, 0.93411E-03
 0.48000E+02, 0.24000E+02, 0.21515E+03, 0.26244E+00, 0.75201E-02
 0.49000E+02, 0.24000E+02, 0.21528E+03, 0.26875E+00, 0.73456E-02
 0.50000E+02, 0.24000E+02, 0.22024E+03, 0.27704E+00, 0.71984E-02
 0.51000E+02, 0.24000E+02, 0.22534E+03, 0.27876E+00, 0.72277E-02
 0.52000E+02, 0.24000E+02, 0.23122E+03, 0.28997E+00, 0.70303E-02
 0.53000E+02, 0.24000E+02, 0.24381E+03, 0.29000E+00, 0.72050E-02
 0.54000E+02, 0.24000E+02, 0.24504E+03, 0.29932E+00, 0.69972E-02
 0.55000E+02, 0.24000E+02, 0.23632E+03, 0.30364E+00, 0.67816E-02
 0.56000E+02, 0.24000E+02, 0.22266E+03, 0.32163E+00, 0.62308E-02
 0.57000E+02, 0.24000E+02, 0.24383E+03, 0.34422E+00, 0.60705E-02
 0.58000E+02, 0.24000E+02, 0.87972E+03, 0.21667E+00, 0.21506E-01
 0.59000E+02, 0.24000E+02, 0.22000E+02, 0.30000E+02, 0.00000E+00
 0.60000E+02, 0.24000E+02, 0.54635E+03, 0.28272E+00, 0.11716E-01
 0.61000E+02, 0.24000E+02, 0.50607E+03, 0.27363E+00, 0.11510E-01
 0.62000E+02, 0.24000E+02, 0.40803E+03, 0.26990E+00, 0.10201E-01
 0.63000E+02, 0.24000E+02, 0.34518E+03, 0.32498E+00, 0.76902E-02
 0.64000E+02, 0.24000E+02, 0.33096E+03, 0.37979E+00, 0.64291E-02
 0.65000E+02, 0.24000E+02, 0.34611E+03, 0.31003E+00, 0.80732E-02
 0.00000E+00, 0.25000E+02, 0.45076E+02, 0.11386E+01, 0.11297E-02
 0.10000E+01, 0.25000E+02, 0.50200E+02, 0.93611E+00, 0.13961E-02
 0.20000E+01, 0.25000E+02, 0.51066E+02, 0.91053E+00, 0.14392E-02
 0.30000E+01, 0.25000E+02, 0.50181E+02, 0.92845E+00, 0.14076E-02
 0.40000E+01, 0.25000E+02, 0.52637E+02, 0.84040E+00, 0.15668E-02
 0.50000E+01, 0.25000E+02, 0.53576E+02, 0.81631E+00, 0.16177E-02
 0.60000E+01, 0.25000E+02, 0.54493E+02, 0.76924E+00, 0.17215E-02
 0.70000E+01, 0.25000E+02, 0.57928E+02, 0.67561E+00, 0.19807E-02
 0.80000E+01, 0.25000E+02, 0.22000E+02, 0.30000E+02, 0.00000E+00
 0.90000E+01, 0.25000E+02, 0.41205E+03, 0.16593E+00, 0.16690E-01
 0.10000E+02, 0.25000E+02, 0.42430E+03, 0.16845E+00, 0.16735E-01
 0.11000E+02, 0.25000E+02, 0.41387E+03, 0.14956E+00, 0.18567E-01
 0.12000E+02, 0.25000E+02, 0.40039E+03, 0.13101E+00, 0.20779E-01
 0.13000E+02, 0.25000E+02, 0.37083E+03, 0.14031E+00, 0.18550E-01
 0.14000E+02, 0.25000E+02, 0.50063E+03, 0.14581E+00, 0.21449E-01
 0.15000E+02, 0.25000E+02, 0.51544E+03, 0.18410E+00, 0.17313E-01
 0.16000E+02, 0.25000E+02, 0.50076E+03, 0.19542E+00, 0.16007E-01
 0.17000E+02, 0.25000E+02, 0.45247E+03, 0.19618E+00, 0.14950E-01
 0.18000E+02, 0.25000E+02, 0.45967E+03, 0.19059E+00, 0.15541E-01
 0.19000E+02, 0.25000E+02, 0.67149E+02, 0.58619E+00, 0.23464E-02
 0.20000E+02, 0.25000E+02, 0.67656E+02, 0.56190E+00, 0.24515E-02
 0.21000E+02, 0.25000E+02, 0.66266E+02, 0.56648E+00, 0.24217E-02
 0.22000E+02, 0.25000E+02, 0.69448E+02, 0.55168E+00, 0.25100E-02
 0.23000E+02, 0.25000E+02, 0.81302E+02, 0.47228E+00, 0.30334E-02
 0.24000E+02, 0.25000E+02, 0.86160E+02, 0.44973E+00, 0.32292E-02
 0.25000E+02, 0.25000E+02, 0.87810E+02, 0.43996E+00, 0.33160E-02
 0.26000E+02, 0.25000E+02, 0.84784E+02, 0.42056E+00, 0.34399E-02
 0.27000E+02, 0.25000E+02, 0.81774E+02, 0.43312E+00, 0.33121E-02
 0.28000E+02, 0.25000E+02, 0.80565E+02, 0.40253E+00, 0.35517E-02
 0.29000E+02, 0.25000E+02, 0.84832E+02, 0.35003E+00, 0.41336E-02
 0.30000E+02, 0.25000E+02, 0.36627E+02, 0.14596E+01, 0.85781E-03
 0.31000E+02, 0.25000E+02, 0.34401E+02, 0.17283E+01, 0.71925E-03
 0.32000E+02, 0.25000E+02, 0.32778E+02, 0.20617E+01, 0.59975E-03
 0.33000E+02, 0.25000E+02, 0.30263E+02, 0.26967E+01, 0.45476E-03
 0.34000E+02, 0.25000E+02, 0.28398E+02, 0.35294E+01, 0.34533E-03
 0.35000E+02, 0.25000E+02, 0.29572E+02, 0.30236E+01, 0.40467E-03
 0.36000E+02, 0.25000E+02, 0.31948E+02, 0.22047E+01, 0.55933E-03
 0.37000E+02, 0.25000E+02, 0.36902E+02, 0.14877E+01, 0.84236E-03
 0.38000E+02, 0.25000E+02, 0.46042E+02, 0.97996E+00, 0.13165E-02
 0.39000E+02, 0.25000E+02, 0.46412E+02, 0.99977E+00, 0.12919E-02
 0.40000E+02, 0.25000E+02, 0.44273E+02, 0.11347E+01, 0.11306E-02
 0.41000E+02, 0.25000E+02, 0.45219E+02, 0.11267E+01, 0.11421E-02
 0.42000E+02, 0.25000E+02, 0.48265E+02, 0.11715E+01, 0.11089E-02
 0.43000E+02, 0.25000E+02, 0.49965E+02, 0.11524E+01, 0.11333E-02
 0.44000E+02, 0.25000E+02, 0.48662E+02, 0.12010E+01, 0.10830E-02
 0.45000E+02, 0.25000E+02, 0.47875E+02, 0.12547E+01, 0.10341E-02
 0.46000E+02, 0.25000E+02, 0.52135E+02, 0.10674E+01, 0.12317E-02
 0.47000E+02, 0.25000E+02, 0.51436E+02, 0.10787E+01, 0.12162E-02
 0.48000E+02, 0.25000E+02, 0.22412E+03, 0.26936E+00, 0.74616E-02
 0.49000E+02, 0.25000E+02, 0.22478E+03, 0.28098E+00, 0.71626E-02
 0.50000E+02, 0.25000E+02, 0.23128E+03, 0.28767E+00, 0.70874E-02
 0.51000E+02, 0.25000E+02, 0.23975E+03, 0.28866E+00, 0.71816E-02
 0.52000E+02, 0.25000E+02, 0.24324E+03, 0.29396E+00, 0.71002E-02
 0.53000E+02, 0.25000E+02, 0.24850E+03, 0.29411E+00, 0.71688E-02
 0.54000E+02, 0.25000E+02, 0.24612E+03, 0.30646E+00, 0.68486E-02
 0.55000E+02, 0.25000E+02, 0.25643E+03, 0.30995E+00, 0.69057E-02
 0.56000E+02, 0.25000E+02, 0.27486E+03, 0.31566E+00, 0.70170E-02
 0.57000E+02, 0.25000E+02, 0.27469E+03, 0.35387E+00, 0.62574E-02
 0.58000E+02, 0.25000E+02, 0.24035E+03, 0.38605E+00, 0.53761E-02
 0.59000E+02, 0.25000E+02, 0.22000E+02, 0.30000E+02, 0.00000E+00
 0.60000E+02, 0.25000E+02, 0.46701E+03, 0.23824E+00, 0.12557E-01
 0.61000E+02, 0.25000E+02, 0.42838E+03, 0.24245E+00, 0.11695E-01
 0.62000E+02, 0.25000E+02, 0.36594E+03, 0.24597E+00, 0.10502E-01
 0.63000E+02, 0.25000E+02, 0.34800E+03, 0.26861E+00, 0.93464E-02
 0.64000E+02, 0.25000E+02, 0.33828E+03, 0.26086E+00, 0.94736E-02
 0.65000E+02, 0.25000E+02, 0.35905E+03, 0.23728E+00, 0.10769E-01
 0.00000E+00, 0.26000E+02, 0.85612E+03, 0.13662E+00, 0.33409E-01
 0.10000E+01, 0.26000E+02, 0.76848E+03, 0.13934E+00, 0.30215E-01
 0.20000E+01, 0.26000E+02, 0.68352E+03, 0.12528E+00, 0.30864E-01
 0.30000E+01, 0.26000E+02, 0.66237E+03, 0.14687E+00, 0.25745E-01
 0.40000E+01, 0.26000E+02, 0.64674E+03, 0.13940E+00, 0.26671E-01
 0.50000E+01, 0.26000E+02, 0.62179E+03, 0.12385E+00, 0.29206E-01
 0.60000E+01, 0.26000E+02, 0.57563E+03, 0.12177E+00, 0.28172E-01
 0.70000E+01, 0.26000E+02, 0.22000E+02, 0.30000E+02, 0.00000E+00
 0.80000E+01, 0.26000E+02, 0.42086E+03, 0.16391E+00, 0.17114E-01
 0.90000E+01, 0.26000E+02, 0.41427E+03, 0.16682E+00, 0.16655E-01
 0.10000E+02, 0.26000E+02, 0.43894E+03, 0.17184E+00, 0.16749E-01
 0.11000E+02, 0.26000E+02, 0.45386E+03, 0.16954E+00, 0.17332E-01
 0.12000E+02, 0.26000E+02, 0.46213E+03, 0.16154E+00, 0.18397E-01
 0.13000E+02, 0.26000E+02, 0.54892E+03, 0.14207E+00, 0.23387E-01
 0.14000E+02, 0.26000E+02, 0.55828E+03, 0.16603E+00, 0.20240E-01
 0.15000E+02, 0.26000E+02, 0.47804E+03, 0.20232E+00, 0.15007E-01
 0.16000E+02, 0.26000E+02, 0.44741E+03, 0.23774E+00, 0.12250E-01
 0.17000E+02, 0.26000E+02, 0.46794E+03, 0.21506E+00, 0.13928E-01
 0.18000E+02, 0.26000E+02, 0.42803E+03, 0.19829E+00, 0.14293E-01
 0.19000E+02, 0.26000E+02, 0.67862E+02, 0.56291E+00, 0.24485E-02
 0.20000E+02, 0.26000E+02, 0.63061E+02, 0.58034E+00, 0.23416E-02
 0.21000E+02, 0.26000E+02, 0.64924E+02, 0.56909E+00, 0.24011E-02
 0.22000E+02, 0.26000E+02, 0.78566E+02, 0.47395E+00, 0.29994E-02
 0.23000E+02, 0.26000E+02, 0.74350E+02, 0.51735E+00, 0.27149E-02
 0.24000E+02, 0.26000E+02, 0.92044E+02, 0.40305E+00, 0.36622E-02
 0.25000E+02, 0.26000E+02, 0.99792E+02, 0.36635E+00, 0.41146E-02
 0.26000E+02, 0.26000E+02, 0.89645E+02, 0.37997E+00, 0.38592E-02
 0.27000E+02, 0.26000E+02, 0.86173E+02, 0.37536E+00, 0.38691E-02
 0.28000E+02, 0.26000E+02, 0.78477E+02, 0.39677E+00, 0.35819E-02
 0.29000E+02, 0.26000E+02, 0.80837E+02, 0.35159E+00, 0.40694E-02
 0.30000E+02, 0.26000E+02, 0.38042E+02, 0.12709E+01, 0.98969E-03
 0.31000E+02, 0.26000E+02, 0.33111E+02, 0.19373E+01, 0.63895E-03
 0.32000E+02, 0.26000E+02, 0.33474E+02, 0.19140E+01, 0.64750E-03
 0.33000E+02, 0.26000E+02, 0.32178E+02, 0.21308E+01, 0.57917E-03
 0.34000E+02, 0.26000E+02, 0.34183E+02, 0.17848E+01, 0.69600E-03
 0.35000E+02, 0.26000E+02, 0.35122E+02, 0.16678E+01, 0.74707E-03
 0.36000E+02, 0.26000E+02, 0.40270E+02, 0.12643E+01, 0.10020E-02
 0.37000E+02, 0.26000E+02, 0.40005E+02, 0.12244E+01, 0.10338E-02
 0.38000E+02, 0.26000E+02, 0.50087E+02, 0.88657E+00, 0.14736E-02
 0.39000E+02, 0.26000E+02, 0.50009E+02, 0.93620E+00, 0.13952E-02
 0.40000E+02, 0.26000E+02, 0.49248E+02, 0.97870E+00, 0.13314E-02
 0.41000E+02, 0.26000E+02, 0.52776E+02, 0.91754E+00, 0.14357E-02
 0.42000E+02, 0.26000E+02, 0.51647E+02, 0.10172E+01, 0.12906E-02
 0.43000E+02, 0.26000E+02, 0.54934E+02, 0.93901E+00, 0.14122E-02
 0.44000E+02, 0.26000E+02, 0.52992E+02, 0.10372E+01, 0.12709E-02
 0.45000E+02, 0.26000E+02, 0.59992E+02, 0.82115E+00, 0.16398E-02
 0.46000E+02, 0.26000E+02, 0.59157E+02, 0.83974E+00, 0.15995E-02
 0.47000E+02, 0.26000E+02, 0.54028E+02, 0.98041E+00, 0.13488E-02
 0.48000E+02, 0.26000E+02, 0.22583E+03, 0.27363E+00, 0.73705E-02
 0.49000E+02, 0.26000E+02, 0.23038E+03, 0.27075E+00, 0.75167E-02
 0.50000E+02, 0.26000E+02, 0.24001E+03, 0.27903E+00, 0.74333E-02
 0.51000E+02, 0.26000E+02, 0.25820E+03, 0.28311E+00, 0.75859E-02
 0.52000E+02, 0.26000E+02, 0.28391E+03, 0.26119E+00, 0.86202E-02
 0.53000E+02, 0.26000E+02, 0.28586E+03, 0.25493E+00, 0.88628E-02
 0.54000E+02, 0.26000E+02, 0.29171E+03, 0.25495E+00, 0.89550E-02
 0.55000E+02, 0.26000E+02, 0.30266E+03, 0.24640E+00, 0.94454E-02
 0.56000E+02, 0.26000E+02, 0.27850E+03, 0.28189E+00, 0.79097E-02
 0.57000E+02, 0.26000E+02, 0.30913E+03, 0.23868E+00, 0.98605E-02
 0.58000E+02, 0.26000E+02, 0.29003E+03, 0.24192E+00, 0.94090E-02
 0.59000E+02, 0.26000E+02, 0.22000E+02, 0.30000E+02, 0.00000E+00
 0.60000E+02, 0.26000E+02, 0.42235E+03, 0.21472E+00, 0.13092E-01
 0.61000E+02, 0.26000E+02, 0.40340E+03, 0.22021E+00, 0.12418E-01
 0.62000E+02, 0.26000E+02, 0.35927E+03, 0.23247E+00, 0.10995E-01
 0.63000E+02, 0.26000E+02, 0.34868E+03, 0.23933E+00, 0.10502E-01
 0.64000E+02, 0.26000E+02, 0.34570E+03, 0.23355E+00, 0.10710E-01
 0.65000E+02, 0.26000E+02, 0.36359E+03, 0.20904E+00, 0.12311E-01
 0.00000E+00, 0.27000E+02, 0.85383E+03, 0.13564E+00, 0.33582E-01
 0.10000E+01, 0.27000E+02, 0.77856E+03, 0.13330E+00, 0.31889E-01
 0.20000E+01, 0.27000E+02, 0.74104E+03, 0.13144E+00, 0.31188E-01
 0.30000E+01, 0.27000E+02, 0.66996E+03, 0.15289E+00, 0.24932E-01
 0.40000E+01, 0.27000E+02, 0.61621E+03, 0.13654E+00, 0.26326E-01
 0.50000E+01, 0.27000E+02, 0.62156E+03, 0.12859E+00, 0.28123E-01
 0.60000E+01, 0.27000E+02, 0.63041E+03, 0.12031E+00, 0.30355E-01
 0.70000E+01, 0.27000E+02, 0.22000E+02, 0.30000E+02, 0.00000E+00
 0.80000E+01, 0.27000E+02, 0.42509E+03, 0.16002E+00, 0.17636E-01
 0.90000E+01, 0.27000E+02, 0.38814E+03, 0.15604E+00, 0.17129E-01
 0.10000E+02, 0.27000E+02, 0.42178E+03, 0.17102E+00, 0.16424E-01
 0.11000E+02, 0.27000E+02, 0.47266E+03, 0.16939E+00, 0.17796E-01
 0.12000E+02, 0.27000E+02, 0.43968E+03, 0.17440E+00, 0.16520E-01
 0.13000E+02, 0.27000E+02, 0.55675E+03, 0.15057E+00, 0.22278E-01
 0.14000E+02, 0.27000E+02, 0.60361E+03, 0.17246E+00, 0.20548E-01
 0.15000E+02, 0.27000E+02, 0.45337E+03, 0.21555E+00, 0.13623E-01
 0.16000E+02, 0.27000E+02, 0.46538E+03, 0.26469E+00, 0.11278E-01
 0.17000E+02, 0.27000E+02, 0.40638E+03, 0.24522E+00, 0.11200E-01
 0.18000E+02, 0.27000E+02, 0.38202E+03, 0.22950E+00, 0.11538E-01
 0.19000E+02, 0.27000E+02, 0.46009E+03, 0.16629E+00, 0.17822E-01
 0.20000E+02, 0.27000E+02, 0.49399E+03, 0.16188E+00, 0.19154E-01
 0.21000E+02, 0.27000E+02, 0.51727E+03, 0.14940E+00, 0.21384E-01
 0.22000E+02, 0.27000E+02, 0.53876E+03, 0.12823E+00, 0.25591E-01
 0.23000E+02, 0.27000E+02, 0.54679E+03, 0.11858E+00, 0.27949E-01
 0.24000E+02, 0.27000E+02, 0.54616E+03, 0.11565E+00, 0.28634E-01
 0.25000E+02, 0.27000E+02, 0.54258E+03, 0.10673E+00, 0.30891E-01
 0.26000E+02, 0.27000E+02, 0.52896E+03, 0.10770E+00, 0.30101E-01
 0.27000E+02, 0.27000E+02, 0.51560E+03, 0.10145E+00, 0.31424E-01
 0.28000E+02, 0.27000E+02, 0.48254E+03, 0.95706E-01, 0.31914E-01
 0.29000E+02, 0.27000E+02, 0.42821E+03, 0.89414E-01, 0.31704E-01
 0.30000E+02, 0.27000E+02, 0.24234E+03, 0.19472E+00, 0.10700E-01
 0.31000E+02, 0.27000E+02, 0.26712E+03, 0.21185E+00, 0.10308E-01
 0.32000E+02, 0.27000E+02, 0.30131E+03, 0.23422E+00, 0.99133E-02
 0.33000E+02, 0.27000E+02, 0.30262E+03, 0.23597E+00, 0.98621E-02
 0.34000E+02, 0.27000E+02, 0.30922E+03, 0.23379E+00, 0.10068E-01
 0.35000E+02, 0.27000E+02, 0.32191E+03, 0.23205E+00, 0.10365E-01
 0.36000E+02, 0.27000E+02, 0.31250E+03, 0.23522E+00, 0.10064E-01
 0.37000E+02, 0.27000E+02, 0.31484E+03, 0.23793E+00, 0.99886E-02
 0.38000E+02, 0.27000E+02, 0.30563E+03, 0.24754E+00, 0.94501E-02
 0.39000E+02, 0.27000E+02, 0.30762E+03, 0.25056E+00, 0.93687E-02
 0.40000E+02, 0.27000E+02, 0.30470E+03, 0.24764E+00, 0.94314E-02
 0.41000E+02, 0.27000E+02, 0.29747E+03, 0.24221E+00, 0.95222E-02
 0.42000E+02, 0.27000E+02, 0.29240E+03, 0.23358E+00, 0.97861E-02
 0.43000E+02, 0.27000E+02, 0.29191E+03, 0.23192E+00, 0.98477E-02
 0.44000E+02, 0.27000E+02, 0.29634E+03, 0.22371E+00, 0.10289E-01
 0.45000E+02, 0.27000E+02, 0.30208E+03, 0.20895E+00, 0.11127E-01
 0.46000E+02, 0.27000E+02, 0.29885E+03, 0.20710E+00, 0.11163E-01
 0.47000E+02, 0.27000E+02, 0.26470E+03, 0.23652E+00, 0.91911E-02
 0.48000E+02, 0.27000E+02, 0.24222E+03, 0.25246E+00, 0.82509E-02
 0.49000E+02, 0.27000E+02, 0.24905E+03, 0.26214E+00, 0.80516E-02
 0.50000E+02, 0.27000E+02, 0.25525E+03, 0.28167E+00, 0.75822E-02
 0.51000E+02, 0.27000E+02, 0.25256E+03, 0.26688E+00, 0.79616E-02
 0.52000E+02, 0.27000E+02, 0.25073E+03, 0.26551E+00, 0.79749E-02
 0.53000E+02, 0.27000E+02, 0.25181E+03, 0.27111E+00, 0.78265E-02
 0.54000E+02, 0.27000E+02, 0.24747E+03, 0.30786E+00, 0.68350E-02
 0.55000E+02, 0.27000E+02, 0.25482E+03, 0.40700E+00, 0.52432E-02
 0.56000E+02, 0.27000E+02, 0.25217E+03, 0.41579E+00, 0.51065E-02
 0.57000E+02, 0.27000E+02, 0.24687E+03, 0.41959E+00, 0.50093E-02
 0.58000E+02, 0.27000E+02, 0.23991E+03, 0.40984E+00, 0.50598E-02
 0.59000E+02, 0.27000E+02, 0.22000E+02, 0.30000E+02, 0.00000E+00
 0.60000E+02, 0.27000E+02, 0.39318E+03, 0.19896E+00, 0.13536E-01
 0.61000E+02, 0.27000E+02, 0.40373E+03, 0.20492E+00, 0.13351E-01
 0.62000E+02, 0.27000E+02, 0.36218E+03, 0.22913E+00, 0.11207E-01
 0.63000E+02, 0.27000E+02, 0.34379E+03, 0.23569E+00, 0.10580E-01
 0.64000E+02, 0.27000E+02, 0.35301E+03, 0.21774E+00, 0.11623E-01
 0.65000E+02, 0.27000E+02, 0.35147E+03, 0.20571E+00, 0.12273E-01
 0.00000E+00, 0.28000E+02, 0.79969E+03, 0.12692E+00, 0.34165E-01
 0.10000E+01, 0.28000E+02, 0.75562E+03, 0.12715E+00, 0.32702E-01
 0.20000E+01, 0.28000E+02, 0.70830E+03, 0.11917E+00, 0.33287E-01
 0.30000E+01, 0.28000E+02, 0.72285E+03, 0.16174E+00, 0.24890E-01
 0.40000E+01, 0.28000E+02, 0.66074E+03, 0.14312E+00, 0.26374E-01
 0.50000E+01, 0.28000E+02, 0.73124E+03, 0.14484E+00, 0.28027E-01
 0.60000E+01, 0.28000E+02, 0.75443E+03, 0.12602E+00, 0.32959E-01
 0.70000E+01, 0.28000E+02, 0.81669E+03, 0.13659E+00, 0.32249E-01
 0.80000E+01, 0.28000E+02, 0.22000E+02, 0.30000E+02, 0.00000E+00
 0.90000E+01, 0.28000E+02, 0.56644E+03, 0.16909E+00, 0.20069E-01
 0.10000E+02, 0.28000E+02, 0.39098E+03, 0.17649E+00, 0.15209E-01
 0.11000E+02, 0.28000E+02, 0.49810E+03, 0.16575E+00, 0.18807E-01
 0.12000E+02, 0.28000E+02, 0.44364E+03, 0.17353E+00, 0.16695E-01
 0.13000E+02, 0.28000E+02, 0.52769E+03, 0.16608E+00, 0.19489E-01
 0.14000E+02, 0.28000E+02, 0.60024E+03, 0.18812E+00, 0.18765E-01
 0.15000E+02, 0.28000E+02, 0.64890E+03, 0.18630E+00, 0.20005E-01
 0.16000E+02, 0.28000E+02, 0.53294E+03, 0.26788E+00, 0.12162E-01
 0.17000E+02, 0.28000E+02, 0.40712E+03, 0.24414E+00, 0.11262E-01
 0.18000E+02, 0.28000E+02, 0.40450E+03, 0.23198E+00, 0.11807E-01
 0.19000E+02, 0.28000E+02, 0.43924E+03, 0.21024E+00, 0.13696E-01
 0.20000E+02, 0.28000E+02, 0.43139E+03, 0.20715E+00, 0.13747E-01
 0.21000E+02, 0.28000E+02, 0.41211E+03, 0.18447E+00, 0.15015E-01
 0.22000E+02, 0.28000E+02, 0.40142E+03, 0.17714E+00, 0.15392E-01
 0.23000E+02, 0.28000E+02, 0.43539E+03, 0.19278E+00, 0.14855E-01
 0.24000E+02, 0.28000E+02, 0.43160E+03, 0.16465E+00, 0.17301E-01
 0.25000E+02, 0.28000E+02, 0.46289E+03, 0.14323E+00, 0.20770E-01
 0.26000E+02, 0.28000E+02, 0.47069E+03, 0.12224E+00, 0.24596E-01
 0.27000E+02, 0.28000E+02, 0.44001E+03, 0.11974E+00, 0.24073E-01
 0.28000E+02, 0.28000E+02, 0.41535E+03, 0.10340E+00, 0.26913E-01
 0.29000E+02, 0.28000E+02, 0.38941E+03, 0.90677E-01, 0.29533E-01
 0.30000E+02, 0.28000E+02, 0.25474E+03, 0.20294E+00, 0.10514E-01
 0.31000E+02, 0.28000E+02, 0.26453E+03, 0.21373E+00, 0.10168E-01
 0.32000E+02, 0.28000E+02, 0.28589E+03, 0.22441E+00, 0.10069E-01
 0.33000E+02, 0.28000E+02, 0.28680E+03, 0.22884E+00, 0.98901E-02
 0.34000E+02, 0.28000E+02, 0.29255E+03, 0.23552E+00, 0.97079E-02
 0.35000E+02, 0.28000E+02, 0.28114E+03, 0.24171E+00, 0.92687E-02
 0.36000E+02, 0.28000E+02, 0.25962E+03, 0.26312E+00, 0.81841E-02
 0.37000E+02, 0.28000E+02, 0.24927E+03, 0.27270E+00, 0.77430E-02
 0.38000E+02, 0.28000E+02, 0.25905E+03, 0.25995E+00, 0.82749E-02
 0.39000E+02, 0.28000E+02, 0.28138E+03, 0.24565E+00, 0.91242E-02
 0.40000E+02, 0.28000E+02, 0.27333E+03, 0.24915E+00, 0.88653E-02
 0.41000E+02, 0.28000E+02, 0.26238E+03, 0.25225E+00, 0.85808E-02
 0.42000E+02, 0.28000E+02, 0.25925E+03, 0.25220E+00, 0.85323E-02
 0.43000E+02, 0.28000E+02, 0.27881E+03, 0.24584E+00, 0.90746E-02
 0.44000E+02, 0.28000E+02, 0.25621E+03, 0.26472E+00, 0.80824E-02
 0.45000E+02, 0.28000E+02, 0.25232E+03, 0.26106E+00, 0.81356E-02
 0.46000E+02, 0.28000E+02, 0.26030E+03, 0.25370E+00, 0.84988E-02
 0.47000E+02, 0.28000E+02, 0.26510E+03, 0.24593E+00, 0.88462E-02
 0.48000E+02, 0.28000E+02, 0.26932E+03, 0.26573E+00, 0.82512E-02
 0.49000E+02, 0.28000E+02, 0.27649E+03, 0.28679E+00, 0.77462E-02
 0.50000E+02, 0.28000E+02, 0.27639E+03, 0.29940E+00, 0.74187E-02
 0.51000E+02, 0.28000E+02, 0.28041E+03, 0.29976E+00, 0.74639E-02
 0.52000E+02, 0.28000E+02, 0.27865E+03, 0.30519E+00, 0.73078E-02
 0.53000E+02, 0.28000E+02, 0.28041E+03, 0.31361E+00, 0.71342E-02
 0.54000E+02, 0.28000E+02, 0.27449E+03, 0.39327E+00, 0.56283E-02
 0.55000E+02, 0.28000E+02, 0.27169E+03, 0.41673E+00, 0.52843E-02
 0.56000E+02, 0.28000E+02, 0.25928E+03, 0.43279E+00, 0.49724E-02
 0.57000E+02, 0.28000E+02, 0.25542E+03, 0.41270E+00, 0.51767E-02
 0.58000E+02, 0.28000E+02, 0.25558E+03, 0.44149E+00, 0.48405E-02
 0.59000E+02, 0.28000E+02, 0.22000E+02, 0.30000E+02, 0.00000E+00
 0.60000E+02, 0.28000E+02, 0.39129E+03, 0.19376E+00, 0.13860E-01
 0.61000E+02, 0.28000E+02, 0.39363E+03, 0.19911E+00, 0.13536E-01
 0.62000E+02, 0.28000E+02, 0.36635E+03, 0.22506E+00, 0.11485E-01
 0.63000E+02, 0.28000E+02, 0.34245E+03, 0.24525E+00, 0.10145E-01
 0.64000E+02, 0.28000E+02, 0.32843E+03, 0.27300E+00, 0.89066E-02
 0.65000E+02, 0.28000E+02, 0.35071E+03, 0.20689E+00, 0.12188E-01
 0.00000E+00, 0.29000E+02, 0.22000E+02, 0.30000E+02, 0.00000E+00
 0.10000E+01, 0.29000E+02, 0.22000E+02, 0.30000E+02, 0.00000E+00
 0.20000E+01, 0.29000E+02, 0.22000E+02, 0.30000E+02, 0.00000E+00
 0.30000E+01, 0.29000E+02, 0.22000E+02, 0.30000E+02, 0.00000E+00
 0.40000E+01, 0.29000E+02, 0.22000E+02, 0.30000E+02, 0.00000E+00
 0.50000E+01, 0.29000E+02, 0.22000E+02, 0.30000E+02, 0.00000E+00
 0.60000E+01, 0.29000E+02, 0.22000E+02, 0.30000E+02, 0.00000E+00
 0.70000E+01, 0.29000E+02, 0.22000E+02, 0.30000E+02, 0.00000E+00
 0.80000E+01, 0.29000E+02, 0.22000E+02, 0.30000E+02, 0.00000E+00
 0.90000E+01, 0.29000E+02, 0.45589E+03, 0.19962E+00, 0.14761E-01
 0.10000E+02, 0.29000E+02, 0.52560E+03, 0.19013E+00, 0.16980E-01
 0.11000E+02, 0.29000E+02, 0.53150E+03, 0.15782E+00, 0.20608E-01
 0.12000E+02, 0.29000E+02, 0.44562E+03, 0.18148E+00, 0.16008E-01
 0.13000E+02, 0.29000E+02, 0.56715E+03, 0.15954E+00, 0.21289E-01
 0.14000E+02, 0.29000E+02, 0.62505E+03, 0.19159E+00, 0.18948E-01
 0.15000E+02, 0.29000E+02, 0.69612E+03, 0.17959E+00, 0.21815E-01
 0.16000E+02, 0.29000E+02, 0.50472E+03, 0.26999E+00, 0.11645E-01
 0.17000E+02, 0.29000E+02, 0.41138E+03, 0.25987E+00, 0.10647E-01
 0.18000E+02, 0.29000E+02, 0.40093E+03, 0.24450E+00, 0.11143E-01
 0.19000E+02, 0.29000E+02, 0.50541E+03, 0.20394E+00, 0.15430E-01
 0.20000E+02, 0.29000E+02, 0.47234E+03, 0.21344E+00, 0.14117E-01
 0.21000E+02, 0.29000E+02, 0.41848E+03, 0.21595E+00, 0.12945E-01
 0.22000E+02, 0.29000E+02, 0.43049E+03, 0.19703E+00, 0.14435E-01
 0.23000E+02, 0.29000E+02, 0.48153E+03, 0.23431E+00, 0.13018E-01
 0.24000E+02, 0.29000E+02, 0.47399E+03, 0.19791E+00, 0.15258E-01
 0.25000E+02, 0.29000E+02, 0.47102E+03, 0.17385E+00, 0.17301E-01
 0.26000E+02, 0.29000E+02, 0.44943E+03, 0.14931E+00, 0.19561E-01
 0.27000E+02, 0.29000E+02, 0.40635E+03, 0.12578E+00, 0.21835E-01
 0.28000E+02, 0.29000E+02, 0.38774E+03, 0.10381E+00, 0.25731E-01
 0.29000E+02, 0.29000E+02, 0.37138E+03, 0.97505E-01, 0.26717E-01
 0.30000E+02, 0.29000E+02, 0.26194E+03, 0.21999E+00, 0.98311E-02
 0.31000E+02, 0.29000E+02, 0.28211E+03, 0.22927E+00, 0.97888E-02
 0.32000E+02, 0.29000E+02, 0.26017E+03, 0.22814E+00, 0.94487E-02
 0.33000E+02, 0.29000E+02, 0.24101E+03, 0.23368E+00, 0.88932E-02
 0.34000E+02, 0.29000E+02, 0.25774E+03, 0.25107E+00, 0.85466E-02
 0.35000E+02, 0.29000E+02, 0.26886E+03, 0.27744E+00, 0.78960E-02
 0.36000E+02, 0.29000E+02, 0.25227E+03, 0.30331E+00, 0.70017E-02
 0.37000E+02, 0.29000E+02, 0.24063E+03, 0.32089E+00, 0.64714E-02
 0.38000E+02, 0.29000E+02, 0.24480E+03, 0.28273E+00, 0.74044E-02
 0.39000E+02, 0.29000E+02, 0.26443E+03, 0.26031E+00, 0.83470E-02
 0.40000E+02, 0.29000E+02, 0.25461E+03, 0.25881E+00, 0.82420E-02
 0.41000E+02, 0.29000E+02, 0.25342E+03, 0.26530E+00, 0.80224E-02
 0.42000E+02, 0.29000E+02, 0.24299E+03, 0.28017E+00, 0.74458E-02
 0.43000E+02, 0.29000E+02, 0.23313E+03, 0.29503E+00, 0.69359E-02
 0.44000E+02, 0.29000E+02, 0.23397E+03, 0.28686E+00, 0.71454E-02
 0.45000E+02, 0.29000E+02, 0.22048E+03, 0.28769E+00, 0.69352E-02
 0.46000E+02, 0.29000E+02, 0.24300E+03, 0.27381E+00, 0.76192E-02
 0.47000E+02, 0.29000E+02, 0.26605E+03, 0.25355E+00, 0.85953E-02
 0.48000E+02, 0.29000E+02, 0.27347E+03, 0.31760E+00, 0.69563E-02
 0.49000E+02, 0.29000E+02, 0.28344E+03, 0.30060E+00, 0.74840E-02
 0.50000E+02, 0.29000E+02, 0.28283E+03, 0.29743E+00, 0.75552E-02
 0.51000E+02, 0.29000E+02, 0.28189E+03, 0.31791E+00, 0.70567E-02
 0.52000E+02, 0.29000E+02, 0.28158E+03, 0.30912E+00, 0.72533E-02
 0.53000E+02, 0.29000E+02, 0.28455E+03, 0.32198E+00, 0.70008E-02
 0.54000E+02, 0.29000E+02, 0.28225E+03, 0.45122E+00, 0.49751E-02
 0.55000E+02, 0.29000E+02, 0.27569E+03, 0.55144E+00, 0.40228E-02
 0.56000E+02, 0.29000E+02, 0.27505E+03, 0.61327E+00, 0.36130E-02
 0.57000E+02, 0.29000E+02, 0.26576E+03, 0.49632E+00, 0.43886E-02
 0.58000E+02, 0.29000E+02, 0.26479E+03, 0.48191E+00, 0.45117E-02
 0.59000E+02, 0.29000E+02, 0.22000E+02, 0.30000E+02, 0.00000E+00
 0.60000E+02, 0.29000E+02, 0.35833E+03, 0.20368E+00, 0.12531E-01
 0.61000E+02, 0.29000E+02, 0.36796E+03, 0.20302E+00, 0.12764E-01
 0.62000E+02, 0.29000E+02, 0.36488E+03, 0.21566E+00, 0.11958E-01
 0.63000E+02, 0.29000E+02, 0.33778E+03, 0.25149E+00, 0.98185E-02
 0.64000E+02, 0.29000E+02, 0.33121E+03, 0.26842E+00, 0.91003E-02
 0.65000E+02, 0.29000E+02, 0.35420E+03, 0.19238E+00, 0.13181E-01
 0.00000E+00, 0.30000E+02, 0.53777E+03, 0.30476E+00, 0.10755E-01
 0.10000E+01, 0.30000E+02, 0.73314E+03, 0.13752E+00, 0.29576E-01
 0.20000E+01, 0.30000E+02, 0.69963E+03, 0.16064E+00, 0.24475E-01
 0.30000E+01, 0.30000E+02, 0.75262E+03, 0.17510E+00, 0.23678E-01
 0.40000E+01, 0.30000E+02, 0.71410E+03, 0.15439E+00, 0.25845E-01
 0.50000E+01, 0.30000E+02, 0.64906E+03, 0.13326E+00, 0.27971E-01
 0.60000E+01, 0.30000E+02, 0.30308E+03, 0.14668E+00, 0.15878E-01
 0.70000E+01, 0.30000E+02, 0.31576E+03, 0.15233E+00, 0.15625E-01
 0.80000E+01, 0.30000E+02, 0.79564E+03, 0.13988E+00, 0.30883E-01
 0.90000E+01, 0.30000E+02, 0.56815E+03, 0.21005E+00, 0.16188E-01
 0.10000E+02, 0.30000E+02, 0.58349E+03, 0.19677E+00, 0.17596E-01
 0.11000E+02, 0.30000E+02, 0.59688E+03, 0.14658E+00, 0.23991E-01
 0.12000E+02, 0.30000E+02, 0.43341E+03, 0.18561E+00, 0.15386E-01
 0.13000E+02, 0.30000E+02, 0.55575E+03, 0.15261E+00, 0.21953E-01
 0.14000E+02, 0.30000E+02, 0.70519E+03, 0.18142E+00, 0.21797E-01
 0.15000E+02, 0.30000E+02, 0.73984E+03, 0.19058E+00, 0.21484E-01
 0.16000E+02, 0.30000E+02, 0.59705E+03, 0.27761E+00, 0.12669E-01
 0.17000E+02, 0.30000E+02, 0.47609E+03, 0.27543E+00, 0.10995E-01
 0.18000E+02, 0.30000E+02, 0.48533E+03, 0.24455E+00, 0.12536E-01
 0.19000E+02, 0.30000E+02, 0.56552E+03, 0.18943E+00, 0.17894E-01
 0.20000E+02, 0.30000E+02, 0.58759E+03, 0.18933E+00, 0.18375E-01
 0.21000E+02, 0.30000E+02, 0.45931E+03, 0.24202E+00, 0.12232E-01
 0.22000E+02, 0.30000E+02, 0.44572E+03, 0.24649E+00, 0.11788E-01
 0.23000E+02, 0.30000E+02, 0.44990E+03, 0.26000E+00, 0.11240E-01
 0.24000E+02, 0.30000E+02, 0.45134E+03, 0.23633E+00, 0.12390E-01
 0.25000E+02, 0.30000E+02, 0.46721E+03, 0.18902E+00, 0.15831E-01
 0.26000E+02, 0.30000E+02, 0.43989E+03, 0.16902E+00, 0.17051E-01
 0.27000E+02, 0.30000E+02, 0.40166E+03, 0.14288E+00, 0.19089E-01
 0.28000E+02, 0.30000E+02, 0.38765E+03, 0.11421E+00, 0.23384E-01
 0.29000E+02, 0.30000E+02, 0.38951E+03, 0.99067E-01, 0.27036E-01
 0.30000E+02, 0.30000E+02, 0.28146E+03, 0.23859E+00, 0.93956E-02
 0.31000E+02, 0.30000E+02, 0.29714E+03, 0.24214E+00, 0.95192E-02
 0.32000E+02, 0.30000E+02, 0.27792E+03, 0.25346E+00, 0.87875E-02
 0.33000E+02, 0.30000E+02, 0.28505E+03, 0.24912E+00, 0.90567E-02
 0.34000E+02, 0.30000E+02, 0.26637E+03, 0.26577E+00, 0.82050E-02
 0.35000E+02, 0.30000E+02, 0.23922E+03, 0.34917E+00, 0.59310E-02
 0.36000E+02, 0.30000E+02, 0.23063E+03, 0.38168E+00, 0.53348E-02
 0.37000E+02, 0.30000E+02, 0.23145E+03, 0.37290E+00, 0.54693E-02
 0.38000E+02, 0.30000E+02, 0.22798E+03, 0.34908E+00, 0.58024E-02
 0.39000E+02, 0.30000E+02, 0.23641E+03, 0.31850E+00, 0.64665E-02
 0.40000E+02, 0.30000E+02, 0.24324E+03, 0.28536E+00, 0.73142E-02
 0.41000E+02, 0.30000E+02, 0.24393E+03, 0.28844E+00, 0.72457E-02
 0.42000E+02, 0.30000E+02, 0.23717E+03, 0.29014E+00, 0.71089E-02
 0.43000E+02, 0.30000E+02, 0.22299E+03, 0.29955E+00, 0.66943E-02
 0.44000E+02, 0.30000E+02, 0.23449E+03, 0.28508E+00, 0.71974E-02
 0.45000E+02, 0.30000E+02, 0.21533E+03, 0.29416E+00, 0.67119E-02
 0.46000E+02, 0.30000E+02, 0.23984E+03, 0.27584E+00, 0.75167E-02
 0.47000E+02, 0.30000E+02, 0.26734E+03, 0.25534E+00, 0.85556E-02
 0.48000E+02, 0.30000E+02, 0.28073E+03, 0.39935E+00, 0.56058E-02
 0.49000E+02, 0.30000E+02, 0.28623E+03, 0.37708E+00, 0.59959E-02
 0.50000E+02, 0.30000E+02, 0.28740E+03, 0.32666E+00, 0.69358E-02
 0.51000E+02, 0.30000E+02, 0.28563E+03, 0.30401E+00, 0.74291E-02
 0.52000E+02, 0.30000E+02, 0.28439E+03, 0.30511E+00, 0.73859E-02
 0.53000E+02, 0.30000E+02, 0.28400E+03, 0.42795E+00, 0.52622E-02
 0.54000E+02, 0.30000E+02, 0.28349E+03, 0.43602E+00, 0.51600E-02
 0.55000E+02, 0.30000E+02, 0.27930E+03, 0.48532E+00, 0.46009E-02
 0.56000E+02, 0.30000E+02, 0.27313E+03, 0.67719E+00, 0.32605E-02
 0.57000E+02, 0.30000E+02, 0.27615E+03, 0.65879E+00, 0.33701E-02
 0.58000E+02, 0.30000E+02, 0.26773E+03, 0.54452E+00, 0.40148E-02
 0.59000E+02, 0.30000E+02, 0.22000E+02, 0.30000E+02, 0.00000E+00
 0.60000E+02, 0.30000E+02, 0.33394E+03, 0.22993E+00, 0.10672E-01
 0.61000E+02, 0.30000E+02, 0.35324E+03, 0.22305E+00, 0.11351E-01
 0.62000E+02, 0.30000E+02, 0.35069E+03, 0.23683E+00, 0.10647E-01
 0.63000E+02, 0.30000E+02, 0.33777E+03, 0.24658E+00, 0.10014E-01
 0.64000E+02, 0.30000E+02, 0.34279E+03, 0.23488E+00, 0.10599E-01
 0.65000E+02, 0.30000E+02, 0.34829E+03, 0.19935E+00, 0.12599E-01
 0.00000E+00, 0.31000E+02, 0.96264E+03, 0.23253E+00, 0.21480E-01
 0.10000E+01, 0.31000E+02, 0.90406E+03, 0.17137E+00, 0.27765E-01
 0.20000E+01, 0.31000E+02, 0.80733E+03, 0.14420E+00, 0.30285E-01
 0.30000E+01, 0.31000E+02, 0.82151E+03, 0.14756E+00, 0.29984E-01
 0.40000E+01, 0.31000E+02, 0.77153E+03, 0.12529E+00, 0.33701E-01
 0.50000E+01, 0.31000E+02, 0.67342E+03, 0.11339E+00, 0.33740E-01
 0.60000E+01, 0.31000E+02, 0.28485E+03, 0.13848E+00, 0.16286E-01
 0.70000E+01, 0.31000E+02, 0.32122E+03, 0.15285E+00, 0.15717E-01
 0.80000E+01, 0.31000E+02, 0.80783E+03, 0.15531E+00, 0.28132E-01
 0.90000E+01, 0.31000E+02, 0.64957E+03, 0.18731E+00, 0.19911E-01
 0.10000E+02, 0.31000E+02, 0.59388E+03, 0.21818E+00, 0.16062E-01
 0.11000E+02, 0.31000E+02, 0.70906E+03, 0.13308E+00, 0.29832E-01
 0.12000E+02, 0.31000E+02, 0.65955E+03, 0.12844E+00, 0.29350E-01
 0.13000E+02, 0.31000E+02, 0.69532E+03, 0.13085E+00, 0.29916E-01
 0.14000E+02, 0.31000E+02, 0.74632E+03, 0.16707E+00, 0.24663E-01
 0.15000E+02, 0.31000E+02, 0.79437E+03, 0.19876E+00, 0.21709E-01
 0.16000E+02, 0.31000E+02, 0.66957E+03, 0.31224E+00, 0.12203E-01
 0.17000E+02, 0.31000E+02, 0.66205E+03, 0.25930E+00, 0.14577E-01
 0.18000E+02, 0.31000E+02, 0.72720E+03, 0.21117E+00, 0.19147E-01
 0.19000E+02, 0.31000E+02, 0.60519E+03, 0.18737E+00, 0.18947E-01
 0.20000E+02, 0.31000E+02, 0.62846E+03, 0.16348E+00, 0.22292E-01
 0.21000E+02, 0.31000E+02, 0.51405E+03, 0.19213E+00, 0.16560E-01
 0.22000E+02, 0.31000E+02, 0.45210E+03, 0.20687E+00, 0.14170E-01
 0.23000E+02, 0.31000E+02, 0.46851E+03, 0.22813E+00, 0.13140E-01
 0.24000E+02, 0.31000E+02, 0.47339E+03, 0.19381E+00, 0.15569E-01
 0.25000E+02, 0.31000E+02, 0.45823E+03, 0.17920E+00, 0.16496E-01
 0.26000E+02, 0.31000E+02, 0.42278E+03, 0.16400E+00, 0.17151E-01
 0.27000E+02, 0.31000E+02, 0.38978E+03, 0.12483E+00, 0.21465E-01
 0.28000E+02, 0.31000E+02, 0.40004E+03, 0.10990E+00, 0.24759E-01
 0.29000E+02, 0.31000E+02, 0.39225E+03, 0.97620E-01, 0.27550E-01
 0.30000E+02, 0.31000E+02, 0.27692E+03, 0.25395E+00, 0.87548E-02
 0.31000E+02, 0.31000E+02, 0.30783E+03, 0.25254E+00, 0.92985E-02
 0.32000E+02, 0.31000E+02, 0.26565E+03, 0.26432E+00, 0.82391E-02
 0.33000E+02, 0.31000E+02, 0.25027E+03, 0.28808E+00, 0.73437E-02
 0.34000E+02, 0.31000E+02, 0.24376E+03, 0.31683E+00, 0.65943E-02
 0.35000E+02, 0.31000E+02, 0.21866E+03, 0.40277E+00, 0.49354E-02
 0.36000E+02, 0.31000E+02, 0.22535E+03, 0.41141E+00, 0.48974E-02
 0.37000E+02, 0.31000E+02, 0.24794E+03, 0.39283E+00, 0.53616E-02
 0.38000E+02, 0.31000E+02, 0.24975E+03, 0.38126E+00, 0.55434E-02
 0.39000E+02, 0.31000E+02, 0.21187E+03, 0.38030E+00, 0.51548E-02
 0.40000E+02, 0.31000E+02, 0.22097E+03, 0.33743E+00, 0.59188E-02
 0.41000E+02, 0.31000E+02, 0.23127E+03, 0.31072E+00, 0.65615E-02
 0.42000E+02, 0.31000E+02, 0.23712E+03, 0.29395E+00, 0.70162E-02
 0.43000E+02, 0.31000E+02, 0.22801E+03, 0.29504E+00, 0.68656E-02
 0.44000E+02, 0.31000E+02, 0.22677E+03, 0.29183E+00, 0.69238E-02
 0.45000E+02, 0.31000E+02, 0.21432E+03, 0.28985E+00, 0.67976E-02
 0.46000E+02, 0.31000E+02, 0.22833E+03, 0.28304E+00, 0.71613E-02
 0.47000E+02, 0.31000E+02, 0.26662E+03, 0.26005E+00, 0.83893E-02
 0.48000E+02, 0.31000E+02, 0.28998E+03, 0.48275E+00, 0.47148E-02
 0.49000E+02, 0.31000E+02, 0.29390E+03, 0.41646E+00, 0.55033E-02
 0.50000E+02, 0.31000E+02, 0.29222E+03, 0.35593E+00, 0.64202E-02
 0.51000E+02, 0.31000E+02, 0.28958E+03, 0.33874E+00, 0.67145E-02
 0.52000E+02, 0.31000E+02, 0.28701E+03, 0.31595E+00, 0.71659E-02
 0.53000E+02, 0.31000E+02, 0.28152E+03, 0.56209E+00, 0.39885E-02
 0.54000E+02, 0.31000E+02, 0.27741E+03, 0.56410E+00, 0.39448E-02
 0.55000E+02, 0.31000E+02, 0.27324E+03, 0.60741E+00, 0.36358E-02
 0.56000E+02, 0.31000E+02, 0.27296E+03, 0.64457E+00, 0.34245E-02
 0.57000E+02, 0.31000E+02, 0.27000E+03, 0.63806E+00, 0.34406E-02
 0.58000E+02, 0.31000E+02, 0.26674E+03, 0.58005E+00, 0.37620E-02
 0.59000E+02, 0.31000E+02, 0.22000E+02, 0.30000E+02, 0.00000E+00
 0.60000E+02, 0.31000E+02, 0.34531E+03, 0.20288E+00, 0.12321E-01
 0.61000E+02, 0.31000E+02, 0.35470E+03, 0.21974E+00, 0.11549E-01
 0.62000E+02, 0.31000E+02, 0.34519E+03, 0.25711E+00, 0.97203E-02
 0.63000E+02, 0.31000E+02, 0.33092E+03, 0.28581E+00, 0.85426E-02
 0.64000E+02, 0.31000E+02, 0.35627E+03, 0.21026E+00, 0.12099E-01
 0.65000E+02, 0.31000E+02, 0.33200E+03, 0.23987E+00, 0.10197E-01
 0.00000E+00, 0.32000E+02, 0.88366E+03, 0.21726E+00, 0.21521E-01
 0.10000E+01, 0.32000E+02, 0.90910E+03, 0.18021E+00, 0.26516E-01
 0.20000E+01, 0.32000E+02, 0.84482E+03, 0.13853E+00, 0.32618E-01
 0.30000E+01, 0.32000E+02, 0.84817E+03, 0.13654E+00, 0.33193E-01
 0.40000E+01, 0.32000E+02, 0.82309E+03, 0.13057E+00, 0.33935E-01
 0.50000E+01, 0.32000E+02, 0.70385E+03, 0.11588E+00, 0.34078E-01
 0.60000E+01, 0.32000E+02, 0.28493E+03, 0.13927E+00, 0.16196E-01
 0.70000E+01, 0.32000E+02, 0.28669E+03, 0.13646E+00, 0.16583E-01
 0.80000E+01, 0.32000E+02, 0.74098E+03, 0.18660E+00, 0.21967E-01
 0.90000E+01, 0.32000E+02, 0.68913E+03, 0.22196E+00, 0.17523E-01
 0.10000E+02, 0.32000E+02, 0.68578E+03, 0.16575E+00, 0.23383E-01
 0.11000E+02, 0.32000E+02, 0.77926E+03, 0.13060E+00, 0.32570E-01
 0.12000E+02, 0.32000E+02, 0.75524E+03, 0.12358E+00, 0.33635E-01
 0.13000E+02, 0.32000E+02, 0.77124E+03, 0.12997E+00, 0.32478E-01
 0.14000E+02, 0.32000E+02, 0.84143E+03, 0.16276E+00, 0.27678E-01
 0.15000E+02, 0.32000E+02, 0.86267E+03, 0.24626E+00, 0.18642E-01
 0.16000E+02, 0.32000E+02, 0.78218E+03, 0.33040E+00, 0.12910E-01
 0.17000E+02, 0.32000E+02, 0.76961E+03, 0.32330E+00, 0.13037E-01
 0.18000E+02, 0.32000E+02, 0.83976E+03, 0.19328E+00, 0.23273E-01
 0.19000E+02, 0.32000E+02, 0.72065E+03, 0.21003E+00, 0.19125E-01
 0.20000E+02, 0.32000E+02, 0.60696E+03, 0.17609E+00, 0.20202E-01
 0.21000E+02, 0.32000E+02, 0.61889E+03, 0.16977E+00, 0.21238E-01
 0.22000E+02, 0.32000E+02, 0.48720E+03, 0.17944E+00, 0.17126E-01
 0.23000E+02, 0.32000E+02, 0.46205E+03, 0.17264E+00, 0.17212E-01
 0.24000E+02, 0.32000E+02, 0.42845E+03, 0.14654E+00, 0.19351E-01
 0.25000E+02, 0.32000E+02, 0.40544E+03, 0.14504E+00, 0.18910E-01
 0.26000E+02, 0.32000E+02, 0.37761E+03, 0.12469E+00, 0.21095E-01
 0.27000E+02, 0.32000E+02, 0.39549E+03, 0.11302E+00, 0.23912E-01
 0.28000E+02, 0.32000E+02, 0.40469E+03, 0.11210E+00, 0.24439E-01
 0.29000E+02, 0.32000E+02, 0.39718E+03, 0.10044E+00, 0.26974E-01
 0.30000E+02, 0.32000E+02, 0.27961E+03, 0.25457E+00, 0.87762E-02
 0.31000E+02, 0.32000E+02, 0.29312E+03, 0.26451E+00, 0.86528E-02
 0.32000E+02, 0.32000E+02, 0.26738E+03, 0.28343E+00, 0.77081E-02
 0.33000E+02, 0.32000E+02, 0.23170E+03, 0.32574E+00, 0.62643E-02
 0.34000E+02, 0.32000E+02, 0.23634E+03, 0.34039E+00, 0.60497E-02
 0.35000E+02, 0.32000E+02, 0.21259E+03, 0.42906E+00, 0.45758E-02
 0.36000E+02, 0.32000E+02, 0.23086E+03, 0.42681E+00, 0.47728E-02
 0.37000E+02, 0.32000E+02, 0.25460E+03, 0.39652E+00, 0.53796E-02
 0.38000E+02, 0.32000E+02, 0.24984E+03, 0.39467E+00, 0.53561E-02
 0.39000E+02, 0.32000E+02, 0.19865E+03, 0.38965E+00, 0.48939E-02
 0.40000E+02, 0.32000E+02, 0.20470E+03, 0.35720E+00, 0.54070E-02
 0.41000E+02, 0.32000E+02, 0.22886E+03, 0.31989E+00, 0.63429E-02
 0.42000E+02, 0.32000E+02, 0.24022E+03, 0.29246E+00, 0.70948E-02
 0.43000E+02, 0.32000E+02, 0.22174E+03, 0.30009E+00, 0.66654E-02
 0.44000E+02, 0.32000E+02, 0.21593E+03, 0.29704E+00, 0.66550E-02
 0.45000E+02, 0.32000E+02, 0.20706E+03, 0.30037E+00, 0.64618E-02
 0.46000E+02, 0.32000E+02, 0.22351E+03, 0.28918E+00, 0.69418E-02
 0.47000E+02, 0.32000E+02, 0.26023E+03, 0.26225E+00, 0.82206E-02
 0.48000E+02, 0.32000E+02, 0.29360E+03, 0.54822E+00, 0.41784E-02
 0.49000E+02, 0.32000E+02, 0.29120E+03, 0.39920E+00, 0.57140E-02
 0.50000E+02, 0.32000E+02, 0.28921E+03, 0.40426E+00, 0.56226E-02
 0.51000E+02, 0.32000E+02, 0.28571E+03, 0.41597E+00, 0.54303E-02
 0.52000E+02, 0.32000E+02, 0.28527E+03, 0.41353E+00, 0.54580E-02
 0.53000E+02, 0.32000E+02, 0.27934E+03, 0.65616E+00, 0.34032E-02
 0.54000E+02, 0.32000E+02, 0.27434E+03, 0.69367E+00, 0.31901E-02
 0.55000E+02, 0.32000E+02, 0.27496E+03, 0.64572E+00, 0.34308E-02
 0.56000E+02, 0.32000E+02, 0.27784E+03, 0.58902E+00, 0.37809E-02
 0.57000E+02, 0.32000E+02, 0.27170E+03, 0.60245E+00, 0.36554E-02
 0.58000E+02, 0.32000E+02, 0.26872E+03, 0.58824E+00, 0.37232E-02
 0.59000E+02, 0.32000E+02, 0.22000E+02, 0.30000E+02, 0.00000E+00
 0.60000E+02, 0.32000E+02, 0.34800E+03, 0.19476E+00, 0.12891E-01
 0.61000E+02, 0.32000E+02, 0.35721E+03, 0.20437E+00, 0.12467E-01
 0.62000E+02, 0.32000E+02, 0.34687E+03, 0.24759E+00, 0.10122E-01
 0.63000E+02, 0.32000E+02, 0.32619E+03, 0.30362E+00, 0.79784E-02
 0.64000E+02, 0.32000E+02, 0.35750E+03, 0.19697E+00, 0.12941E-01
 0.65000E+02, 0.32000E+02, 0.32704E+03, 0.26321E+00, 0.92164E-02
 0.00000E+00, 0.33000E+02, 0.80359E+03, 0.20843E+00, 0.20880E-01
 0.10000E+01, 0.33000E+02, 0.89742E+03, 0.17199E+00, 0.27509E-01
 0.20000E+01, 0.33000E+02, 0.84010E+03, 0.13583E+00, 0.33125E-01
 0.30000E+01, 0.33000E+02, 0.83326E+03, 0.13917E+00, 0.32133E-01
 0.40000E+01, 0.33000E+02, 0.78757E+03, 0.12716E+00, 0.33716E-01
 0.50000E+01, 0.33000E+02, 0.70989E+03, 0.11942E+00, 0.33273E-01
 0.60000E+01, 0.33000E+02, 0.31563E+03, 0.16323E+00, 0.14579E-01
 0.70000E+01, 0.33000E+02, 0.30344E+03, 0.14632E+00, 0.15927E-01
 0.80000E+01, 0.33000E+02, 0.72848E+03, 0.22298E+00, 0.18156E-01
 0.90000E+01, 0.33000E+02, 0.78528E+03, 0.20371E+00, 0.21000E-01
 0.10000E+02, 0.33000E+02, 0.74544E+03, 0.15760E+00, 0.26123E-01
 0.11000E+02, 0.33000E+02, 0.81249E+03, 0.13634E+00, 0.32183E-01
 0.12000E+02, 0.33000E+02, 0.77184E+03, 0.12926E+00, 0.32675E-01
 0.13000E+02, 0.33000E+02, 0.82059E+03, 0.18232E+00, 0.24246E-01
 0.14000E+02, 0.33000E+02, 0.89745E+03, 0.26967E+00, 0.17545E-01
 0.15000E+02, 0.33000E+02, 0.93700E+03, 0.30290E+00, 0.16148E-01
 0.16000E+02, 0.33000E+02, 0.97225E+03, 0.25791E+00, 0.19517E-01
 0.17000E+02, 0.33000E+02, 0.95824E+03, 0.24951E+00, 0.19948E-01
 0.18000E+02, 0.33000E+02, 0.90976E+03, 0.18459E+00, 0.25901E-01
 0.19000E+02, 0.33000E+02, 0.84684E+03, 0.16513E+00, 0.27413E-01
 0.20000E+02, 0.33000E+02, 0.66553E+03, 0.18666E+00, 0.20326E-01
 0.21000E+02, 0.33000E+02, 0.65664E+03, 0.15264E+00, 0.24621E-01
 0.22000E+02, 0.33000E+02, 0.52607E+03, 0.15973E+00, 0.20223E-01
 0.23000E+02, 0.33000E+02, 0.44637E+03, 0.14824E+00, 0.19618E-01
 0.24000E+02, 0.33000E+02, 0.41849E+03, 0.13446E+00, 0.20790E-01
 0.25000E+02, 0.33000E+02, 0.39597E+03, 0.12591E+00, 0.21479E-01
 0.26000E+02, 0.33000E+02, 0.38528E+03, 0.11998E+00, 0.22182E-01
 0.27000E+02, 0.33000E+02, 0.38254E+03, 0.11568E+00, 0.22910E-01
 0.28000E+02, 0.33000E+02, 0.38171E+03, 0.11041E+00, 0.23972E-01
 0.29000E+02, 0.33000E+02, 0.37550E+03, 0.98783E-01, 0.26540E-01
 0.30000E+02, 0.33000E+02, 0.28319E+03, 0.24960E+00, 0.90090E-02
 0.31000E+02, 0.33000E+02, 0.27183E+03, 0.25943E+00, 0.84904E-02
 0.32000E+02, 0.33000E+02, 0.23059E+03, 0.30328E+00, 0.67134E-02
 0.33000E+02, 0.33000E+02, 0.22532E+03, 0.33206E+00, 0.60674E-02
 0.34000E+02, 0.33000E+02, 0.21798E+03, 0.43220E+00, 0.45929E-02
 0.35000E+02, 0.33000E+02, 0.22448E+03, 0.46346E+00, 0.43398E-02
 0.36000E+02, 0.33000E+02, 0.24864E+03, 0.45944E+00, 0.45903E-02
 0.37000E+02, 0.33000E+02, 0.25809E+03, 0.41119E+00, 0.52218E-02
 0.38000E+02, 0.33000E+02, 0.25090E+03, 0.38384E+00, 0.55182E-02
 0.39000E+02, 0.33000E+02, 0.29245E+03, 0.33552E+00, 0.68135E-02
 0.40000E+02, 0.33000E+02, 0.21577E+03, 0.33908E+00, 0.58278E-02
 0.41000E+02, 0.33000E+02, 0.22846E+03, 0.31564E+00, 0.64233E-02
 0.42000E+02, 0.33000E+02, 0.24178E+03, 0.29429E+00, 0.70721E-02
 0.43000E+02, 0.33000E+02, 0.21617E+03, 0.30973E+00, 0.63854E-02
 0.44000E+02, 0.33000E+02, 0.20268E+03, 0.31868E+00, 0.60350E-02
 0.45000E+02, 0.33000E+02, 0.20170E+03, 0.32254E+00, 0.59505E-02
 0.46000E+02, 0.33000E+02, 0.22498E+03, 0.28847E+00, 0.69795E-02
 0.47000E+02, 0.33000E+02, 0.25156E+03, 0.26196E+00, 0.80958E-02
 0.48000E+02, 0.33000E+02, 0.29000E+03, 0.47731E+00, 0.47687E-02
 0.49000E+02, 0.33000E+02, 0.29020E+03, 0.40175E+00, 0.56677E-02
 0.50000E+02, 0.33000E+02, 0.28583E+03, 0.43161E+00, 0.52347E-02
 0.51000E+02, 0.33000E+02, 0.28349E+03, 0.50685E+00, 0.44390E-02
 0.52000E+02, 0.33000E+02, 0.28346E+03, 0.54205E+00, 0.41504E-02
 0.53000E+02, 0.33000E+02, 0.27746E+03, 0.69003E+00, 0.32252E-02
 0.54000E+02, 0.33000E+02, 0.28056E+03, 0.60337E+00, 0.37092E-02
 0.55000E+02, 0.33000E+02, 0.27842E+03, 0.54892E+00, 0.40614E-02
 0.56000E+02, 0.33000E+02, 0.27266E+03, 0.54801E+00, 0.40256E-02
 0.57000E+02, 0.33000E+02, 0.27222E+03, 0.52979E+00, 0.41607E-02
 0.58000E+02, 0.33000E+02, 0.26980E+03, 0.52914E+00, 0.41474E-02
 0.59000E+02, 0.33000E+02, 0.22000E+02, 0.30000E+02, 0.00000E+00
 0.60000E+02, 0.33000E+02, 0.33899E+03, 0.22426E+00, 0.11033E-01
 0.61000E+02, 0.33000E+02, 0.34656E+03, 0.21237E+00, 0.11794E-01
 0.62000E+02, 0.33000E+02, 0.34418E+03, 0.24548E+00, 0.10164E-01
 0.63000E+02, 0.33000E+02, 0.33553E+03, 0.28532E+00, 0.86224E-02
 0.64000E+02, 0.33000E+02, 0.33863E+03, 0.25281E+00, 0.97811E-02
 0.65000E+02, 0.33000E+02, 0.32863E+03, 0.23817E+00, 0.10213E-01
 0.00000E+00, 0.34000E+02, 0.75968E+03, 0.16976E+00, 0.24591E-01
 0.10000E+01, 0.34000E+02, 0.85242E+03, 0.15988E+00, 0.28455E-01
 0.20000E+01, 0.34000E+02, 0.83814E+03, 0.13631E+00, 0.32952E-01
 0.30000E+01, 0.34000E+02, 0.79710E+03, 0.13756E+00, 0.31446E-01
 0.40000E+01, 0.34000E+02, 0.77500E+03, 0.13155E+00, 0.32204E-01
 0.50000E+01, 0.34000E+02, 0.68778E+03, 0.11999E+00, 0.32369E-01
 0.60000E+01, 0.34000E+02, 0.34968E+03, 0.19139E+00, 0.13153E-01
 0.70000E+01, 0.34000E+02, 0.34957E+03, 0.17400E+00, 0.14465E-01
 0.80000E+01, 0.34000E+02, 0.80979E+03, 0.21247E+00, 0.20601E-01
 0.90000E+01, 0.34000E+02, 0.87301E+03, 0.20481E+00, 0.22619E-01
 0.10000E+02, 0.34000E+02, 0.80273E+03, 0.17784E+00, 0.24451E-01
 0.11000E+02, 0.34000E+02, 0.86098E+03, 0.14503E+00, 0.31607E-01
 0.12000E+02, 0.34000E+02, 0.87390E+03, 0.15339E+00, 0.30224E-01
 0.13000E+02, 0.34000E+02, 0.89073E+03, 0.15272E+00, 0.30802E-01
 0.14000E+02, 0.34000E+02, 0.91255E+03, 0.22008E+00, 0.21776E-01
 0.15000E+02, 0.34000E+02, 0.99919E+03, 0.31752E+00, 0.16196E-01
 0.16000E+02, 0.34000E+02, 0.98598E+03, 0.21007E+00, 0.24226E-01
 0.17000E+02, 0.34000E+02, 0.99030E+03, 0.17246E+00, 0.29611E-01
 0.18000E+02, 0.34000E+02, 0.89676E+03, 0.16035E+00, 0.29489E-01
 0.19000E+02, 0.34000E+02, 0.67163E+03, 0.18487E+00, 0.20656E-01
 0.20000E+02, 0.34000E+02, 0.77467E+03, 0.17011E+00, 0.24896E-01
 0.21000E+02, 0.34000E+02, 0.60414E+03, 0.15156E+00, 0.23396E-01
 0.22000E+02, 0.34000E+02, 0.63263E+03, 0.12233E+00, 0.29928E-01
 0.23000E+02, 0.34000E+02, 0.54808E+03, 0.12613E+00, 0.26317E-01
 0.24000E+02, 0.34000E+02, 0.45870E+03, 0.12455E+00, 0.23750E-01
 0.25000E+02, 0.34000E+02, 0.36956E+03, 0.12475E+00, 0.20823E-01
 0.26000E+02, 0.34000E+02, 0.37301E+03, 0.11728E+00, 0.22269E-01
 0.27000E+02, 0.34000E+02, 0.37735E+03, 0.10875E+00, 0.24176E-01
 0.28000E+02, 0.34000E+02, 0.37952E+03, 0.10670E+00, 0.24722E-01
 0.29000E+02, 0.34000E+02, 0.36933E+03, 0.10153E+00, 0.25578E-01
 0.30000E+02, 0.34000E+02, 0.29579E+03, 0.25422E+00, 0.90454E-02
 0.31000E+02, 0.34000E+02, 0.25488E+03, 0.26790E+00, 0.79662E-02
 0.32000E+02, 0.34000E+02, 0.20984E+03, 0.32015E+00, 0.60976E-02
 0.33000E+02, 0.34000E+02, 0.22384E+03, 0.33063E+00, 0.60754E-02
 0.34000E+02, 0.34000E+02, 0.20391E+03, 0.48150E+00, 0.40045E-02
 0.35000E+02, 0.34000E+02, 0.20220E+03, 0.55762E+00, 0.34455E-02
 0.36000E+02, 0.34000E+02, 0.24285E+03, 0.51797E+00, 0.40265E-02
 0.37000E+02, 0.34000E+02, 0.37601E+03, 0.38128E+00, 0.68817E-02
 0.38000E+02, 0.34000E+02, 0.63497E+03, 0.28679E+00, 0.12798E-01
 0.39000E+02, 0.34000E+02, 0.68078E+03, 0.23640E+00, 0.16310E-01
 0.40000E+02, 0.34000E+02, 0.23331E+03, 0.34887E+00, 0.58676E-02
 0.41000E+02, 0.34000E+02, 0.25449E+03, 0.30167E+00, 0.70695E-02
 0.42000E+02, 0.34000E+02, 0.23311E+03, 0.30491E+00, 0.67109E-02
 0.43000E+02, 0.34000E+02, 0.21278E+03, 0.32169E+00, 0.61053E-02
 0.44000E+02, 0.34000E+02, 0.20694E+03, 0.32688E+00, 0.59363E-02
 0.45000E+02, 0.34000E+02, 0.20081E+03, 0.32821E+00, 0.58367E-02
 0.46000E+02, 0.34000E+02, 0.21483E+03, 0.30174E+00, 0.65365E-02
 0.47000E+02, 0.34000E+02, 0.24008E+03, 0.25502E+00, 0.81342E-02
 0.48000E+02, 0.34000E+02, 0.36697E+03, 0.64406E+00, 0.40171E-02
 0.49000E+02, 0.34000E+02, 0.28458E+03, 0.42244E+00, 0.53363E-02
 0.50000E+02, 0.34000E+02, 0.27754E+03, 0.46098E+00, 0.48284E-02
 0.51000E+02, 0.34000E+02, 0.27236E+03, 0.50278E+00, 0.43854E-02
 0.52000E+02, 0.34000E+02, 0.27765E+03, 0.63340E+00, 0.35148E-02
 0.53000E+02, 0.34000E+02, 0.27797E+03, 0.66135E+00, 0.33682E-02
 0.54000E+02, 0.34000E+02, 0.27673E+03, 0.67295E+00, 0.33027E-02
 0.55000E+02, 0.34000E+02, 0.27560E+03, 0.53932E+00, 0.41125E-02
 0.56000E+02, 0.34000E+02, 0.27082E+03, 0.43390E+00, 0.50672E-02
 0.57000E+02, 0.34000E+02, 0.27367E+03, 0.45600E+00, 0.48468E-02
 0.58000E+02, 0.34000E+02, 0.26019E+03, 0.47701E+00, 0.45192E-02
 0.59000E+02, 0.34000E+02, 0.22000E+02, 0.30000E+02, 0.00000E+00
 0.60000E+02, 0.34000E+02, 0.33974E+03, 0.17316E+00, 0.14305E-01
 0.61000E+02, 0.34000E+02, 0.33975E+03, 0.21219E+00, 0.11675E-01
 0.62000E+02, 0.34000E+02, 0.33991E+03, 0.24771E+00, 0.10003E-01
 0.63000E+02, 0.34000E+02, 0.33936E+03, 0.26929E+00, 0.91932E-02
 0.64000E+02, 0.34000E+02, 0.33901E+03, 0.26724E+00, 0.92586E-02
 0.65000E+02, 0.34000E+02, 0.32917E+03, 0.27256E+00, 0.89319E-02
 0.00000E+00, 0.35000E+02, 0.70980E+03, 0.18806E+00, 0.21126E-01
 0.10000E+01, 0.35000E+02, 0.80536E+03, 0.15291E+00, 0.28509E-01
 0.20000E+01, 0.35000E+02, 0.78165E+03, 0.14314E+00, 0.29784E-01
 0.30000E+01, 0.35000E+02, 0.76057E+03, 0.14886E+00, 0.28068E-01
 0.40000E+01, 0.35000E+02, 0.75742E+03, 0.12875E+00, 0.32352E-01
 0.50000E+01, 0.35000E+02, 0.68842E+03, 0.12794E+00, 0.30377E-01
 0.60000E+01, 0.35000E+02, 0.37872E+03, 0.19605E+00, 0.13439E-01
 0.70000E+01, 0.35000E+02, 0.35595E+03, 0.17620E+00, 0.14431E-01
 0.80000E+01, 0.35000E+02, 0.89465E+03, 0.18874E+00, 0.25008E-01
 0.90000E+01, 0.35000E+02, 0.94831E+03, 0.21395E+00, 0.23075E-01
 0.10000E+02, 0.35000E+02, 0.85419E+03, 0.18399E+00, 0.24765E-01
 0.11000E+02, 0.35000E+02, 0.87888E+03, 0.15474E+00, 0.30091E-01
 0.12000E+02, 0.35000E+02, 0.92475E+03, 0.16984E+00, 0.28508E-01
 0.13000E+02, 0.35000E+02, 0.95604E+03, 0.16009E+00, 0.31034E-01
 0.14000E+02, 0.35000E+02, 0.10383E+04, 0.23173E+00, 0.22875E-01
 0.15000E+02, 0.35000E+02, 0.10280E+04, 0.18650E+00, 0.28197E-01
 0.16000E+02, 0.35000E+02, 0.10014E+04, 0.17011E+00, 0.30283E-01
 0.17000E+02, 0.35000E+02, 0.94811E+03, 0.16692E+00, 0.29573E-01
 0.18000E+02, 0.35000E+02, 0.72049E+03, 0.16937E+00, 0.23713E-01
 0.19000E+02, 0.35000E+02, 0.53358E+03, 0.17332E+00, 0.18813E-01
 0.20000E+02, 0.35000E+02, 0.55384E+03, 0.18492E+00, 0.18076E-01
 0.21000E+02, 0.35000E+02, 0.57795E+03, 0.19688E+00, 0.17473E-01
 0.22000E+02, 0.35000E+02, 0.59264E+03, 0.20565E+00, 0.17016E-01
 0.23000E+02, 0.35000E+02, 0.60907E+03, 0.20630E+00, 0.17285E-01
 0.24000E+02, 0.35000E+02, 0.63403E+03, 0.21259E+00, 0.17247E-01
 0.25000E+02, 0.35000E+02, 0.65863E+03, 0.20050E+00, 0.18783E-01
 0.26000E+02, 0.35000E+02, 0.68892E+03, 0.19920E+00, 0.19520E-01
 0.27000E+02, 0.35000E+02, 0.69538E+03, 0.20258E+00, 0.19324E-01
 0.28000E+02, 0.35000E+02, 0.70189E+03, 0.20190E+00, 0.19519E-01
 0.29000E+02, 0.35000E+02, 0.68885E+03, 0.21385E+00, 0.18182E-01
 0.30000E+02, 0.35000E+02, 0.61988E+03, 0.29961E+00, 0.12047E-01
 0.31000E+02, 0.35000E+02, 0.45130E+03, 0.33811E+00, 0.86602E-02
 0.32000E+02, 0.35000E+02, 0.48855E+03, 0.35405E+00, 0.86956E-02
 0.33000E+02, 0.35000E+02, 0.48241E+03, 0.50450E+00, 0.60532E-02
 0.34000E+02, 0.35000E+02, 0.38049E+03, 0.53941E+00, 0.48977E-02
 0.35000E+02, 0.35000E+02, 0.37288E+03, 0.56214E+00, 0.46450E-02
 0.36000E+02, 0.35000E+02, 0.40563E+03, 0.51039E+00, 0.53753E-02
 0.37000E+02, 0.35000E+02, 0.46867E+03, 0.40185E+00, 0.74612E-02
 0.38000E+02, 0.35000E+02, 0.40416E+03, 0.51709E+00, 0.52942E-02
 0.39000E+02, 0.35000E+02, 0.38127E+03, 0.61472E+00, 0.43029E-02
 0.40000E+02, 0.35000E+02, 0.40192E+03, 0.65782E+00, 0.41478E-02
 0.41000E+02, 0.35000E+02, 0.41301E+03, 0.67701E+00, 0.40964E-02
 0.42000E+02, 0.35000E+02, 0.41264E+03, 0.70801E+00, 0.39149E-02
 0.43000E+02, 0.35000E+02, 0.41415E+03, 0.81129E+00, 0.34241E-02
 0.44000E+02, 0.35000E+02, 0.41560E+03, 0.82021E+00, 0.33940E-02
 0.45000E+02, 0.35000E+02, 0.41818E+03, 0.69524E+00, 0.40191E-02
 0.46000E+02, 0.35000E+02, 0.42344E+03, 0.69355E+00, 0.40595E-02
 0.47000E+02, 0.35000E+02, 0.42713E+03, 0.79792E+00, 0.35473E-02
 0.48000E+02, 0.35000E+02, 0.42409E+03, 0.81640E+00, 0.34519E-02
 0.49000E+02, 0.35000E+02, 0.42219E+03, 0.86618E+00, 0.32446E-02
 0.50000E+02, 0.35000E+02, 0.42217E+03, 0.78927E+00, 0.35607E-02
 0.51000E+02, 0.35000E+02, 0.41502E+03, 0.72208E+00, 0.38520E-02
 0.52000E+02, 0.35000E+02, 0.40560E+03, 0.68819E+00, 0.39864E-02
 0.53000E+02, 0.35000E+02, 0.39170E+03, 0.71271E+00, 0.37704E-02
 0.54000E+02, 0.35000E+02, 0.39451E+03, 0.72746E+00, 0.37096E-02
 0.55000E+02, 0.35000E+02, 0.37929E+03, 0.51680E+00, 0.51027E-02
 0.56000E+02, 0.35000E+02, 0.38504E+03, 0.57487E+00, 0.46276E-02
 0.57000E+02, 0.35000E+02, 0.39516E+03, 0.68651E+00, 0.39347E-02
 0.58000E+02, 0.35000E+02, 0.38795E+03, 0.60873E+00, 0.43896E-02
 0.59000E+02, 0.35000E+02, 0.38003E+03, 0.58498E+00, 0.45131E-02
 0.60000E+02, 0.35000E+02, 0.37781E+03, 0.44820E+00, 0.58703E-02
 0.61000E+02, 0.35000E+02, 0.34727E+03, 0.19554E+00, 0.12824E-01
 0.62000E+02, 0.35000E+02, 0.35143E+03, 0.22032E+00, 0.11458E-01
 0.63000E+02, 0.35000E+02, 0.33578E+03, 0.20363E+00, 0.12087E-01
 0.64000E+02, 0.35000E+02, 0.34444E+03, 0.25584E+00, 0.97568E-02
 0.65000E+02, 0.35000E+02, 0.34159E+03, 0.26393E+00, 0.94142E-02
 0.00000E+00, 0.36000E+02, 0.65839E+03, 0.20675E+00, 0.18211E-01
 0.10000E+01, 0.36000E+02, 0.74220E+03, 0.16965E+00, 0.24191E-01
 0.20000E+01, 0.36000E+02, 0.73093E+03, 0.16589E+00, 0.24464E-01
 0.30000E+01, 0.36000E+02, 0.76104E+03, 0.14017E+00, 0.29820E-01
 0.40000E+01, 0.36000E+02, 0.74758E+03, 0.13022E+00, 0.31683E-01
 0.50000E+01, 0.36000E+02, 0.67898E+03, 0.13354E+00, 0.28817E-01
 0.60000E+01, 0.36000E+02, 0.47402E+03, 0.20080E+00, 0.15039E-01
 0.70000E+01, 0.36000E+02, 0.40994E+03, 0.18872E+00, 0.14630E-01
 0.80000E+01, 0.36000E+02, 0.94513E+03, 0.17333E+00, 0.28409E-01
 0.90000E+01, 0.36000E+02, 0.92198E+03, 0.15636E+00, 0.30894E-01
 0.10000E+02, 0.36000E+02, 0.89589E+03, 0.14967E+00, 0.31570E-01
 0.11000E+02, 0.36000E+02, 0.91136E+03, 0.15827E+00, 0.30249E-01
 0.12000E+02, 0.36000E+02, 0.92879E+03, 0.17575E+00, 0.27641E-01
 0.13000E+02, 0.36000E+02, 0.99762E+03, 0.17845E+00, 0.28783E-01
 0.14000E+02, 0.36000E+02, 0.10302E+04, 0.19519E+00, 0.26989E-01
 0.15000E+02, 0.36000E+02, 0.95596E+03, 0.24550E+00, 0.20236E-01
 0.16000E+02, 0.36000E+02, 0.90060E+03, 0.18424E+00, 0.25750E-01
 0.17000E+02, 0.36000E+02, 0.78927E+03, 0.22014E+00, 0.19506E-01
 0.18000E+02, 0.36000E+02, 0.69020E+03, 0.17401E+00, 0.22376E-01
 0.19000E+02, 0.36000E+02, 0.54390E+03, 0.22265E+00, 0.14832E-01
 0.20000E+02, 0.36000E+02, 0.56021E+03, 0.20929E+00, 0.16094E-01
 0.21000E+02, 0.36000E+02, 0.58740E+03, 0.24705E+00, 0.14079E-01
 0.22000E+02, 0.36000E+02, 0.62069E+03, 0.27059E+00, 0.13351E-01
 0.23000E+02, 0.36000E+02, 0.65836E+03, 0.25955E+00, 0.14506E-01
 0.24000E+02, 0.36000E+02, 0.70857E+03, 0.26780E+00, 0.14817E-01
 0.25000E+02, 0.36000E+02, 0.79839E+03, 0.24921E+00, 0.17379E-01
 0.26000E+02, 0.36000E+02, 0.84820E+03, 0.24064E+00, 0.18834E-01
 0.27000E+02, 0.36000E+02, 0.86089E+03, 0.22191E+00, 0.20655E-01
 0.28000E+02, 0.36000E+02, 0.75168E+03, 0.35243E+00, 0.11753E-01
 0.29000E+02, 0.36000E+02, 0.60852E+03, 0.38831E+00, 0.91772E-02
 0.30000E+02, 0.36000E+02, 0.52271E+03, 0.37559E+00, 0.85644E-02
 0.31000E+02, 0.36000E+02, 0.47614E+03, 0.36814E+00, 0.82265E-02
 0.32000E+02, 0.36000E+02, 0.46520E+03, 0.37862E+00, 0.78820E-02
 0.33000E+02, 0.36000E+02, 0.49462E+03, 0.49950E+00, 0.62126E-02
 0.34000E+02, 0.36000E+02, 0.41062E+03, 0.59459E+00, 0.46481E-02
 0.35000E+02, 0.36000E+02, 0.39344E+03, 0.58601E+00, 0.45976E-02
 0.36000E+02, 0.36000E+02, 0.40489E+03, 0.60691E+00, 0.45155E-02
 0.37000E+02, 0.36000E+02, 0.41519E+03, 0.53589E+00, 0.51916E-02
 0.38000E+02, 0.36000E+02, 0.40009E+03, 0.59880E+00, 0.45443E-02
 0.39000E+02, 0.36000E+02, 0.40020E+03, 0.62673E+00, 0.43425E-02
 0.40000E+02, 0.36000E+02, 0.40799E+03, 0.66340E+00, 0.41499E-02
 0.41000E+02, 0.36000E+02, 0.41451E+03, 0.73267E+00, 0.37935E-02
 0.42000E+02, 0.36000E+02, 0.42440E+03, 0.72448E+00, 0.38915E-02
 0.43000E+02, 0.36000E+02, 0.42706E+03, 0.65312E+00, 0.43332E-02
 0.44000E+02, 0.36000E+02, 0.42224E+03, 0.87942E+00, 0.31960E-02
 0.45000E+02, 0.36000E+02, 0.43189E+03, 0.67071E+00, 0.42487E-02
 0.46000E+02, 0.36000E+02, 0.43119E+03, 0.63038E+00, 0.45160E-02
 0.47000E+02, 0.36000E+02, 0.43572E+03, 0.63059E+00, 0.45435E-02
 0.48000E+02, 0.36000E+02, 0.43636E+03, 0.58951E+00, 0.48645E-02
 0.49000E+02, 0.36000E+02, 0.43408E+03, 0.63482E+00, 0.45028E-02
 0.50000E+02, 0.36000E+02, 0.43223E+03, 0.64670E+00, 0.44085E-02
 0.51000E+02, 0.36000E+02, 0.42992E+03, 0.70859E+00, 0.40103E-02
 0.52000E+02, 0.36000E+02, 0.41893E+03, 0.68240E+00, 0.40992E-02
 0.53000E+02, 0.36000E+02, 0.41201E+03, 0.61619E+00, 0.44942E-02
 0.54000E+02, 0.36000E+02, 0.41491E+03, 0.62354E+00, 0.44600E-02
 0.55000E+02, 0.36000E+02, 0.40953E+03, 0.58314E+00, 0.47317E-02
 0.56000E+02, 0.36000E+02, 0.40038E+03, 0.54908E+00, 0.49579E-02
 0.57000E+02, 0.36000E+02, 0.38652E+03, 0.47744E+00, 0.55845E-02
 0.58000E+02, 0.36000E+02, 0.39899E+03, 0.60514E+00, 0.44893E-02
 0.59000E+02, 0.36000E+02, 0.39415E+03, 0.57877E+00, 0.46600E-02
 0.60000E+02, 0.36000E+02, 0.38436E+03, 0.55792E+00, 0.47633E-02
 0.61000E+02, 0.36000E+02, 0.38915E+03, 0.61082E+00, 0.43825E-02
 0.62000E+02, 0.36000E+02, 0.38237E+03, 0.39677E+00, 0.66778E-02
 0.63000E+02, 0.36000E+02, 0.36135E+03, 0.24814E+00, 0.10335E-01
 0.64000E+02, 0.36000E+02, 0.33844E+03, 0.23158E+00, 0.10674E-01
 0.65000E+02, 0.36000E+02, 0.33798E+03, 0.24857E+00, 0.99371E-02
 0.00000E+00, 0.37000E+02, 0.69167E+03, 0.18502E+00, 0.21077E-01
 0.10000E+01, 0.37000E+02, 0.72167E+03, 0.17117E+00, 0.23490E-01
 0.20000E+01, 0.37000E+02, 0.73401E+03, 0.15703E+00, 0.25923E-01
 0.30000E+01, 0.37000E+02, 0.76256E+03, 0.13076E+00, 0.32015E-01
 0.40000E+01, 0.37000E+02, 0.73388E+03, 0.13914E+00, 0.29252E-01
 0.50000E+01, 0.37000E+02, 0.68285E+03, 0.13454E+00, 0.28720E-01
 0.60000E+01, 0.37000E+02, 0.54151E+03, 0.18693E+00, 0.17615E-01
 0.70000E+01, 0.37000E+02, 0.45986E+03, 0.19022E+00, 0.15575E-01
 0.80000E+01, 0.37000E+02, 0.93940E+03, 0.15514E+00, 0.31590E-01
 0.90000E+01, 0.37000E+02, 0.89299E+03, 0.15529E+00, 0.30352E-01
 0.10000E+02, 0.37000E+02, 0.86412E+03, 0.23677E+00, 0.19414E-01
 0.11000E+02, 0.37000E+02, 0.84492E+03, 0.17849E+00, 0.25319E-01
 0.12000E+02, 0.37000E+02, 0.89950E+03, 0.18721E+00, 0.25317E-01
 0.13000E+02, 0.37000E+02, 0.99597E+03, 0.19388E+00, 0.26458E-01
 0.14000E+02, 0.37000E+02, 0.89862E+03, 0.28929E+00, 0.16371E-01
 0.15000E+02, 0.37000E+02, 0.77090E+03, 0.26646E+00, 0.15837E-01
 0.16000E+02, 0.37000E+02, 0.65087E+03, 0.23212E+00, 0.16090E-01
 0.17000E+02, 0.37000E+02, 0.64060E+03, 0.18716E+00, 0.19733E-01
 0.18000E+02, 0.37000E+02, 0.54296E+03, 0.21806E+00, 0.15127E-01
 0.19000E+02, 0.37000E+02, 0.53465E+03, 0.25586E+00, 0.12761E-01
 0.20000E+02, 0.37000E+02, 0.54615E+03, 0.28810E+00, 0.11494E-01
 0.21000E+02, 0.37000E+02, 0.57721E+03, 0.31676E+00, 0.10851E-01
 0.22000E+02, 0.37000E+02, 0.62637E+03, 0.31934E+00, 0.11385E-01
 0.23000E+02, 0.37000E+02, 0.68259E+03, 0.27643E+00, 0.13974E-01
 0.24000E+02, 0.37000E+02, 0.76819E+03, 0.30418E+00, 0.13837E-01
 0.25000E+02, 0.37000E+02, 0.83331E+03, 0.22745E+00, 0.19662E-01
 0.26000E+02, 0.37000E+02, 0.85245E+03, 0.22014E+00, 0.20667E-01
 0.27000E+02, 0.37000E+02, 0.80381E+03, 0.39918E+00, 0.10905E-01
 0.28000E+02, 0.37000E+02, 0.63631E+03, 0.40373E+00, 0.91048E-02
 0.29000E+02, 0.37000E+02, 0.60806E+03, 0.36819E+00, 0.96734E-02
 0.30000E+02, 0.37000E+02, 0.55489E+03, 0.37195E+00, 0.89981E-02
 0.31000E+02, 0.37000E+02, 0.50471E+03, 0.39743E+00, 0.79108E-02
 0.32000E+02, 0.37000E+02, 0.48356E+03, 0.50958E+00, 0.60020E-02
 0.33000E+02, 0.37000E+02, 0.44579E+03, 0.50233E+00, 0.57847E-02
 0.34000E+02, 0.37000E+02, 0.41740E+03, 0.58158E+00, 0.47992E-02
 0.35000E+02, 0.37000E+02, 0.40104E+03, 0.56427E+00, 0.48292E-02
 0.36000E+02, 0.37000E+02, 0.40998E+03, 0.67155E+00, 0.41115E-02
 0.37000E+02, 0.37000E+02, 0.41158E+03, 0.66890E+00, 0.41375E-02
 0.38000E+02, 0.37000E+02, 0.41123E+03, 0.71659E+00, 0.38602E-02
 0.39000E+02, 0.37000E+02, 0.41304E+03, 0.79881E+00, 0.34720E-02
 0.40000E+02, 0.37000E+02, 0.41361E+03, 0.75102E+00, 0.36960E-02
 0.41000E+02, 0.37000E+02, 0.41879E+03, 0.67237E+00, 0.41594E-02
 0.42000E+02, 0.37000E+02, 0.42204E+03, 0.62503E+00, 0.44955E-02
 0.43000E+02, 0.37000E+02, 0.42855E+03, 0.58184E+00, 0.48744E-02
 0.44000E+02, 0.37000E+02, 0.43553E+03, 0.71005E+00, 0.40341E-02
 0.45000E+02, 0.37000E+02, 0.43608E+03, 0.68836E+00, 0.41644E-02
 0.46000E+02, 0.37000E+02, 0.43404E+03, 0.63926E+00, 0.44713E-02
 0.47000E+02, 0.37000E+02, 0.44045E+03, 0.62017E+00, 0.46508E-02
 0.48000E+02, 0.37000E+02, 0.44522E+03, 0.66379E+00, 0.43742E-02
 0.49000E+02, 0.37000E+02, 0.44578E+03, 0.77300E+00, 0.37591E-02
 0.50000E+02, 0.37000E+02, 0.43574E+03, 0.61241E+00, 0.46786E-02
 0.51000E+02, 0.37000E+02, 0.43758E+03, 0.64730E+00, 0.44379E-02
 0.52000E+02, 0.37000E+02, 0.43858E+03, 0.65503E+00, 0.43917E-02
 0.53000E+02, 0.37000E+02, 0.43209E+03, 0.65558E+00, 0.43480E-02
 0.54000E+02, 0.37000E+02, 0.42366E+03, 0.60104E+00, 0.46859E-02
 0.55000E+02, 0.37000E+02, 0.41260E+03, 0.50463E+00, 0.54925E-02
 0.56000E+02, 0.37000E+02, 0.40300E+03, 0.45206E+00, 0.60455E-02
 0.57000E+02, 0.37000E+02, 0.39483E+03, 0.46085E+00, 0.58585E-02
 0.58000E+02, 0.37000E+02, 0.40066E+03, 0.65600E+00, 0.41515E-02
 0.59000E+02, 0.37000E+02, 0.40499E+03, 0.75574E+00, 0.36268E-02
 0.60000E+02, 0.37000E+02, 0.39609E+03, 0.57830E+00, 0.46774E-02
 0.61000E+02, 0.37000E+02, 0.39719E+03, 0.59320E+00, 0.45675E-02
 0.62000E+02, 0.37000E+02, 0.38864E+03, 0.50268E+00, 0.53212E-02
 0.63000E+02, 0.37000E+02, 0.37805E+03, 0.44981E+00, 0.58515E-02
 0.64000E+02, 0.37000E+02, 0.33793E+03, 0.23560E+00, 0.10483E-01
 0.65000E+02, 0.37000E+02, 0.32569E+03, 0.20733E+00, 0.11674E-01
 0.00000E+00, 0.38000E+02, 0.68413E+03, 0.18534E+00, 0.20876E-01
 0.10000E+01, 0.38000E+02, 0.70566E+03, 0.17798E+00, 0.22228E-01
 0.20000E+01, 0.38000E+02, 0.74518E+03, 0.14570E+00, 0.28249E-01
 0.30000E+01, 0.38000E+02, 0.74063E+03, 0.13967E+00, 0.29337E-01
 0.40000E+01, 0.38000E+02, 0.66636E+03, 0.15893E+00, 0.23893E-01
 0.50000E+01, 0.38000E+02, 0.68185E+03, 0.13843E+00, 0.27883E-01
 0.60000E+01, 0.38000E+02, 0.55515E+03, 0.18914E+00, 0.17701E-01
 0.70000E+01, 0.38000E+02, 0.49613E+03, 0.19342E+00, 0.16076E-01
 0.80000E+01, 0.38000E+02, 0.89132E+03, 0.14378E+00, 0.32735E-01
 0.90000E+01, 0.38000E+02, 0.79765E+03, 0.18602E+00, 0.23266E-01
 0.10000E+02, 0.38000E+02, 0.70102E+03, 0.25695E+00, 0.15324E-01
 0.11000E+02, 0.38000E+02, 0.79621E+03, 0.16796E+00, 0.25733E-01
 0.12000E+02, 0.38000E+02, 0.88166E+03, 0.17829E+00, 0.26180E-01
 0.13000E+02, 0.38000E+02, 0.87475E+03, 0.26739E+00, 0.17351E-01
 0.14000E+02, 0.38000E+02, 0.76259E+03, 0.23468E+00, 0.17839E-01
 0.15000E+02, 0.38000E+02, 0.73782E+03, 0.19747E+00, 0.20692E-01
 0.16000E+02, 0.38000E+02, 0.67209E+03, 0.17214E+00, 0.22194E-01
 0.17000E+02, 0.38000E+02, 0.55285E+03, 0.18772E+00, 0.17784E-01
 0.18000E+02, 0.38000E+02, 0.50516E+03, 0.25709E+00, 0.12236E-01
 0.19000E+02, 0.38000E+02, 0.51172E+03, 0.30730E+00, 0.10323E-01
 0.20000E+02, 0.38000E+02, 0.51741E+03, 0.33387E+00, 0.95706E-02
 0.21000E+02, 0.38000E+02, 0.54910E+03, 0.33924E+00, 0.97967E-02
 0.22000E+02, 0.38000E+02, 0.60191E+03, 0.35542E+00, 0.99512E-02
 0.23000E+02, 0.38000E+02, 0.65592E+03, 0.36595E+00, 0.10261E-01
 0.24000E+02, 0.38000E+02, 0.73457E+03, 0.51584E+00, 0.78958E-02
 0.25000E+02, 0.38000E+02, 0.75981E+03, 0.50360E+00, 0.82904E-02
 0.26000E+02, 0.38000E+02, 0.78775E+03, 0.39765E+00, 0.10783E-01
 0.27000E+02, 0.38000E+02, 0.64774E+03, 0.49149E+00, 0.75731E-02
 0.28000E+02, 0.38000E+02, 0.56226E+03, 0.42339E+00, 0.79750E-02
 0.29000E+02, 0.38000E+02, 0.56732E+03, 0.39011E+00, 0.87080E-02
 0.30000E+02, 0.38000E+02, 0.56173E+03, 0.40957E+00, 0.82390E-02
 0.31000E+02, 0.38000E+02, 0.53411E+03, 0.41358E+00, 0.78891E-02
 0.32000E+02, 0.38000E+02, 0.49390E+03, 0.44988E+00, 0.68914E-02
 0.33000E+02, 0.38000E+02, 0.45292E+03, 0.42106E+00, 0.69696E-02
 0.34000E+02, 0.38000E+02, 0.41723E+03, 0.49838E+00, 0.55989E-02
 0.35000E+02, 0.38000E+02, 0.40073E+03, 0.60538E+00, 0.44992E-02
 0.36000E+02, 0.38000E+02, 0.39487E+03, 0.62156E+00, 0.43440E-02
 0.37000E+02, 0.38000E+02, 0.38769E+03, 0.50018E+00, 0.53401E-02
 0.38000E+02, 0.38000E+02, 0.38888E+03, 0.45457E+00, 0.58864E-02
 0.39000E+02, 0.38000E+02, 0.40638E+03, 0.60011E+00, 0.45768E-02
 0.40000E+02, 0.38000E+02, 0.41433E+03, 0.59139E+00, 0.46986E-02
 0.41000E+02, 0.38000E+02, 0.41682E+03, 0.67484E+00, 0.41325E-02
 0.42000E+02, 0.38000E+02, 0.42180E+03, 0.77586E+00, 0.36203E-02
 0.43000E+02, 0.38000E+02, 0.41886E+03, 0.65462E+00, 0.42727E-02
 0.44000E+02, 0.38000E+02, 0.42373E+03, 0.51167E+00, 0.55049E-02
 0.45000E+02, 0.38000E+02, 0.40439E+03, 0.48645E+00, 0.56295E-02
 0.46000E+02, 0.38000E+02, 0.43207E+03, 0.59621E+00, 0.47809E-02
 0.47000E+02, 0.38000E+02, 0.44473E+03, 0.60820E+00, 0.47707E-02
 0.48000E+02, 0.38000E+02, 0.46989E+03, 0.79798E+00, 0.37635E-02
 0.49000E+02, 0.38000E+02, 0.44681E+03, 0.71362E+00, 0.40777E-02
 0.50000E+02, 0.38000E+02, 0.43075E+03, 0.58984E+00, 0.48235E-02
 0.51000E+02, 0.38000E+02, 0.43494E+03, 0.67264E+00, 0.42548E-02
 0.52000E+02, 0.38000E+02, 0.43694E+03, 0.72680E+00, 0.39489E-02
 0.53000E+02, 0.38000E+02, 0.42980E+03, 0.64052E+00, 0.44357E-02
 0.54000E+02, 0.38000E+02, 0.40811E+03, 0.46521E+00, 0.59189E-02
 0.55000E+02, 0.38000E+02, 0.38414E+03, 0.44045E+00, 0.60316E-02
 0.56000E+02, 0.38000E+02, 0.37357E+03, 0.45310E+00, 0.57691E-02
 0.57000E+02, 0.38000E+02, 0.38233E+03, 0.45151E+00, 0.58678E-02
 0.58000E+02, 0.38000E+02, 0.38702E+03, 0.50226E+00, 0.53125E-02
 0.59000E+02, 0.38000E+02, 0.38360E+03, 0.52633E+00, 0.50434E-02
 0.60000E+02, 0.38000E+02, 0.38795E+03, 0.52823E+00, 0.50585E-02
 0.61000E+02, 0.38000E+02, 0.38055E+03, 0.53169E+00, 0.49693E-02
 0.62000E+02, 0.38000E+02, 0.37834E+03, 0.58195E+00, 0.45248E-02
 0.63000E+02, 0.38000E+02, 0.36551E+03, 0.38996E+00, 0.66194E-02
 0.64000E+02, 0.38000E+02, 0.34177E+03, 0.29374E+00, 0.84613E-02
 0.65000E+02, 0.38000E+02, 0.32644E+03, 0.21731E+00, 0.11152E-01
 0.00000E+00, 0.39000E+02, 0.65618E+03, 0.18070E+00, 0.20787E-01
 0.10000E+01, 0.39000E+02, 0.72078E+03, 0.15681E+00, 0.25619E-01
 0.20000E+01, 0.39000E+02, 0.72677E+03, 0.14383E+00, 0.28099E-01
 0.30000E+01, 0.39000E+02, 0.68057E+03, 0.15543E+00, 0.24800E-01
 0.40000E+01, 0.39000E+02, 0.64288E+03, 0.16329E+00, 0.22674E-01
 0.50000E+01, 0.39000E+02, 0.64382E+03, 0.15206E+00, 0.24373E-01
 0.60000E+01, 0.39000E+02, 0.67624E+03, 0.18422E+00, 0.20830E-01
 0.70000E+01, 0.39000E+02, 0.67385E+03, 0.18298E+00, 0.20919E-01
 0.80000E+01, 0.39000E+02, 0.75568E+03, 0.14009E+00, 0.29684E-01
 0.90000E+01, 0.39000E+02, 0.62455E+03, 0.34570E+00, 0.10496E-01
 0.10000E+02, 0.39000E+02, 0.57431E+03, 0.34972E+00, 0.97943E-02
 0.11000E+02, 0.39000E+02, 0.66021E+03, 0.23819E+00, 0.15838E-01
 0.12000E+02, 0.39000E+02, 0.73579E+03, 0.21443E+00, 0.19018E-01
 0.13000E+02, 0.39000E+02, 0.70348E+03, 0.27407E+00, 0.14403E-01
 0.14000E+02, 0.39000E+02, 0.66822E+03, 0.25674E+00, 0.14820E-01
 0.15000E+02, 0.39000E+02, 0.66839E+03, 0.18163E+00, 0.20952E-01
 0.16000E+02, 0.39000E+02, 0.62639E+03, 0.16302E+00, 0.22302E-01
 0.17000E+02, 0.39000E+02, 0.54135E+03, 0.25032E+00, 0.13151E-01
 0.18000E+02, 0.39000E+02, 0.49679E+03, 0.32684E+00, 0.95214E-02
 0.19000E+02, 0.39000E+02, 0.49188E+03, 0.35512E+00, 0.87074E-02
 0.20000E+02, 0.39000E+02, 0.51163E+03, 0.34324E+00, 0.92413E-02
 0.21000E+02, 0.39000E+02, 0.55131E+03, 0.32050E+00, 0.10397E-01
 0.22000E+02, 0.39000E+02, 0.60368E+03, 0.31000E+00, 0.11432E-01
 0.23000E+02, 0.39000E+02, 0.63932E+03, 0.42492E+00, 0.86794E-02
 0.24000E+02, 0.39000E+02, 0.72494E+03, 0.54307E+00, 0.74283E-02
 0.25000E+02, 0.39000E+02, 0.70827E+03, 0.55125E+00, 0.71959E-02
 0.26000E+02, 0.39000E+02, 0.65679E+03, 0.54723E+00, 0.68685E-02
 0.27000E+02, 0.39000E+02, 0.59098E+03, 0.51925E+00, 0.67264E-02
 0.28000E+02, 0.39000E+02, 0.53775E+03, 0.48970E+00, 0.66928E-02
 0.29000E+02, 0.39000E+02, 0.52769E+03, 0.41444E+00, 0.78103E-02
 0.30000E+02, 0.39000E+02, 0.54521E+03, 0.38657E+00, 0.85564E-02
 0.31000E+02, 0.39000E+02, 0.53694E+03, 0.37015E+00, 0.88456E-02
 0.32000E+02, 0.39000E+02, 0.52842E+03, 0.37503E+00, 0.86389E-02
 0.33000E+02, 0.39000E+02, 0.47337E+03, 0.36884E+00, 0.81806E-02
 0.34000E+02, 0.39000E+02, 0.42439E+03, 0.40108E+00, 0.70294E-02
 0.35000E+02, 0.39000E+02, 0.40290E+03, 0.59512E+00, 0.45915E-02
 0.36000E+02, 0.39000E+02, 0.39244E+03, 0.51806E+00, 0.51928E-02
 0.37000E+02, 0.39000E+02, 0.39893E+03, 0.42748E+00, 0.63546E-02
 0.38000E+02, 0.39000E+02, 0.40380E+03, 0.37489E+00, 0.72985E-02
 0.39000E+02, 0.39000E+02, 0.40966E+03, 0.45307E+00, 0.60914E-02
 0.40000E+02, 0.39000E+02, 0.41341E+03, 0.46185E+00, 0.60084E-02
 0.41000E+02, 0.39000E+02, 0.41815E+03, 0.62478E+00, 0.44722E-02
 0.42000E+02, 0.39000E+02, 0.42269E+03, 0.62931E+00, 0.44692E-02
 0.43000E+02, 0.39000E+02, 0.42128E+03, 0.60510E+00, 0.46385E-02
 0.44000E+02, 0.39000E+02, 0.41627E+03, 0.50468E+00, 0.55214E-02
 0.45000E+02, 0.39000E+02, 0.42454E+03, 0.58190E+00, 0.48461E-02
 0.46000E+02, 0.39000E+02, 0.44158E+03, 0.63136E+00, 0.45756E-02
 0.47000E+02, 0.39000E+02, 0.44435E+03, 0.52890E+00, 0.54831E-02
 0.48000E+02, 0.39000E+02, 0.47130E+03, 0.78689E+00, 0.38238E-02
 0.49000E+02, 0.39000E+02, 0.43365E+03, 0.50401E+00, 0.56681E-02
 0.50000E+02, 0.39000E+02, 0.43520E+03, 0.56552E+00, 0.50627E-02
 0.51000E+02, 0.39000E+02, 0.43699E+03, 0.63986E+00, 0.44857E-02
 0.52000E+02, 0.39000E+02, 0.42260E+03, 0.57236E+00, 0.49132E-02
 0.53000E+02, 0.39000E+02, 0.40294E+03, 0.48406E+00, 0.56452E-02
 0.54000E+02, 0.39000E+02, 0.38300E+03, 0.42093E+00, 0.63005E-02
 0.55000E+02, 0.39000E+02, 0.38466E+03, 0.45522E+00, 0.58406E-02
 0.56000E+02, 0.39000E+02, 0.36424E+03, 0.47308E+00, 0.54456E-02
 0.57000E+02, 0.39000E+02, 0.36802E+03, 0.46643E+00, 0.55561E-02
 0.58000E+02, 0.39000E+02, 0.36823E+03, 0.46856E+00, 0.55326E-02
 0.59000E+02, 0.39000E+02, 0.35836E+03, 0.45972E+00, 0.55522E-02
 0.60000E+02, 0.39000E+02, 0.36272E+03, 0.48684E+00, 0.52791E-02
 0.61000E+02, 0.39000E+02, 0.37048E+03, 0.51591E+00, 0.50424E-02
 0.62000E+02, 0.39000E+02, 0.36978E+03, 0.53193E+00, 0.48852E-02
 0.63000E+02, 0.39000E+02, 0.37186E+03, 0.42996E+00, 0.60635E-02
 0.64000E+02, 0.39000E+02, 0.35876E+03, 0.40225E+00, 0.63494E-02
 0.65000E+02, 0.39000E+02, 0.32815E+03, 0.25314E+00, 0.96007E-02
 0.00000E+00, 0.40000E+02, 0.58575E+03, 0.18907E+00, 0.18361E-01
 0.10000E+01, 0.40000E+02, 0.57911E+03, 0.18637E+00, 0.18483E-01
 0.20000E+01, 0.40000E+02, 0.60660E+03, 0.17195E+00, 0.20679E-01
 0.30000E+01, 0.40000E+02, 0.59518E+03, 0.17113E+00, 0.20509E-01
 0.40000E+01, 0.40000E+02, 0.58394E+03, 0.16682E+00, 0.20766E-01
 0.50000E+01, 0.40000E+02, 0.60013E+03, 0.16256E+00, 0.21713E-01
 0.60000E+01, 0.40000E+02, 0.55971E+03, 0.19465E+00, 0.17294E-01
 0.70000E+01, 0.40000E+02, 0.59611E+03, 0.20238E+00, 0.17360E-01
 0.80000E+01, 0.40000E+02, 0.61341E+03, 0.19277E+00, 0.18589E-01
 0.90000E+01, 0.40000E+02, 0.57485E+03, 0.36070E+00, 0.95023E-02
 0.10000E+02, 0.40000E+02, 0.54090E+03, 0.41112E+00, 0.80031E-02
 0.11000E+02, 0.40000E+02, 0.53985E+03, 0.38484E+00, 0.85386E-02
 0.12000E+02, 0.40000E+02, 0.56160E+03, 0.32695E+00, 0.10319E-01
 0.13000E+02, 0.40000E+02, 0.56522E+03, 0.30991E+00, 0.10934E-01
 0.14000E+02, 0.40000E+02, 0.56289E+03, 0.30147E+00, 0.11209E-01
 0.15000E+02, 0.40000E+02, 0.56400E+03, 0.26869E+00, 0.12593E-01
 0.16000E+02, 0.40000E+02, 0.57718E+03, 0.20593E+00, 0.16689E-01
 0.17000E+02, 0.40000E+02, 0.55134E+03, 0.23754E+00, 0.14029E-01
 0.18000E+02, 0.40000E+02, 0.49676E+03, 0.41499E+00, 0.74986E-02
 0.19000E+02, 0.40000E+02, 0.48533E+03, 0.33345E+00, 0.91935E-02
 0.20000E+02, 0.40000E+02, 0.51107E+03, 0.41424E+00, 0.76518E-02
 0.21000E+02, 0.40000E+02, 0.56516E+03, 0.26876E+00, 0.12607E-01
 0.22000E+02, 0.40000E+02, 0.60890E+03, 0.24747E+00, 0.14406E-01
 0.23000E+02, 0.40000E+02, 0.59184E+03, 0.43923E+00, 0.79596E-02
 0.24000E+02, 0.40000E+02, 0.67591E+03, 0.42653E+00, 0.89934E-02
 0.25000E+02, 0.40000E+02, 0.72055E+03, 0.48587E+00, 0.82663E-02
 0.26000E+02, 0.40000E+02, 0.63692E+03, 0.53565E+00, 0.68672E-02
 0.27000E+02, 0.40000E+02, 0.55039E+03, 0.51339E+00, 0.64836E-02
 0.28000E+02, 0.40000E+02, 0.47773E+03, 0.43909E+00, 0.69119E-02
 0.29000E+02, 0.40000E+02, 0.49760E+03, 0.44337E+00, 0.70263E-02
 0.30000E+02, 0.40000E+02, 0.52650E+03, 0.50436E+00, 0.64082E-02
 0.31000E+02, 0.40000E+02, 0.52986E+03, 0.41994E+00, 0.77289E-02
 0.32000E+02, 0.40000E+02, 0.47211E+03, 0.45110E+00, 0.66775E-02
 0.33000E+02, 0.40000E+02, 0.45992E+03, 0.42268E+00, 0.70099E-02
 0.34000E+02, 0.40000E+02, 0.43548E+03, 0.49664E+00, 0.57671E-02
 0.35000E+02, 0.40000E+02, 0.40614E+03, 0.54357E+00, 0.50510E-02
 0.36000E+02, 0.40000E+02, 0.40672E+03, 0.53335E+00, 0.51523E-02
 0.37000E+02, 0.40000E+02, 0.41085E+03, 0.47900E+00, 0.57716E-02
 0.38000E+02, 0.40000E+02, 0.40709E+03, 0.39612E+00, 0.69408E-02
 0.39000E+02, 0.40000E+02, 0.41130E+03, 0.35808E+00, 0.77256E-02
 0.40000E+02, 0.40000E+02, 0.42224E+03, 0.32998E+00, 0.85175E-02
 0.41000E+02, 0.40000E+02, 0.41941E+03, 0.50931E+00, 0.54962E-02
 0.42000E+02, 0.40000E+02, 0.42015E+03, 0.50795E+00, 0.55167E-02
 0.43000E+02, 0.40000E+02, 0.42466E+03, 0.59721E+00, 0.47227E-02
 0.44000E+02, 0.40000E+02, 0.42798E+03, 0.52705E+00, 0.53768E-02
 0.45000E+02, 0.40000E+02, 0.41323E+03, 0.51449E+00, 0.53922E-02
 0.46000E+02, 0.40000E+02, 0.42517E+03, 0.46413E+00, 0.60813E-02
 0.47000E+02, 0.40000E+02, 0.44810E+03, 0.52399E+00, 0.55634E-02
 0.48000E+02, 0.40000E+02, 0.46150E+03, 0.64220E+00, 0.46237E-02
 0.49000E+02, 0.40000E+02, 0.43587E+03, 0.51037E+00, 0.56150E-02
 0.50000E+02, 0.40000E+02, 0.39967E+03, 0.42643E+00, 0.63771E-02
 0.51000E+02, 0.40000E+02, 0.42054E+03, 0.57153E+00, 0.49057E-02
 0.52000E+02, 0.40000E+02, 0.41827E+03, 0.63068E+00, 0.44310E-02
 0.53000E+02, 0.40000E+02, 0.39618E+03, 0.55776E+00, 0.48504E-02
 0.54000E+02, 0.40000E+02, 0.38003E+03, 0.44604E+00, 0.59188E-02
 0.55000E+02, 0.40000E+02, 0.37629E+03, 0.47381E+00, 0.55400E-02
 0.56000E+02, 0.40000E+02, 0.37942E+03, 0.49872E+00, 0.52887E-02
 0.57000E+02, 0.40000E+02, 0.38132E+03, 0.49995E+00, 0.52910E-02
 0.58000E+02, 0.40000E+02, 0.37395E+03, 0.49171E+00, 0.53192E-02
 0.59000E+02, 0.40000E+02, 0.34481E+03, 0.42938E+00, 0.58170E-02
 0.60000E+02, 0.40000E+02, 0.34308E+03, 0.42370E+00, 0.58785E-02
 0.61000E+02, 0.40000E+02, 0.36714E+03, 0.47147E+00, 0.54891E-02
 0.62000E+02, 0.40000E+02, 0.38812E+03, 0.54801E+00, 0.48772E-02
 0.63000E+02, 0.40000E+02, 0.39482E+03, 0.71001E+00, 0.38025E-02
 0.64000E+02, 0.40000E+02, 0.37165E+03, 0.49860E+00, 0.52270E-02
 0.65000E+02, 0.40000E+02, 0.33649E+03, 0.25311E+00, 0.97350E-02
 0.00000E+00, 0.41000E+02, 0.58014E+03, 0.19524E+00, 0.17665E-01
 0.10000E+01, 0.41000E+02, 0.56322E+03, 0.18821E+00, 0.17961E-01
 0.20000E+01, 0.41000E+02, 0.58811E+03, 0.17441E+00, 0.19959E-01
 0.30000E+01, 0.41000E+02, 0.59963E+03, 0.16067E+00, 0.21956E-01
 0.40000E+01, 0.41000E+02, 0.59316E+03, 0.16525E+00, 0.21189E-01
 0.50000E+01, 0.41000E+02, 0.55975E+03, 0.15053E+00, 0.22364E-01
 0.60000E+01, 0.41000E+02, 0.48454E+03, 0.18366E+00, 0.16674E-01
 0.70000E+01, 0.41000E+02, 0.46023E+03, 0.17873E+00, 0.16585E-01
 0.80000E+01, 0.41000E+02, 0.57141E+03, 0.17455E+00, 0.19556E-01
 0.90000E+01, 0.41000E+02, 0.50022E+03, 0.30860E+00, 0.10129E-01
 0.10000E+02, 0.41000E+02, 0.50313E+03, 0.36038E+00, 0.87063E-02
 0.11000E+02, 0.41000E+02, 0.50462E+03, 0.42281E+00, 0.74350E-02
 0.12000E+02, 0.41000E+02, 0.50212E+03, 0.46241E+00, 0.67765E-02
 0.13000E+02, 0.41000E+02, 0.50335E+03, 0.44762E+00, 0.70114E-02
 0.14000E+02, 0.41000E+02, 0.51174E+03, 0.43630E+00, 0.72711E-02
 0.15000E+02, 0.41000E+02, 0.50861E+03, 0.43965E+00, 0.71869E-02
 0.16000E+02, 0.41000E+02, 0.51806E+03, 0.33978E+00, 0.94118E-02
 0.17000E+02, 0.41000E+02, 0.52151E+03, 0.28102E+00, 0.11430E-01
 0.18000E+02, 0.41000E+02, 0.49142E+03, 0.47784E+00, 0.64672E-02
 0.19000E+02, 0.41000E+02, 0.48773E+03, 0.39052E+00, 0.78749E-02
 0.20000E+02, 0.41000E+02, 0.50688E+03, 0.44298E+00, 0.71172E-02
 0.21000E+02, 0.41000E+02, 0.51772E+03, 0.50813E+00, 0.62909E-02
 0.22000E+02, 0.41000E+02, 0.55892E+03, 0.35363E+00, 0.95102E-02
 0.23000E+02, 0.41000E+02, 0.61294E+03, 0.28632E+00, 0.12508E-01
 0.24000E+02, 0.41000E+02, 0.58522E+03, 0.49294E+00, 0.70381E-02
 0.25000E+02, 0.41000E+02, 0.67552E+03, 0.41821E+00, 0.91686E-02
 0.26000E+02, 0.41000E+02, 0.69307E+03, 0.41294E+00, 0.94573E-02
 0.27000E+02, 0.41000E+02, 0.51971E+03, 0.47665E+00, 0.67232E-02
 0.28000E+02, 0.41000E+02, 0.45215E+03, 0.44119E+00, 0.66447E-02
 0.29000E+02, 0.41000E+02, 0.46024E+03, 0.41946E+00, 0.70668E-02
 0.30000E+02, 0.41000E+02, 0.49920E+03, 0.47547E+00, 0.65655E-02
 0.31000E+02, 0.41000E+02, 0.47574E+03, 0.51858E+00, 0.58368E-02
 0.32000E+02, 0.41000E+02, 0.44365E+03, 0.50966E+00, 0.56845E-02
 0.33000E+02, 0.41000E+02, 0.42711E+03, 0.51931E+00, 0.54502E-02
 0.34000E+02, 0.41000E+02, 0.42718E+03, 0.50758E+00, 0.55766E-02
 0.35000E+02, 0.41000E+02, 0.41255E+03, 0.56488E+00, 0.49063E-02
 0.36000E+02, 0.41000E+02, 0.39956E+03, 0.48714E+00, 0.55815E-02
 0.37000E+02, 0.41000E+02, 0.41080E+03, 0.59534E+00, 0.46434E-02
 0.38000E+02, 0.41000E+02, 0.40237E+03, 0.53645E+00, 0.50896E-02
 0.39000E+02, 0.41000E+02, 0.41073E+03, 0.35978E+00, 0.76828E-02
 0.40000E+02, 0.41000E+02, 0.42946E+03, 0.32889E+00, 0.86346E-02
 0.41000E+02, 0.41000E+02, 0.44151E+03, 0.34547E+00, 0.83611E-02
 0.42000E+02, 0.41000E+02, 0.43060E+03, 0.38644E+00, 0.73607E-02
 0.43000E+02, 0.41000E+02, 0.41972E+03, 0.49326E+00, 0.56774E-02
 0.44000E+02, 0.41000E+02, 0.42000E+03, 0.51776E+00, 0.54110E-02
 0.45000E+02, 0.41000E+02, 0.40532E+03, 0.44262E+00, 0.61955E-02
 0.46000E+02, 0.41000E+02, 0.41716E+03, 0.43983E+00, 0.63436E-02
 0.47000E+02, 0.41000E+02, 0.48880E+03, 0.11874E+01, 0.25935E-02
 0.48000E+02, 0.41000E+02, 0.44850E+03, 0.52065E+00, 0.56021E-02
 0.49000E+02, 0.41000E+02, 0.42539E+03, 0.51542E+00, 0.54778E-02
 0.50000E+02, 0.41000E+02, 0.39074E+03, 0.44496E+00, 0.60306E-02
 0.51000E+02, 0.41000E+02, 0.39995E+03, 0.45429E+00, 0.59886E-02
 0.52000E+02, 0.41000E+02, 0.39387E+03, 0.45046E+00, 0.59850E-02
 0.53000E+02, 0.41000E+02, 0.36658E+03, 0.47741E+00, 0.54161E-02
 0.54000E+02, 0.41000E+02, 0.38182E+03, 0.50114E+00, 0.52826E-02
 0.55000E+02, 0.41000E+02, 0.39185E+03, 0.48069E+00, 0.55916E-02
 0.56000E+02, 0.41000E+02, 0.39666E+03, 0.49999E+00, 0.54146E-02
 0.57000E+02, 0.41000E+02, 0.39492E+03, 0.51841E+00, 0.52087E-02
 0.58000E+02, 0.41000E+02, 0.38600E+03, 0.52544E+00, 0.50703E-02
 0.59000E+02, 0.41000E+02, 0.35411E+03, 0.43565E+00, 0.58194E-02
 0.60000E+02, 0.41000E+02, 0.35828E+03, 0.43496E+00, 0.58676E-02
 0.61000E+02, 0.41000E+02, 0.36397E+03, 0.45753E+00, 0.56283E-02
 0.62000E+02, 0.41000E+02, 0.38518E+03, 0.53398E+00, 0.49830E-02
 0.63000E+02, 0.41000E+02, 0.39124E+03, 0.65628E+00, 0.40917E-02
 0.64000E+02, 0.41000E+02, 0.37354E+03, 0.54147E+00, 0.48272E-02
 0.65000E+02, 0.41000E+02, 0.34008E+03, 0.27352E+00, 0.90618E-02
 0.00000E+00, 0.42000E+02, 0.62060E+03, 0.19477E+00, 0.18547E-01
 0.10000E+01, 0.42000E+02, 0.59413E+03, 0.18237E+00, 0.19221E-01
 0.20000E+01, 0.42000E+02, 0.59817E+03, 0.18269E+00, 0.19277E-01
 0.30000E+01, 0.42000E+02, 0.60067E+03, 0.17356E+00, 0.20349E-01
 0.40000E+01, 0.42000E+02, 0.61129E+03, 0.17356E+00, 0.20596E-01
 0.50000E+01, 0.42000E+02, 0.56687E+03, 0.15379E+00, 0.22078E-01
 0.60000E+01, 0.42000E+02, 0.44528E+03, 0.17098E+00, 0.16983E-01
 0.70000E+01, 0.42000E+02, 0.43589E+03, 0.17193E+00, 0.16669E-01
 0.80000E+01, 0.42000E+02, 0.52073E+03, 0.19705E+00, 0.16284E-01
 0.90000E+01, 0.42000E+02, 0.49465E+03, 0.26292E+00, 0.11803E-01
 0.10000E+02, 0.42000E+02, 0.48026E+03, 0.29900E+00, 0.10184E-01
 0.11000E+02, 0.42000E+02, 0.49247E+03, 0.35998E+00, 0.85962E-02
 0.12000E+02, 0.42000E+02, 0.49303E+03, 0.38471E+00, 0.80496E-02
 0.13000E+02, 0.42000E+02, 0.49308E+03, 0.40442E+00, 0.76578E-02
 0.14000E+02, 0.42000E+02, 0.49613E+03, 0.44782E+00, 0.69432E-02
 0.15000E+02, 0.42000E+02, 0.49507E+03, 0.45267E+00, 0.68593E-02
 0.16000E+02, 0.42000E+02, 0.49526E+03, 0.44338E+00, 0.70047E-02
 0.17000E+02, 0.42000E+02, 0.49576E+03, 0.41312E+00, 0.75227E-02
 0.18000E+02, 0.42000E+02, 0.48813E+03, 0.49481E+00, 0.62185E-02
 0.19000E+02, 0.42000E+02, 0.49907E+03, 0.52037E+00, 0.59980E-02
 0.20000E+02, 0.42000E+02, 0.50076E+03, 0.59823E+00, 0.52288E-02
 0.21000E+02, 0.42000E+02, 0.52296E+03, 0.47801E+00, 0.67316E-02
 0.22000E+02, 0.42000E+02, 0.55585E+03, 0.34599E+00, 0.96842E-02
 0.23000E+02, 0.42000E+02, 0.57274E+03, 0.36825E+00, 0.92844E-02
 0.24000E+02, 0.42000E+02, 0.56681E+03, 0.44610E+00, 0.76104E-02
 0.25000E+02, 0.42000E+02, 0.59025E+03, 0.48957E+00, 0.71282E-02
 0.26000E+02, 0.42000E+02, 0.62242E+03, 0.36565E+00, 0.98995E-02
 0.27000E+02, 0.42000E+02, 0.50695E+03, 0.47859E+00, 0.65881E-02
 0.28000E+02, 0.42000E+02, 0.47180E+03, 0.45651E+00, 0.65957E-02
 0.29000E+02, 0.42000E+02, 0.43782E+03, 0.39412E+00, 0.72912E-02
 0.30000E+02, 0.42000E+02, 0.42642E+03, 0.37690E+00, 0.75021E-02
 0.31000E+02, 0.42000E+02, 0.41323E+03, 0.37352E+00, 0.74272E-02
 0.32000E+02, 0.42000E+02, 0.38093E+03, 0.35424E+00, 0.74629E-02
 0.33000E+02, 0.42000E+02, 0.40214E+03, 0.41065E+00, 0.66464E-02
 0.34000E+02, 0.42000E+02, 0.40232E+03, 0.44408E+00, 0.61478E-02
 0.35000E+02, 0.42000E+02, 0.39935E+03, 0.46656E+00, 0.58258E-02
 0.36000E+02, 0.42000E+02, 0.40485E+03, 0.54102E+00, 0.50652E-02
 0.37000E+02, 0.42000E+02, 0.40800E+03, 0.55185E+00, 0.49888E-02
 0.38000E+02, 0.42000E+02, 0.41081E+03, 0.50908E+00, 0.54303E-02
 0.39000E+02, 0.42000E+02, 0.42394E+03, 0.34974E+00, 0.80560E-02
 0.40000E+02, 0.42000E+02, 0.43641E+03, 0.31420E+00, 0.91277E-02
 0.41000E+02, 0.42000E+02, 0.46018E+03, 0.35601E+00, 0.83255E-02
 0.42000E+02, 0.42000E+02, 0.45157E+03, 0.39467E+00, 0.74220E-02
 0.43000E+02, 0.42000E+02, 0.43007E+03, 0.50648E+00, 0.56118E-02
 0.44000E+02, 0.42000E+02, 0.41758E+03, 0.37483E+00, 0.74483E-02
 0.45000E+02, 0.42000E+02, 0.40956E+03, 0.38981E+00, 0.70788E-02
 0.46000E+02, 0.42000E+02, 0.41817E+03, 0.41382E+00, 0.67523E-02
 0.47000E+02, 0.42000E+02, 0.50571E+03, 0.25236E+01, 0.12474E-02
 0.48000E+02, 0.42000E+02, 0.43410E+03, 0.47992E+00, 0.59564E-02
 0.49000E+02, 0.42000E+02, 0.40122E+03, 0.46740E+00, 0.58316E-02
 0.50000E+02, 0.42000E+02, 0.38888E+03, 0.51966E+00, 0.51492E-02
 0.51000E+02, 0.42000E+02, 0.37155E+03, 0.47155E+00, 0.55260E-02
 0.52000E+02, 0.42000E+02, 0.35684E+03, 0.45124E+00, 0.56429E-02
 0.53000E+02, 0.42000E+02, 0.36381E+03, 0.51351E+00, 0.50135E-02
 0.54000E+02, 0.42000E+02, 0.37753E+03, 0.52875E+00, 0.49739E-02
 0.55000E+02, 0.42000E+02, 0.39996E+03, 0.55949E+00, 0.48627E-02
 0.56000E+02, 0.42000E+02, 0.40350E+03, 0.55906E+00, 0.48920E-02
 0.57000E+02, 0.42000E+02, 0.39628E+03, 0.55129E+00, 0.49080E-02
 0.58000E+02, 0.42000E+02, 0.38088E+03, 0.49900E+00, 0.52976E-02
 0.59000E+02, 0.42000E+02, 0.37130E+03, 0.45235E+00, 0.57583E-02
 0.60000E+02, 0.42000E+02, 0.37185E+03, 0.45938E+00, 0.56749E-02
 0.61000E+02, 0.42000E+02, 0.37139E+03, 0.50110E+00, 0.51988E-02
 0.62000E+02, 0.42000E+02, 0.37648E+03, 0.51539E+00, 0.50946E-02
 0.63000E+02, 0.42000E+02, 0.36895E+03, 0.49264E+00, 0.52680E-02
 0.64000E+02, 0.42000E+02, 0.36411E+03, 0.49190E+00, 0.52361E-02
 0.65000E+02, 0.42000E+02, 0.32674E+03, 0.30110E+00, 0.80525E-02
 0.00000E+00, 0.43000E+02, 0.69712E+03, 0.20742E+00, 0.18906E-01
 0.10000E+01, 0.43000E+02, 0.64378E+03, 0.19393E+00, 0.19110E-01
 0.20000E+01, 0.43000E+02, 0.63037E+03, 0.19473E+00, 0.18753E-01
 0.30000E+01, 0.43000E+02, 0.61959E+03, 0.17926E+00, 0.20129E-01
 0.40000E+01, 0.43000E+02, 0.58767E+03, 0.15876E+00, 0.21916E-01
 0.50000E+01, 0.43000E+02, 0.53758E+03, 0.14684E+00, 0.22316E-01
 0.60000E+01, 0.43000E+02, 0.43940E+03, 0.17049E+00, 0.16892E-01
 0.70000E+01, 0.43000E+02, 0.42188E+03, 0.16282E+00, 0.17253E-01
 0.80000E+01, 0.43000E+02, 0.50257E+03, 0.18031E+00, 0.17388E-01
 0.90000E+01, 0.43000E+02, 0.50081E+03, 0.22890E+00, 0.13666E-01
 0.10000E+02, 0.43000E+02, 0.49374E+03, 0.25214E+00, 0.12293E-01
 0.11000E+02, 0.43000E+02, 0.49693E+03, 0.27654E+00, 0.11255E-01
 0.12000E+02, 0.43000E+02, 0.48940E+03, 0.28708E+00, 0.10736E-01
 0.13000E+02, 0.43000E+02, 0.48470E+03, 0.31697E+00, 0.96637E-02
 0.14000E+02, 0.43000E+02, 0.48771E+03, 0.30972E+00, 0.99293E-02
 0.15000E+02, 0.43000E+02, 0.48537E+03, 0.40508E+00, 0.75684E-02
 0.16000E+02, 0.43000E+02, 0.49079E+03, 0.46991E+00, 0.65708E-02
 0.17000E+02, 0.43000E+02, 0.49324E+03, 0.47009E+00, 0.65893E-02
 0.18000E+02, 0.43000E+02, 0.49161E+03, 0.45925E+00, 0.67306E-02
 0.19000E+02, 0.43000E+02, 0.49142E+03, 0.47050E+00, 0.65680E-02
 0.20000E+02, 0.43000E+02, 0.49416E+03, 0.48046E+00, 0.64549E-02
 0.21000E+02, 0.43000E+02, 0.51215E+03, 0.53157E+00, 0.59711E-02
 0.22000E+02, 0.43000E+02, 0.53527E+03, 0.45465E+00, 0.71869E-02
 0.23000E+02, 0.43000E+02, 0.54096E+03, 0.52836E+00, 0.62277E-02
 0.24000E+02, 0.43000E+02, 0.53731E+03, 0.57534E+00, 0.56936E-02
 0.25000E+02, 0.43000E+02, 0.55900E+03, 0.48785E+00, 0.68943E-02
 0.26000E+02, 0.43000E+02, 0.59555E+03, 0.35785E+00, 0.98118E-02
 0.27000E+02, 0.43000E+02, 0.55798E+03, 0.37296E+00, 0.90072E-02
 0.28000E+02, 0.43000E+02, 0.54608E+03, 0.32573E+00, 0.10165E-01
 0.29000E+02, 0.43000E+02, 0.53929E+03, 0.26981E+00, 0.12170E-01
 0.30000E+02, 0.43000E+02, 0.46916E+03, 0.29709E+00, 0.10099E-01
 0.31000E+02, 0.43000E+02, 0.40518E+03, 0.35318E+00, 0.77628E-02
 0.32000E+02, 0.43000E+02, 0.36870E+03, 0.32532E+00, 0.79744E-02
 0.33000E+02, 0.43000E+02, 0.36424E+03, 0.33224E+00, 0.77540E-02
 0.34000E+02, 0.43000E+02, 0.38775E+03, 0.36342E+00, 0.73504E-02
 0.35000E+02, 0.43000E+02, 0.39941E+03, 0.40856E+00, 0.66535E-02
 0.36000E+02, 0.43000E+02, 0.40078E+03, 0.43310E+00, 0.62893E-02
 0.37000E+02, 0.43000E+02, 0.41901E+03, 0.36890E+00, 0.75836E-02
 0.38000E+02, 0.43000E+02, 0.42566E+03, 0.42790E+00, 0.66007E-02
 0.39000E+02, 0.43000E+02, 0.43640E+03, 0.33489E+00, 0.85635E-02
 0.40000E+02, 0.43000E+02, 0.45127E+03, 0.32034E+00, 0.91404E-02
 0.41000E+02, 0.43000E+02, 0.47058E+03, 0.38801E+00, 0.77473E-02
 0.42000E+02, 0.43000E+02, 0.48851E+03, 0.25597E+00, 0.12027E-01
 0.43000E+02, 0.43000E+02, 0.46215E+03, 0.37267E+00, 0.79749E-02
 0.44000E+02, 0.43000E+02, 0.43647E+03, 0.43361E+00, 0.66146E-02
 0.45000E+02, 0.43000E+02, 0.42320E+03, 0.29932E+00, 0.94030E-02
 0.46000E+02, 0.43000E+02, 0.46314E+03, 0.57876E+00, 0.51420E-02
 0.47000E+02, 0.43000E+02, 0.50933E+03, 0.29534E+01, 0.10709E-02
 0.48000E+02, 0.43000E+02, 0.51538E+03, 0.15266E+01, 0.20877E-02
 0.49000E+02, 0.43000E+02, 0.41099E+03, 0.38830E+00, 0.71212E-02
 0.50000E+02, 0.43000E+02, 0.38981E+03, 0.48436E+00, 0.55322E-02
 0.51000E+02, 0.43000E+02, 0.37748E+03, 0.53338E+00, 0.49303E-02
 0.52000E+02, 0.43000E+02, 0.34894E+03, 0.42051E+00, 0.59794E-02
 0.53000E+02, 0.43000E+02, 0.36829E+03, 0.49146E+00, 0.52753E-02
 0.54000E+02, 0.43000E+02, 0.39438E+03, 0.52311E+00, 0.51576E-02
 0.55000E+02, 0.43000E+02, 0.40453E+03, 0.64046E+00, 0.42767E-02
 0.56000E+02, 0.43000E+02, 0.40567E+03, 0.64408E+00, 0.42598E-02
 0.57000E+02, 0.43000E+02, 0.40240E+03, 0.57561E+00, 0.47436E-02
 0.58000E+02, 0.43000E+02, 0.39233E+03, 0.66650E+00, 0.40357E-02
 0.59000E+02, 0.43000E+02, 0.38981E+03, 0.62593E+00, 0.42809E-02
 0.60000E+02, 0.43000E+02, 0.38780E+03, 0.74230E+00, 0.35989E-02
 0.61000E+02, 0.43000E+02, 0.39400E+03, 0.77596E+00, 0.34751E-02
 0.62000E+02, 0.43000E+02, 0.38711E+03, 0.72127E+00, 0.37000E-02
 0.63000E+02, 0.43000E+02, 0.37409E+03, 0.51807E+00, 0.50495E-02
 0.64000E+02, 0.43000E+02, 0.36095E+03, 0.45044E+00, 0.56898E-02
 0.65000E+02, 0.43000E+02, 0.33260E+03, 0.34573E+00, 0.70817E-02
 0.00000E+00, 0.44000E+02, 0.10210E+04, 0.21248E+00, 0.24617E-01
 0.10000E+01, 0.44000E+02, 0.84381E+03, 0.16841E+00, 0.26808E-01
 0.20000E+01, 0.44000E+02, 0.63039E+03, 0.18770E+00, 0.19456E-01
 0.30000E+01, 0.44000E+02, 0.59034E+03, 0.17091E+00, 0.20421E-01
 0.40000E+01, 0.44000E+02, 0.58625E+03, 0.16129E+00, 0.21536E-01
 0.50000E+01, 0.44000E+02, 0.52029E+03, 0.14588E+00, 0.21983E-01
 0.60000E+01, 0.44000E+02, 0.43477E+03, 0.16905E+00, 0.16926E-01
 0.70000E+01, 0.44000E+02, 0.42836E+03, 0.16632E+00, 0.17048E-01
 0.80000E+01, 0.44000E+02, 0.47734E+03, 0.15320E+00, 0.19800E-01
 0.90000E+01, 0.44000E+02, 0.49434E+03, 0.17858E+00, 0.17371E-01
 0.10000E+02, 0.44000E+02, 0.49817E+03, 0.20909E+00, 0.14910E-01
 0.11000E+02, 0.44000E+02, 0.48934E+03, 0.26718E+00, 0.11535E-01
 0.12000E+02, 0.44000E+02, 0.45546E+03, 0.30461E+00, 0.96677E-02
 0.13000E+02, 0.44000E+02, 0.45439E+03, 0.30685E+00, 0.95831E-02
 0.14000E+02, 0.44000E+02, 0.47026E+03, 0.33200E+00, 0.90504E-02
 0.15000E+02, 0.44000E+02, 0.46479E+03, 0.38429E+00, 0.77613E-02
 0.16000E+02, 0.44000E+02, 0.47285E+03, 0.42203E+00, 0.71444E-02
 0.17000E+02, 0.44000E+02, 0.48778E+03, 0.46008E+00, 0.66847E-02
 0.18000E+02, 0.44000E+02, 0.49111E+03, 0.41506E+00, 0.74424E-02
 0.19000E+02, 0.44000E+02, 0.49295E+03, 0.37957E+00, 0.81578E-02
 0.20000E+02, 0.44000E+02, 0.49542E+03, 0.34695E+00, 0.89535E-02
 0.21000E+02, 0.44000E+02, 0.50566E+03, 0.43149E+00, 0.72952E-02
 0.22000E+02, 0.44000E+02, 0.52251E+03, 0.45295E+00, 0.71000E-02
 0.23000E+02, 0.44000E+02, 0.54281E+03, 0.35921E+00, 0.91811E-02
 0.24000E+02, 0.44000E+02, 0.53424E+03, 0.48278E+00, 0.67594E-02
 0.25000E+02, 0.44000E+02, 0.52887E+03, 0.49405E+00, 0.65613E-02
 0.26000E+02, 0.44000E+02, 0.55031E+03, 0.40918E+00, 0.81341E-02
 0.27000E+02, 0.44000E+02, 0.57905E+03, 0.28353E+00, 0.12149E-01
 0.28000E+02, 0.44000E+02, 0.57429E+03, 0.25282E+00, 0.13548E-01
 0.29000E+02, 0.44000E+02, 0.52114E+03, 0.26596E+00, 0.12071E-01
 0.30000E+02, 0.44000E+02, 0.48584E+03, 0.27801E+00, 0.11035E-01
 0.31000E+02, 0.44000E+02, 0.44221E+03, 0.30397E+00, 0.95119E-02
 0.32000E+02, 0.44000E+02, 0.37942E+03, 0.31107E+00, 0.84790E-02
 0.33000E+02, 0.44000E+02, 0.37058E+03, 0.30092E+00, 0.86462E-02
 0.34000E+02, 0.44000E+02, 0.37379E+03, 0.31888E+00, 0.82000E-02
 0.35000E+02, 0.44000E+02, 0.39882E+03, 0.38242E+00, 0.71020E-02
 0.36000E+02, 0.44000E+02, 0.39824E+03, 0.38260E+00, 0.70927E-02
 0.37000E+02, 0.44000E+02, 0.41966E+03, 0.33089E+00, 0.84626E-02
 0.38000E+02, 0.44000E+02, 0.42727E+03, 0.34002E+00, 0.83259E-02
 0.39000E+02, 0.44000E+02, 0.52485E+03, 0.25780E+00, 0.12511E-01
 0.40000E+02, 0.44000E+02, 0.52510E+03, 0.28308E+00, 0.11398E-01
 0.41000E+02, 0.44000E+02, 0.51813E+03, 0.32395E+00, 0.98726E-02
 0.42000E+02, 0.44000E+02, 0.45590E+03, 0.43389E+00, 0.67914E-02
 0.43000E+02, 0.44000E+02, 0.44624E+03, 0.44667E+00, 0.65095E-02
 0.44000E+02, 0.44000E+02, 0.44625E+03, 0.36556E+00, 0.79540E-02
 0.45000E+02, 0.44000E+02, 0.43604E+03, 0.25280E+00, 0.11339E-01
 0.46000E+02, 0.44000E+02, 0.46132E+03, 0.56083E+00, 0.52932E-02
 0.47000E+02, 0.44000E+02, 0.49035E+03, 0.18238E+01, 0.16921E-02
 0.48000E+02, 0.44000E+02, 0.54208E+03, 0.21189E+01, 0.15550E-02
 0.49000E+02, 0.44000E+02, 0.40207E+03, 0.35832E+00, 0.76164E-02
 0.50000E+02, 0.44000E+02, 0.36354E+03, 0.38792E+00, 0.66338E-02
 0.51000E+02, 0.44000E+02, 0.35835E+03, 0.43761E+00, 0.58325E-02
 0.52000E+02, 0.44000E+02, 0.38398E+03, 0.50323E+00, 0.52780E-02
 0.53000E+02, 0.44000E+02, 0.38246E+03, 0.44590E+00, 0.59426E-02
 0.54000E+02, 0.44000E+02, 0.37385E+03, 0.46417E+00, 0.56338E-02
 0.55000E+02, 0.44000E+02, 0.37407E+03, 0.59638E+00, 0.43864E-02
 0.56000E+02, 0.44000E+02, 0.37733E+03, 0.60683E+00, 0.43325E-02
 0.57000E+02, 0.44000E+02, 0.39763E+03, 0.67038E+00, 0.40442E-02
 0.58000E+02, 0.44000E+02, 0.39329E+03, 0.67028E+00, 0.40187E-02
 0.59000E+02, 0.44000E+02, 0.36588E+03, 0.65367E+00, 0.39513E-02
 0.60000E+02, 0.44000E+02, 0.39184E+03, 0.88878E+00, 0.30241E-02
 0.61000E+02, 0.44000E+02, 0.37819E+03, 0.92466E+00, 0.28471E-02
 0.62000E+02, 0.44000E+02, 0.37774E+03, 0.89435E+00, 0.29416E-02
 0.63000E+02, 0.44000E+02, 0.38033E+03, 0.81021E+00, 0.32600E-02
 0.64000E+02, 0.44000E+02, 0.36966E+03, 0.50063E+00, 0.51897E-02
 0.65000E+02, 0.44000E+02, 0.34366E+03, 0.37795E+00, 0.65962E-02
 0.00000E+00, 0.45000E+02, 0.90322E+03, 0.22009E+00, 0.21603E-01
 0.10000E+01, 0.45000E+02, 0.75492E+03, 0.17343E+00, 0.23959E-01
 0.20000E+01, 0.45000E+02, 0.61525E+03, 0.19644E+00, 0.18279E-01
 0.30000E+01, 0.45000E+02, 0.55356E+03, 0.15869E+00, 0.21057E-01
 0.40000E+01, 0.45000E+02, 0.54422E+03, 0.15076E+00, 0.21913E-01
 0.50000E+01, 0.45000E+02, 0.50611E+03, 0.14701E+00, 0.21425E-01
 0.60000E+01, 0.45000E+02, 0.45760E+03, 0.18555E+00, 0.15918E-01
 0.70000E+01, 0.45000E+02, 0.44928E+03, 0.17991E+00, 0.16230E-01
 0.80000E+01, 0.45000E+02, 0.41136E+03, 0.14347E+00, 0.19283E-01
 0.90000E+01, 0.45000E+02, 0.41745E+03, 0.14639E+00, 0.19068E-01
 0.10000E+02, 0.45000E+02, 0.46574E+03, 0.17887E+00, 0.16697E-01
 0.11000E+02, 0.45000E+02, 0.45820E+03, 0.26543E+00, 0.11137E-01
 0.12000E+02, 0.45000E+02, 0.43575E+03, 0.27623E+00, 0.10373E-01
 0.13000E+02, 0.45000E+02, 0.41251E+03, 0.25041E+00, 0.11067E-01
 0.14000E+02, 0.45000E+02, 0.42051E+03, 0.32239E+00, 0.86965E-02
 0.15000E+02, 0.45000E+02, 0.42064E+03, 0.33073E+00, 0.84787E-02
 0.16000E+02, 0.45000E+02, 0.41498E+03, 0.36187E+00, 0.76860E-02
 0.17000E+02, 0.45000E+02, 0.44876E+03, 0.39858E+00, 0.73206E-02
 0.18000E+02, 0.45000E+02, 0.46167E+03, 0.40111E+00, 0.74044E-02
 0.19000E+02, 0.45000E+02, 0.43804E+03, 0.34918E+00, 0.82323E-02
 0.20000E+02, 0.45000E+02, 0.45181E+03, 0.32139E+00, 0.91171E-02
 0.21000E+02, 0.45000E+02, 0.48691E+03, 0.27796E+00, 0.11052E-01
 0.22000E+02, 0.45000E+02, 0.50469E+03, 0.23735E+00, 0.13246E-01
 0.23000E+02, 0.45000E+02, 0.51785E+03, 0.21533E+00, 0.14848E-01
 0.24000E+02, 0.45000E+02, 0.52597E+03, 0.22725E+00, 0.14213E-01
 0.25000E+02, 0.45000E+02, 0.53216E+03, 0.26096E+00, 0.12473E-01
 0.26000E+02, 0.45000E+02, 0.55801E+03, 0.27379E+00, 0.12270E-01
 0.27000E+02, 0.45000E+02, 0.56752E+03, 0.26995E+00, 0.12587E-01
 0.28000E+02, 0.45000E+02, 0.54544E+03, 0.25705E+00, 0.12871E-01
 0.29000E+02, 0.45000E+02, 0.51450E+03, 0.26302E+00, 0.12104E-01
 0.30000E+02, 0.45000E+02, 0.48609E+03, 0.27731E+00, 0.11066E-01
 0.31000E+02, 0.45000E+02, 0.44330E+03, 0.27917E+00, 0.10373E-01
 0.32000E+02, 0.45000E+02, 0.40395E+03, 0.28264E+00, 0.96826E-02
 0.33000E+02, 0.45000E+02, 0.37037E+03, 0.27995E+00, 0.92910E-02
 0.34000E+02, 0.45000E+02, 0.35494E+03, 0.27711E+00, 0.91610E-02
 0.35000E+02, 0.45000E+02, 0.39300E+03, 0.36231E+00, 0.74313E-02
 0.36000E+02, 0.45000E+02, 0.40266E+03, 0.39463E+00, 0.69216E-02
 0.37000E+02, 0.45000E+02, 0.42150E+03, 0.34954E+00, 0.80323E-02
 0.38000E+02, 0.45000E+02, 0.58739E+03, 0.24434E+00, 0.14235E-01
 0.39000E+02, 0.45000E+02, 0.78900E+03, 0.15896E+00, 0.27007E-01
 0.40000E+02, 0.45000E+02, 0.70222E+03, 0.20400E+00, 0.19325E-01
 0.41000E+02, 0.45000E+02, 0.53786E+03, 0.27848E+00, 0.11771E-01
 0.42000E+02, 0.45000E+02, 0.45614E+03, 0.32743E+00, 0.90025E-02
 0.43000E+02, 0.45000E+02, 0.45784E+03, 0.25898E+00, 0.11408E-01
 0.44000E+02, 0.45000E+02, 0.45083E+03, 0.24782E+00, 0.11808E-01
 0.45000E+02, 0.45000E+02, 0.43497E+03, 0.20893E+00, 0.13699E-01
 0.46000E+02, 0.45000E+02, 0.43321E+03, 0.32288E+00, 0.88423E-02
 0.47000E+02, 0.45000E+02, 0.49595E+03, 0.26860E+01, 0.11573E-02
 0.48000E+02, 0.45000E+02, 0.51286E+03, 0.17137E+01, 0.18538E-02
 0.49000E+02, 0.45000E+02, 0.38389E+03, 0.33477E+00, 0.79327E-02
 0.50000E+02, 0.45000E+02, 0.35464E+03, 0.34596E+00, 0.73343E-02
 0.51000E+02, 0.45000E+02, 0.32978E+03, 0.32125E+00, 0.75857E-02
 0.52000E+02, 0.45000E+02, 0.35299E+03, 0.35243E+00, 0.71809E-02
 0.53000E+02, 0.45000E+02, 0.35385E+03, 0.42793E+00, 0.59220E-02
 0.54000E+02, 0.45000E+02, 0.34976E+03, 0.44369E+00, 0.56745E-02
 0.55000E+02, 0.45000E+02, 0.33682E+03, 0.43039E+00, 0.57283E-02
 0.56000E+02, 0.45000E+02, 0.32615E+03, 0.43807E+00, 0.55294E-02
 0.57000E+02, 0.45000E+02, 0.33634E+03, 0.50834E+00, 0.48461E-02
 0.58000E+02, 0.45000E+02, 0.35491E+03, 0.74794E+00, 0.33940E-02
 0.59000E+02, 0.45000E+02, 0.35220E+03, 0.71134E+00, 0.35532E-02
 0.60000E+02, 0.45000E+02, 0.34340E+03, 0.57612E+00, 0.43255E-02
 0.61000E+02, 0.45000E+02, 0.34012E+03, 0.55837E+00, 0.44392E-02
 0.62000E+02, 0.45000E+02, 0.36051E+03, 0.73120E+00, 0.35027E-02
 0.63000E+02, 0.45000E+02, 0.36823E+03, 0.70040E+00, 0.37013E-02
 0.64000E+02, 0.45000E+02, 0.37821E+03, 0.65917E+00, 0.39939E-02
 0.65000E+02, 0.45000E+02, 0.35480E+03, 0.41954E+00, 0.60496E-02
 0.00000E+00, 0.46000E+02, 0.41632E+03, 0.87523E-01, 0.31840E-01
 0.10000E+01, 0.46000E+02, 0.44563E+03, 0.94470E-01, 0.30753E-01
 0.20000E+01, 0.46000E+02, 0.45888E+03, 0.95398E-01, 0.31015E-01
 0.30000E+01, 0.46000E+02, 0.45611E+03, 0.96146E-01, 0.30657E-01
 0.40000E+01, 0.46000E+02, 0.44934E+03, 0.96941E-01, 0.30123E-01
 0.50000E+01, 0.46000E+02, 0.42165E+03, 0.96509E-01, 0.29099E-01
 0.60000E+01, 0.46000E+02, 0.48048E+03, 0.10493E+00, 0.29028E-01
 0.70000E+01, 0.46000E+02, 0.49730E+03, 0.11200E+00, 0.27805E-01
 0.80000E+01, 0.46000E+02, 0.51524E+03, 0.12017E+00, 0.26518E-01
 0.90000E+01, 0.46000E+02, 0.54884E+03, 0.13372E+00, 0.24846E-01
 0.10000E+02, 0.46000E+02, 0.57558E+03, 0.13744E+00, 0.24959E-01
 0.11000E+02, 0.46000E+02, 0.59819E+03, 0.14041E+00, 0.25082E-01
 0.12000E+02, 0.46000E+02, 0.59072E+03, 0.13533E+00, 0.25800E-01
 0.13000E+02, 0.46000E+02, 0.58973E+03, 0.14935E+00, 0.23352E-01
 0.14000E+02, 0.46000E+02, 0.60949E+03, 0.17026E+00, 0.20954E-01
 0.15000E+02, 0.46000E+02, 0.63032E+03, 0.14551E+00, 0.25096E-01
 0.16000E+02, 0.46000E+02, 0.61740E+03, 0.14295E+00, 0.25179E-01
 0.17000E+02, 0.46000E+02, 0.62145E+03, 0.13328E+00, 0.27129E-01
 0.18000E+02, 0.46000E+02, 0.48709E+03, 0.10470E+00, 0.29347E-01
 0.19000E+02, 0.46000E+02, 0.47370E+03, 0.12633E+00, 0.23894E-01
 0.20000E+02, 0.46000E+02, 0.40770E+03, 0.15012E+00, 0.18331E-01
 0.21000E+02, 0.46000E+02, 0.36542E+03, 0.15426E+00, 0.16731E-01
 0.22000E+02, 0.46000E+02, 0.32732E+03, 0.25530E+00, 0.95063E-02
 0.23000E+02, 0.46000E+02, 0.30915E+03, 0.21427E+00, 0.10984E-01
 0.24000E+02, 0.46000E+02, 0.35786E+03, 0.24274E+00, 0.10507E-01
 0.25000E+02, 0.46000E+02, 0.41693E+03, 0.28621E+00, 0.97452E-02
 0.26000E+02, 0.46000E+02, 0.50497E+03, 0.27721E+00, 0.11345E-01
 0.27000E+02, 0.46000E+02, 0.51054E+03, 0.27756E+00, 0.11412E-01
 0.28000E+02, 0.46000E+02, 0.59966E+03, 0.10787E+00, 0.32705E-01
 0.29000E+02, 0.46000E+02, 0.71918E+03, 0.13174E+00, 0.30446E-01
 0.30000E+02, 0.46000E+02, 0.77720E+03, 0.16172E+00, 0.26251E-01
 0.31000E+02, 0.46000E+02, 0.28575E+03, 0.20422E+00, 0.11061E-01
 0.32000E+02, 0.46000E+02, 0.32639E+03, 0.22809E+00, 0.10624E-01
 0.33000E+02, 0.46000E+02, 0.29277E+03, 0.20600E+00, 0.11103E-01
 0.34000E+02, 0.46000E+02, 0.22000E+02, 0.30000E+02, 0.00000E+00
 0.35000E+02, 0.46000E+02, 0.37291E+03, 0.32187E+00, 0.81129E-02
 0.36000E+02, 0.46000E+02, 0.37601E+03, 0.31165E+00, 0.84191E-02
 0.37000E+02, 0.46000E+02, 0.61439E+03, 0.16408E+00, 0.21863E-01
 0.38000E+02, 0.46000E+02, 0.72564E+03, 0.16457E+00, 0.24530E-01
 0.39000E+02, 0.46000E+02, 0.59957E+03, 0.16148E+00, 0.21844E-01
 0.40000E+02, 0.46000E+02, 0.56154E+03, 0.15306E+00, 0.22042E-01
 0.41000E+02, 0.46000E+02, 0.49706E+03, 0.14308E+00, 0.21758E-01
 0.42000E+02, 0.46000E+02, 0.38318E+03, 0.13550E+00, 0.19578E-01
 0.43000E+02, 0.46000E+02, 0.38167E+03, 0.11930E+00, 0.22184E-01
 0.44000E+02, 0.46000E+02, 0.49018E+03, 0.67040E+01, 0.46021E-03
 0.45000E+02, 0.46000E+02, 0.49181E+03, 0.31775E+01, 0.97304E-03
 0.46000E+02, 0.46000E+02, 0.43779E+03, 0.18857E+01, 0.15239E-02
 0.47000E+02, 0.46000E+02, 0.50487E+03, 0.29849E+01, 0.10535E-02
 0.48000E+02, 0.46000E+02, 0.56810E+03, 0.41391E+01, 0.82149E-03
 0.49000E+02, 0.46000E+02, 0.68130E+03, 0.11160E+02, 0.34569E-03
 0.50000E+02, 0.46000E+02, 0.71110E+03, 0.30000E+02, 0.12560E-03
 0.51000E+02, 0.46000E+02, 0.53269E+03, 0.77453E+01, 0.42052E-03
 0.52000E+02, 0.46000E+02, 0.48049E+03, 0.50451E+01, 0.60377E-03
 0.53000E+02, 0.46000E+02, 0.47795E+03, 0.47084E+01, 0.64476E-03
 0.54000E+02, 0.46000E+02, 0.44613E+03, 0.45123E+01, 0.64428E-03
 0.55000E+02, 0.46000E+02, 0.38085E+03, 0.88708E-01, 0.29798E-01
 0.56000E+02, 0.46000E+02, 0.39523E+03, 0.10415E+00, 0.25938E-01
 0.57000E+02, 0.46000E+02, 0.36829E+03, 0.11683E+00, 0.22192E-01
 0.58000E+02, 0.46000E+02, 0.37816E+03, 0.12423E+00, 0.21190E-01
 0.59000E+02, 0.46000E+02, 0.38111E+03, 0.12667E+00, 0.20876E-01
 0.60000E+02, 0.46000E+02, 0.39232E+03, 0.12110E+00, 0.22211E-01
 0.61000E+02, 0.46000E+02, 0.39606E+03, 0.11314E+00, 0.23907E-01
 0.62000E+02, 0.46000E+02, 0.36995E+03, 0.14782E+00, 0.17585E-01
 0.63000E+02, 0.46000E+02, 0.35296E+03, 0.41393E+00, 0.61137E-02
 0.64000E+02, 0.46000E+02, 0.36163E+03, 0.58266E+00, 0.44034E-02
 0.65000E+02, 0.46000E+02, 0.35781E+03, 0.49782E+00, 0.51227E-02
 0.00000E+00, 0.47000E+02, 0.42979E+03, 0.88786E-01, 0.32000E-01
 0.10000E+01, 0.47000E+02, 0.47279E+03, 0.97252E-01, 0.31002E-01
 0.20000E+01, 0.47000E+02, 0.47390E+03, 0.99166E-01, 0.30448E-01
 0.30000E+01, 0.47000E+02, 0.45319E+03, 0.10026E+00, 0.29281E-01
 0.40000E+01, 0.47000E+02, 0.42909E+03, 0.98387E-01, 0.28849E-01
 0.50000E+01, 0.47000E+02, 0.44247E+03, 0.97895E-01, 0.29546E-01
 0.60000E+01, 0.47000E+02, 0.43076E+03, 0.97599E-01, 0.29151E-01
 0.70000E+01, 0.47000E+02, 0.48538E+03, 0.11047E+00, 0.27754E-01
 0.80000E+01, 0.47000E+02, 0.54118E+03, 0.12267E+00, 0.26831E-01
 0.90000E+01, 0.47000E+02, 0.50416E+03, 0.13688E+00, 0.22953E-01
 0.10000E+02, 0.47000E+02, 0.51553E+03, 0.16153E+00, 0.19735E-01
 0.11000E+02, 0.47000E+02, 0.55143E+03, 0.19374E+00, 0.17203E-01
 0.12000E+02, 0.47000E+02, 0.61502E+03, 0.18936E+00, 0.18958E-01
 0.13000E+02, 0.47000E+02, 0.64518E+03, 0.18048E+00, 0.20566E-01
 0.14000E+02, 0.47000E+02, 0.63198E+03, 0.19690E+00, 0.18580E-01
 0.15000E+02, 0.47000E+02, 0.62297E+03, 0.18969E+00, 0.19094E-01
 0.16000E+02, 0.47000E+02, 0.67087E+03, 0.18789E+00, 0.20307E-01
 0.17000E+02, 0.47000E+02, 0.66679E+03, 0.14196E+00, 0.26762E-01
 0.18000E+02, 0.47000E+02, 0.53301E+03, 0.11281E+00, 0.28884E-01
 0.19000E+02, 0.47000E+02, 0.54664E+03, 0.12709E+00, 0.26072E-01
 0.20000E+02, 0.47000E+02, 0.33726E+03, 0.17611E+00, 0.14009E-01
 0.21000E+02, 0.47000E+02, 0.34840E+03, 0.15866E+00, 0.15833E-01
 0.22000E+02, 0.47000E+02, 0.36192E+03, 0.27907E+00, 0.91977E-02
 0.23000E+02, 0.47000E+02, 0.37893E+03, 0.26826E+00, 0.98249E-02
 0.24000E+02, 0.47000E+02, 0.39401E+03, 0.27495E+00, 0.98076E-02
 0.25000E+02, 0.47000E+02, 0.40170E+03, 0.30000E+00, 0.90921E-02
 0.26000E+02, 0.47000E+02, 0.41346E+03, 0.29284E+00, 0.94766E-02
 0.27000E+02, 0.47000E+02, 0.46345E+03, 0.28883E+00, 0.10308E-01
 0.28000E+02, 0.47000E+02, 0.63930E+03, 0.11242E+00, 0.32804E-01
 0.29000E+02, 0.47000E+02, 0.75027E+03, 0.14274E+00, 0.28979E-01
 0.30000E+02, 0.47000E+02, 0.76629E+03, 0.14797E+00, 0.28392E-01
 0.31000E+02, 0.47000E+02, 0.27904E+03, 0.19949E+00, 0.11188E-01
 0.32000E+02, 0.47000E+02, 0.28981E+03, 0.19690E+00, 0.11556E-01
 0.33000E+02, 0.47000E+02, 0.28136E+03, 0.20685E+00, 0.10835E-01
 0.34000E+02, 0.47000E+02, 0.22000E+02, 0.30000E+02, 0.00000E+00
 0.35000E+02, 0.47000E+02, 0.35141E+03, 0.25584E+00, 0.98670E-02
 0.36000E+02, 0.47000E+02, 0.34817E+03, 0.23860E+00, 0.10525E-01
 0.37000E+02, 0.47000E+02, 0.45881E+03, 0.16982E+00, 0.17421E-01
 0.38000E+02, 0.47000E+02, 0.51051E+03, 0.16401E+00, 0.19312E-01
 0.39000E+02, 0.47000E+02, 0.55420E+03, 0.15654E+00, 0.21362E-01
 0.40000E+02, 0.47000E+02, 0.49113E+03, 0.14544E+00, 0.21240E-01
 0.41000E+02, 0.47000E+02, 0.46189E+03, 0.14497E+00, 0.20493E-01
 0.42000E+02, 0.47000E+02, 0.39483E+03, 0.13423E+00, 0.20114E-01
 0.43000E+02, 0.47000E+02, 0.38534E+03, 0.13011E+00, 0.20456E-01
 0.44000E+02, 0.47000E+02, 0.46551E+03, 0.36464E+01, 0.81875E-03
 0.45000E+02, 0.47000E+02, 0.44823E+03, 0.19140E+01, 0.15233E-02
 0.46000E+02, 0.47000E+02, 0.41902E+03, 0.16193E+01, 0.17277E-02
 0.47000E+02, 0.47000E+02, 0.43952E+03, 0.21195E+01, 0.13590E-02
 0.48000E+02, 0.47000E+02, 0.52884E+03, 0.31098E+01, 0.10424E-02
 0.49000E+02, 0.47000E+02, 0.73186E+03, 0.30000E+02, 0.13242E-03
 0.50000E+02, 0.47000E+02, 0.73477E+03, 0.26616E+02, 0.15306E-03
 0.51000E+02, 0.47000E+02, 0.54466E+03, 0.57203E+01, 0.57784E-03
 0.52000E+02, 0.47000E+02, 0.43895E+03, 0.32507E+01, 0.88541E-03
 0.53000E+02, 0.47000E+02, 0.43272E+03, 0.28317E+01, 0.10075E-02
 0.54000E+02, 0.47000E+02, 0.44202E+03, 0.34292E+01, 0.84295E-03
 0.55000E+02, 0.47000E+02, 0.39651E+03, 0.92880E-01, 0.29142E-01
 0.56000E+02, 0.47000E+02, 0.41776E+03, 0.10351E+00, 0.26980E-01
 0.57000E+02, 0.47000E+02, 0.42270E+03, 0.10639E+00, 0.26436E-01
 0.58000E+02, 0.47000E+02, 0.43570E+03, 0.98839E-01, 0.28987E-01
 0.59000E+02, 0.47000E+02, 0.41860E+03, 0.11744E+00, 0.23808E-01
 0.60000E+02, 0.47000E+02, 0.39948E+03, 0.12184E+00, 0.22313E-01
 0.61000E+02, 0.47000E+02, 0.38327E+03, 0.14490E+00, 0.18310E-01
 0.62000E+02, 0.47000E+02, 0.35972E+03, 0.16824E+00, 0.15204E-01
 0.63000E+02, 0.47000E+02, 0.33883E+03, 0.30415E+00, 0.81327E-02
 0.64000E+02, 0.47000E+02, 0.28169E+03, 0.31838E+00, 0.70438E-02
 0.65000E+02, 0.47000E+02, 0.33121E+03, 0.44105E+00, 0.55384E-02
 0.00000E+00, 0.48000E+02, 0.44308E+03, 0.92518E-01, 0.31290E-01
 0.10000E+01, 0.48000E+02, 0.45422E+03, 0.98337E-01, 0.29896E-01
 0.20000E+01, 0.48000E+02, 0.43794E+03, 0.98574E-01, 0.29157E-01
 0.30000E+01, 0.48000E+02, 0.42988E+03, 0.97231E-01, 0.29225E-01
 0.40000E+01, 0.48000E+02, 0.43271E+03, 0.97270E-01, 0.29331E-01
 0.50000E+01, 0.48000E+02, 0.49264E+03, 0.10170E+00, 0.30434E-01
 0.60000E+01, 0.48000E+02, 0.46990E+03, 0.10111E+00, 0.29702E-01
 0.70000E+01, 0.48000E+02, 0.47598E+03, 0.10647E+00, 0.28439E-01
 0.80000E+01, 0.48000E+02, 0.53941E+03, 0.11527E+00, 0.28491E-01
 0.90000E+01, 0.48000E+02, 0.59905E+03, 0.10881E+00, 0.32398E-01
 0.10000E+02, 0.48000E+02, 0.54307E+03, 0.11529E+00, 0.28616E-01
 0.11000E+02, 0.48000E+02, 0.54611E+03, 0.15701E+00, 0.21091E-01
 0.12000E+02, 0.48000E+02, 0.61325E+03, 0.18615E+00, 0.19246E-01
 0.13000E+02, 0.48000E+02, 0.64824E+03, 0.17568E+00, 0.21198E-01
 0.14000E+02, 0.48000E+02, 0.69197E+03, 0.18103E+00, 0.21548E-01
 0.15000E+02, 0.48000E+02, 0.68767E+03, 0.17300E+00, 0.22448E-01
 0.16000E+02, 0.48000E+02, 0.69397E+03, 0.17159E+00, 0.22781E-01
 0.17000E+02, 0.48000E+02, 0.66674E+03, 0.13522E+00, 0.28095E-01
 0.18000E+02, 0.48000E+02, 0.58193E+03, 0.11113E+00, 0.31099E-01
 0.19000E+02, 0.48000E+02, 0.59671E+03, 0.13068E+00, 0.26904E-01
 0.20000E+02, 0.48000E+02, 0.48470E+03, 0.14328E+00, 0.21379E-01
 0.21000E+02, 0.48000E+02, 0.44468E+03, 0.14283E+00, 0.20313E-01
 0.22000E+02, 0.48000E+02, 0.37782E+03, 0.28512E+00, 0.92282E-02
 0.23000E+02, 0.48000E+02, 0.40304E+03, 0.30374E+00, 0.89980E-02
 0.24000E+02, 0.48000E+02, 0.41318E+03, 0.30730E+00, 0.90273E-02
 0.25000E+02, 0.48000E+02, 0.41105E+03, 0.30925E+00, 0.89424E-02
 0.26000E+02, 0.48000E+02, 0.41805E+03, 0.30381E+00, 0.91955E-02
 0.27000E+02, 0.48000E+02, 0.44657E+03, 0.31223E+00, 0.93169E-02
 0.28000E+02, 0.48000E+02, 0.62958E+03, 0.11083E+00, 0.32922E-01
 0.29000E+02, 0.48000E+02, 0.74189E+03, 0.13445E+00, 0.30515E-01
 0.30000E+02, 0.48000E+02, 0.67176E+03, 0.14134E+00, 0.27021E-01
 0.31000E+02, 0.48000E+02, 0.28896E+03, 0.15856E+00, 0.14329E-01
 0.32000E+02, 0.48000E+02, 0.22744E+03, 0.16216E+00, 0.12477E-01
 0.33000E+02, 0.48000E+02, 0.19568E+03, 0.17024E+00, 0.11131E-01
 0.34000E+02, 0.48000E+02, 0.22000E+02, 0.30000E+02, 0.00000E+00
 0.35000E+02, 0.48000E+02, 0.34373E+03, 0.23066E+00, 0.10810E-01
 0.36000E+02, 0.48000E+02, 0.33570E+03, 0.20494E+00, 0.12008E-01
 0.37000E+02, 0.48000E+02, 0.36926E+03, 0.17149E+00, 0.15141E-01
 0.38000E+02, 0.48000E+02, 0.44134E+03, 0.15291E+00, 0.18886E-01
 0.39000E+02, 0.48000E+02, 0.38915E+03, 0.13449E+00, 0.19903E-01
 0.40000E+02, 0.48000E+02, 0.35098E+03, 0.12593E+00, 0.20032E-01
 0.41000E+02, 0.48000E+02, 0.34905E+03, 0.12432E+00, 0.20229E-01
 0.42000E+02, 0.48000E+02, 0.35902E+03, 0.12606E+00, 0.20269E-01
 0.43000E+02, 0.48000E+02, 0.40004E+03, 0.11642E+00, 0.23372E-01
 0.44000E+02, 0.48000E+02, 0.45368E+03, 0.27191E+01, 0.10804E-02
 0.45000E+02, 0.48000E+02, 0.42670E+03, 0.17154E+01, 0.16490E-02
 0.46000E+02, 0.48000E+02, 0.41719E+03, 0.15947E+01, 0.17497E-02
 0.47000E+02, 0.48000E+02, 0.42360E+03, 0.17514E+01, 0.16079E-02
 0.48000E+02, 0.48000E+02, 0.47556E+03, 0.21973E+01, 0.13772E-02
 0.49000E+02, 0.48000E+02, 0.72387E+03, 0.21223E+02, 0.18988E-03
 0.50000E+02, 0.48000E+02, 0.71472E+03, 0.15092E+02, 0.26456E-03
 0.51000E+02, 0.48000E+02, 0.50235E+03, 0.35865E+01, 0.87396E-03
 0.52000E+02, 0.48000E+02, 0.41458E+03, 0.25233E+01, 0.11016E-02
 0.53000E+02, 0.48000E+02, 0.40723E+03, 0.23358E+01, 0.11773E-02
 0.54000E+02, 0.48000E+02, 0.40455E+03, 0.20707E+01, 0.13228E-02
 0.55000E+02, 0.48000E+02, 0.40648E+03, 0.94166E-01, 0.29171E-01
 0.56000E+02, 0.48000E+02, 0.43325E+03, 0.10341E+00, 0.27611E-01
 0.57000E+02, 0.48000E+02, 0.44270E+03, 0.10130E+00, 0.28563E-01
 0.58000E+02, 0.48000E+02, 0.44046E+03, 0.10278E+00, 0.28062E-01
 0.59000E+02, 0.48000E+02, 0.43650E+03, 0.10273E+00, 0.27921E-01
 0.60000E+02, 0.48000E+02, 0.42980E+03, 0.11176E+00, 0.25422E-01
 0.61000E+02, 0.48000E+02, 0.39379E+03, 0.12510E+00, 0.21548E-01
 0.62000E+02, 0.48000E+02, 0.35369E+03, 0.14976E+00, 0.16918E-01
 0.63000E+02, 0.48000E+02, 0.32750E+03, 0.21122E+00, 0.11494E-01
 0.64000E+02, 0.48000E+02, 0.27663E+03, 0.30376E+00, 0.73155E-02
 0.65000E+02, 0.48000E+02, 0.30366E+03, 0.33154E+00, 0.70319E-02
 0.00000E+00, 0.49000E+02, 0.42077E+03, 0.90100E-01, 0.31129E-01
 0.10000E+01, 0.49000E+02, 0.44021E+03, 0.98130E-01, 0.29382E-01
 0.20000E+01, 0.49000E+02, 0.42919E+03, 0.96548E-01, 0.29402E-01
 0.30000E+01, 0.49000E+02, 0.43422E+03, 0.99289E-01, 0.28795E-01
 0.40000E+01, 0.49000E+02, 0.43124E+03, 0.99090E-01, 0.28732E-01
 0.50000E+01, 0.49000E+02, 0.45984E+03, 0.99075E-01, 0.29903E-01
 0.60000E+01, 0.49000E+02, 0.50500E+03, 0.10474E+00, 0.30028E-01
 0.70000E+01, 0.49000E+02, 0.55121E+03, 0.11201E+00, 0.29746E-01
 0.80000E+01, 0.49000E+02, 0.55308E+03, 0.11232E+00, 0.29733E-01
 0.90000E+01, 0.49000E+02, 0.57508E+03, 0.10998E+00, 0.31174E-01
 0.10000E+02, 0.49000E+02, 0.57770E+03, 0.11340E+00, 0.30327E-01
 0.11000E+02, 0.49000E+02, 0.53974E+03, 0.11742E+00, 0.27981E-01
 0.12000E+02, 0.49000E+02, 0.65144E+03, 0.13137E+00, 0.28446E-01
 0.13000E+02, 0.49000E+02, 0.68261E+03, 0.19850E+00, 0.19461E-01
 0.14000E+02, 0.49000E+02, 0.74002E+03, 0.22164E+00, 0.18476E-01
 0.15000E+02, 0.49000E+02, 0.79762E+03, 0.18216E+00, 0.23758E-01
 0.16000E+02, 0.49000E+02, 0.73889E+03, 0.17193E+00, 0.23791E-01
 0.17000E+02, 0.49000E+02, 0.70686E+03, 0.16281E+00, 0.24330E-01
 0.18000E+02, 0.49000E+02, 0.61779E+03, 0.10834E+00, 0.33239E-01
 0.19000E+02, 0.49000E+02, 0.63469E+03, 0.13256E+00, 0.27680E-01
 0.20000E+02, 0.49000E+02, 0.57867E+03, 0.13937E+00, 0.24703E-01
 0.21000E+02, 0.49000E+02, 0.52517E+03, 0.14678E+00, 0.21983E-01
 0.22000E+02, 0.49000E+02, 0.38976E+03, 0.29300E+00, 0.91447E-02
 0.23000E+02, 0.49000E+02, 0.39668E+03, 0.30378E+00, 0.89122E-02
 0.24000E+02, 0.49000E+02, 0.41257E+03, 0.31454E+00, 0.88115E-02
 0.25000E+02, 0.49000E+02, 0.41481E+03, 0.31582E+00, 0.88044E-02
 0.26000E+02, 0.49000E+02, 0.40798E+03, 0.31409E+00, 0.87651E-02
 0.27000E+02, 0.49000E+02, 0.41674E+03, 0.29816E+00, 0.93520E-02
 0.28000E+02, 0.49000E+02, 0.56125E+03, 0.10591E+00, 0.31842E-01
 0.29000E+02, 0.49000E+02, 0.61018E+03, 0.11971E+00, 0.29825E-01
 0.30000E+02, 0.49000E+02, 0.58261E+03, 0.13019E+00, 0.26567E-01
 0.31000E+02, 0.49000E+02, 0.28536E+03, 0.14913E+00, 0.15137E-01
 0.32000E+02, 0.49000E+02, 0.20893E+03, 0.16372E+00, 0.11901E-01
 0.33000E+02, 0.49000E+02, 0.20436E+03, 0.16618E+00, 0.11614E-01
 0.34000E+02, 0.49000E+02, 0.22000E+02, 0.30000E+02, 0.00000E+00
 0.35000E+02, 0.49000E+02, 0.34492E+03, 0.23622E+00, 0.10575E-01
 0.36000E+02, 0.49000E+02, 0.34361E+03, 0.21854E+00, 0.11407E-01
 0.37000E+02, 0.49000E+02, 0.37210E+03, 0.15835E+00, 0.16470E-01
 0.38000E+02, 0.49000E+02, 0.40536E+03, 0.15023E+00, 0.18255E-01
 0.39000E+02, 0.49000E+02, 0.38189E+03, 0.13582E+00, 0.19493E-01
 0.40000E+02, 0.49000E+02, 0.33995E+03, 0.12105E+00, 0.20472E-01
 0.41000E+02, 0.49000E+02, 0.34370E+03, 0.11466E+00, 0.21745E-01
 0.42000E+02, 0.49000E+02, 0.36134E+03, 0.11773E+00, 0.21783E-01
 0.43000E+02, 0.49000E+02, 0.39225E+03, 0.10965E+00, 0.24528E-01
 0.44000E+02, 0.49000E+02, 0.43344E+03, 0.22274E+01, 0.12822E-02
 0.45000E+02, 0.49000E+02, 0.42287E+03, 0.16312E+01, 0.17246E-02
 0.46000E+02, 0.49000E+02, 0.42200E+03, 0.15807E+01, 0.17774E-02
 0.47000E+02, 0.49000E+02, 0.43431E+03, 0.17117E+01, 0.16705E-02
 0.48000E+02, 0.49000E+02, 0.59367E+03, 0.41246E+01, 0.84943E-03
 0.49000E+02, 0.49000E+02, 0.75842E+03, 0.30000E+02, 0.64505E-04
 0.50000E+02, 0.49000E+02, 0.58714E+03, 0.37430E+01, 0.92898E-03
 0.51000E+02, 0.49000E+02, 0.41715E+03, 0.22920E+01, 0.12173E-02
 0.52000E+02, 0.49000E+02, 0.40491E+03, 0.22864E+01, 0.11986E-02
 0.53000E+02, 0.49000E+02, 0.40074E+03, 0.21391E+01, 0.12733E-02
 0.54000E+02, 0.49000E+02, 0.39042E+03, 0.18305E+01, 0.14652E-02
 0.55000E+02, 0.49000E+02, 0.40160E+03, 0.91485E-01, 0.29811E-01
 0.56000E+02, 0.49000E+02, 0.40255E+03, 0.11720E+00, 0.23302E-01
 0.57000E+02, 0.49000E+02, 0.41794E+03, 0.11189E+00, 0.24965E-01
 0.58000E+02, 0.49000E+02, 0.41415E+03, 0.11707E+00, 0.23728E-01
 0.59000E+02, 0.49000E+02, 0.41719E+03, 0.11898E+00, 0.23451E-01
 0.60000E+02, 0.49000E+02, 0.43080E+03, 0.11149E+00, 0.25521E-01
 0.61000E+02, 0.49000E+02, 0.42449E+03, 0.11344E+00, 0.24857E-01
 0.62000E+02, 0.49000E+02, 0.38732E+03, 0.12506E+00, 0.21345E-01
 0.63000E+02, 0.49000E+02, 0.33738E+03, 0.16436E+00, 0.15014E-01
 0.64000E+02, 0.49000E+02, 0.28492E+03, 0.30758E+00, 0.73333E-02
 0.65000E+02, 0.49000E+02, 0.28761E+03, 0.31171E+00, 0.72711E-02
 0.00000E+00, 0.50000E+02, 0.42093E+03, 0.89233E-01, 0.31438E-01
 0.10000E+01, 0.50000E+02, 0.45528E+03, 0.99994E-01, 0.29443E-01
 0.20000E+01, 0.50000E+02, 0.45115E+03, 0.10442E+00, 0.28036E-01
 0.30000E+01, 0.50000E+02, 0.43744E+03, 0.10439E+00, 0.27512E-01
 0.40000E+01, 0.50000E+02, 0.41873E+03, 0.99063E-01, 0.28229E-01
 0.50000E+01, 0.50000E+02, 0.45198E+03, 0.98499E-01, 0.29755E-01
 0.60000E+01, 0.50000E+02, 0.44899E+03, 0.98515E-01, 0.29627E-01
 0.70000E+01, 0.50000E+02, 0.51909E+03, 0.11028E+00, 0.29036E-01
 0.80000E+01, 0.50000E+02, 0.60000E+03, 0.11431E+00, 0.30874E-01
 0.90000E+01, 0.50000E+02, 0.60972E+03, 0.11060E+00, 0.32264E-01
 0.10000E+02, 0.50000E+02, 0.61639E+03, 0.11869E+00, 0.30293E-01
 0.11000E+02, 0.50000E+02, 0.67472E+03, 0.12585E+00, 0.30441E-01
 0.12000E+02, 0.50000E+02, 0.67542E+03, 0.14080E+00, 0.27231E-01
 0.13000E+02, 0.50000E+02, 0.76995E+03, 0.15672E+00, 0.26902E-01
 0.14000E+02, 0.50000E+02, 0.78464E+03, 0.18085E+00, 0.23640E-01
 0.15000E+02, 0.50000E+02, 0.80258E+03, 0.21293E+00, 0.20419E-01
 0.16000E+02, 0.50000E+02, 0.77236E+03, 0.18970E+00, 0.22276E-01
 0.17000E+02, 0.50000E+02, 0.74215E+03, 0.15002E+00, 0.27354E-01
 0.18000E+02, 0.50000E+02, 0.68590E+03, 0.11800E+00, 0.32851E-01
 0.19000E+02, 0.50000E+02, 0.70008E+03, 0.12693E+00, 0.30990E-01
 0.20000E+02, 0.50000E+02, 0.68035E+03, 0.13945E+00, 0.27636E-01
 0.21000E+02, 0.50000E+02, 0.71777E+03, 0.13952E+00, 0.28707E-01
 0.22000E+02, 0.50000E+02, 0.40548E+03, 0.34992E+00, 0.78386E-02
 0.23000E+02, 0.50000E+02, 0.40912E+03, 0.35480E+00, 0.77722E-02
 0.24000E+02, 0.50000E+02, 0.41427E+03, 0.34342E+00, 0.80906E-02
 0.25000E+02, 0.50000E+02, 0.40843E+03, 0.32455E+00, 0.84882E-02
 0.26000E+02, 0.50000E+02, 0.41175E+03, 0.30567E+00, 0.90563E-02
 0.27000E+02, 0.50000E+02, 0.40513E+03, 0.30679E+00, 0.89360E-02
 0.28000E+02, 0.50000E+02, 0.49403E+03, 0.10005E+00, 0.30993E-01
 0.29000E+02, 0.50000E+02, 0.53528E+03, 0.11765E+00, 0.27774E-01
 0.30000E+02, 0.50000E+02, 0.49195E+03, 0.12591E+00, 0.24561E-01
 0.31000E+02, 0.50000E+02, 0.19562E+03, 0.16128E+00, 0.11748E-01
 0.32000E+02, 0.50000E+02, 0.21140E+03, 0.15863E+00, 0.12346E-01
 0.33000E+02, 0.50000E+02, 0.21836E+03, 0.15779E+00, 0.12590E-01
 0.34000E+02, 0.50000E+02, 0.22000E+02, 0.30000E+02, 0.00000E+00
 0.35000E+02, 0.50000E+02, 0.33119E+03, 0.22108E+00, 0.11049E-01
 0.36000E+02, 0.50000E+02, 0.33554E+03, 0.21063E+00, 0.11680E-01
 0.37000E+02, 0.50000E+02, 0.37403E+03, 0.15175E+00, 0.17238E-01
 0.38000E+02, 0.50000E+02, 0.39277E+03, 0.14238E+00, 0.18905E-01
 0.39000E+02, 0.50000E+02, 0.35389E+03, 0.13330E+00, 0.19013E-01
 0.40000E+02, 0.50000E+02, 0.33497E+03, 0.12521E+00, 0.19631E-01
 0.41000E+02, 0.50000E+02, 0.34728E+03, 0.11225E+00, 0.22341E-01
 0.42000E+02, 0.50000E+02, 0.36210E+03, 0.11378E+00, 0.22567E-01
 0.43000E+02, 0.50000E+02, 0.37844E+03, 0.10490E+00, 0.25107E-01
 0.44000E+02, 0.50000E+02, 0.41630E+03, 0.16661E+01, 0.16726E-02
 0.45000E+02, 0.50000E+02, 0.42281E+03, 0.15630E+01, 0.17997E-02
 0.46000E+02, 0.50000E+02, 0.42322E+03, 0.16983E+01, 0.16573E-02
 0.47000E+02, 0.50000E+02, 0.44535E+03, 0.21367E+01, 0.13592E-02
 0.48000E+02, 0.50000E+02, 0.65033E+03, 0.71602E+01, 0.52129E-03
 0.49000E+02, 0.50000E+02, 0.76536E+03, 0.30000E+02, 0.32160E-04
 0.50000E+02, 0.50000E+02, 0.47375E+03, 0.22471E+01, 0.13435E-02
 0.51000E+02, 0.50000E+02, 0.38190E+03, 0.16180E+01, 0.16363E-02
 0.52000E+02, 0.50000E+02, 0.38329E+03, 0.20648E+01, 0.12850E-02
 0.53000E+02, 0.50000E+02, 0.38349E+03, 0.19946E+01, 0.13306E-02
 0.54000E+02, 0.50000E+02, 0.38589E+03, 0.18599E+01, 0.14322E-02
 0.55000E+02, 0.50000E+02, 0.38797E+03, 0.86123E-01, 0.31027E-01
 0.56000E+02, 0.50000E+02, 0.40998E+03, 0.10529E+00, 0.26225E-01
 0.57000E+02, 0.50000E+02, 0.40866E+03, 0.11716E+00, 0.23522E-01
 0.58000E+02, 0.50000E+02, 0.41400E+03, 0.11687E+00, 0.23764E-01
 0.59000E+02, 0.50000E+02, 0.43196E+03, 0.95337E-01, 0.29893E-01
 0.60000E+02, 0.50000E+02, 0.43090E+03, 0.10188E+00, 0.27931E-01
 0.61000E+02, 0.50000E+02, 0.42870E+03, 0.11255E+00, 0.25205E-01
 0.62000E+02, 0.50000E+02, 0.40057E+03, 0.12175E+00, 0.22367E-01
 0.63000E+02, 0.50000E+02, 0.35910E+03, 0.12011E+00, 0.21277E-01
 0.64000E+02, 0.50000E+02, 0.25216E+03, 0.31523E+00, 0.67355E-02
 0.65000E+02, 0.50000E+02, 0.26850E+03, 0.29036E+00, 0.75398E-02
 0.00000E+00, 0.51000E+02, 0.41545E+03, 0.88146E-01, 0.31575E-01
 0.10000E+01, 0.51000E+02, 0.46028E+03, 0.98797E-01, 0.30005E-01
 0.20000E+01, 0.51000E+02, 0.46119E+03, 0.10920E+00, 0.27179E-01
 0.30000E+01, 0.51000E+02, 0.45653E+03, 0.11055E+00, 0.26679E-01
 0.40000E+01, 0.51000E+02, 0.46167E+03, 0.10754E+00, 0.27618E-01
 0.50000E+01, 0.51000E+02, 0.48233E+03, 0.10694E+00, 0.28554E-01
 0.60000E+01, 0.51000E+02, 0.49179E+03, 0.10877E+00, 0.28424E-01
 0.70000E+01, 0.51000E+02, 0.55151E+03, 0.13072E+00, 0.25498E-01
 0.80000E+01, 0.51000E+02, 0.65157E+03, 0.13231E+00, 0.28249E-01
 0.90000E+01, 0.51000E+02, 0.65190E+03, 0.13544E+00, 0.27605E-01
 0.10000E+02, 0.51000E+02, 0.64356E+03, 0.13900E+00, 0.26656E-01
 0.11000E+02, 0.51000E+02, 0.67834E+03, 0.13263E+00, 0.28996E-01
 0.12000E+02, 0.51000E+02, 0.73780E+03, 0.12581E+00, 0.32478E-01
 0.13000E+02, 0.51000E+02, 0.77319E+03, 0.12910E+00, 0.32758E-01
 0.14000E+02, 0.51000E+02, 0.77618E+03, 0.14128E+00, 0.30020E-01
 0.15000E+02, 0.51000E+02, 0.71737E+03, 0.19822E+00, 0.20197E-01
 0.16000E+02, 0.51000E+02, 0.73538E+03, 0.20680E+00, 0.19711E-01
 0.17000E+02, 0.51000E+02, 0.70855E+03, 0.20590E+00, 0.19271E-01
 0.18000E+02, 0.51000E+02, 0.76044E+03, 0.13000E+00, 0.32136E-01
 0.19000E+02, 0.51000E+02, 0.74159E+03, 0.12386E+00, 0.33114E-01
 0.20000E+02, 0.51000E+02, 0.74684E+03, 0.12509E+00, 0.32957E-01
 0.21000E+02, 0.51000E+02, 0.73382E+03, 0.12453E+00, 0.32684E-01
 0.22000E+02, 0.51000E+02, 0.40541E+03, 0.36484E+00, 0.75174E-02
 0.23000E+02, 0.51000E+02, 0.40327E+03, 0.36423E+00, 0.75061E-02
 0.24000E+02, 0.51000E+02, 0.39757E+03, 0.35465E+00, 0.76439E-02
 0.25000E+02, 0.51000E+02, 0.41504E+03, 0.30941E+00, 0.89898E-02
 0.26000E+02, 0.51000E+02, 0.43168E+03, 0.30644E+00, 0.92965E-02
 0.27000E+02, 0.51000E+02, 0.40484E+03, 0.30152E+00, 0.90884E-02
 0.28000E+02, 0.51000E+02, 0.21353E+03, 0.10978E+00, 0.17919E-01
 0.29000E+02, 0.51000E+02, 0.26319E+03, 0.11622E+00, 0.18652E-01
 0.30000E+02, 0.51000E+02, 0.34671E+03, 0.11587E+00, 0.21623E-01
 0.31000E+02, 0.51000E+02, 0.25686E+03, 0.12463E+00, 0.17188E-01
 0.32000E+02, 0.51000E+02, 0.21037E+03, 0.12472E+00, 0.15670E-01
 0.33000E+02, 0.51000E+02, 0.17994E+03, 0.12506E+00, 0.14643E-01
 0.34000E+02, 0.51000E+02, 0.22000E+02, 0.30000E+02, 0.00000E+00
 0.35000E+02, 0.51000E+02, 0.28378E+03, 0.17266E+00, 0.13038E-01
 0.36000E+02, 0.51000E+02, 0.26200E+03, 0.16508E+00, 0.13103E-01
 0.37000E+02, 0.51000E+02, 0.36592E+03, 0.14720E+00, 0.17548E-01
 0.38000E+02, 0.51000E+02, 0.36896E+03, 0.14395E+00, 0.18029E-01
 0.39000E+02, 0.51000E+02, 0.34510E+03, 0.12647E+00, 0.19758E-01
 0.40000E+02, 0.51000E+02, 0.35662E+03, 0.13051E+00, 0.19504E-01
 0.41000E+02, 0.51000E+02, 0.35138E+03, 0.11465E+00, 0.22016E-01
 0.42000E+02, 0.51000E+02, 0.34845E+03, 0.10627E+00, 0.23641E-01
 0.43000E+02, 0.51000E+02, 0.37201E+03, 0.10138E+00, 0.25721E-01
 0.44000E+02, 0.51000E+02, 0.43296E+03, 0.18531E+01, 0.15401E-02
 0.45000E+02, 0.51000E+02, 0.42691E+03, 0.16039E+01, 0.17642E-02
 0.46000E+02, 0.51000E+02, 0.42680E+03, 0.15743E+01, 0.17971E-02
 0.47000E+02, 0.51000E+02, 0.50111E+03, 0.29225E+01, 0.10708E-02
 0.48000E+02, 0.51000E+02, 0.58969E+03, 0.46215E+01, 0.75462E-03
 0.49000E+02, 0.51000E+02, 0.55081E+03, 0.32479E+01, 0.10254E-02
 0.50000E+02, 0.51000E+02, 0.40724E+03, 0.15965E+01, 0.17225E-02
 0.51000E+02, 0.51000E+02, 0.37199E+03, 0.14170E+01, 0.18402E-02
 0.52000E+02, 0.51000E+02, 0.37186E+03, 0.15255E+01, 0.17090E-02
 0.53000E+02, 0.51000E+02, 0.37626E+03, 0.16205E+01, 0.16197E-02
 0.54000E+02, 0.51000E+02, 0.37298E+03, 0.16274E+01, 0.16048E-02
 0.55000E+02, 0.51000E+02, 0.38287E+03, 0.84564E-01, 0.31355E-01
 0.56000E+02, 0.51000E+02, 0.43257E+03, 0.89949E-01, 0.31712E-01
 0.57000E+02, 0.51000E+02, 0.43260E+03, 0.90026E-01, 0.31685E-01
 0.58000E+02, 0.51000E+02, 0.43735E+03, 0.90519E-01, 0.31725E-01
 0.59000E+02, 0.51000E+02, 0.44770E+03, 0.91079E-01, 0.31989E-01
 0.60000E+02, 0.51000E+02, 0.46462E+03, 0.94701E-01, 0.31488E-01
 0.61000E+02, 0.51000E+02, 0.46400E+03, 0.96959E-01, 0.30729E-01
 0.62000E+02, 0.51000E+02, 0.43160E+03, 0.11585E+00, 0.24587E-01
 0.63000E+02, 0.51000E+02, 0.38018E+03, 0.10806E+00, 0.24437E-01
 0.64000E+02, 0.51000E+02, 0.25061E+03, 0.30737E+00, 0.68873E-02
 0.65000E+02, 0.51000E+02, 0.25131E+03, 0.26955E+00, 0.78639E-02
 0.00000E+00, 0.52000E+02, 0.40023E+03, 0.90125E-01, 0.30199E-01
 0.10000E+01, 0.52000E+02, 0.44713E+03, 0.98953E-01, 0.29420E-01
 0.20000E+01, 0.52000E+02, 0.47139E+03, 0.11319E+00, 0.26586E-01
 0.30000E+01, 0.52000E+02, 0.48219E+03, 0.11495E+00, 0.26558E-01
 0.40000E+01, 0.52000E+02, 0.48066E+03, 0.11879E+00, 0.25649E-01
 0.50000E+01, 0.52000E+02, 0.49772E+03, 0.12561E+00, 0.24805E-01
 0.60000E+01, 0.52000E+02, 0.49607E+03, 0.12443E+00, 0.24985E-01
 0.70000E+01, 0.52000E+02, 0.54739E+03, 0.13271E+00, 0.24990E-01
 0.80000E+01, 0.52000E+02, 0.57136E+03, 0.14030E+00, 0.24328E-01
 0.90000E+01, 0.52000E+02, 0.56236E+03, 0.14678E+00, 0.23006E-01
 0.10000E+02, 0.52000E+02, 0.57646E+03, 0.14920E+00, 0.23017E-01
 0.11000E+02, 0.52000E+02, 0.67093E+03, 0.14199E+00, 0.26873E-01
 0.12000E+02, 0.52000E+02, 0.72477E+03, 0.13187E+00, 0.30587E-01
 0.13000E+02, 0.52000E+02, 0.75504E+03, 0.12769E+00, 0.32546E-01
 0.14000E+02, 0.52000E+02, 0.72796E+03, 0.14490E+00, 0.27925E-01
 0.15000E+02, 0.52000E+02, 0.66470E+03, 0.18462E+00, 0.20532E-01
 0.16000E+02, 0.52000E+02, 0.66754E+03, 0.18956E+00, 0.20057E-01
 0.17000E+02, 0.52000E+02, 0.68609E+03, 0.19152E+00, 0.20243E-01
 0.18000E+02, 0.52000E+02, 0.72795E+03, 0.12620E+00, 0.32063E-01
 0.19000E+02, 0.52000E+02, 0.76425E+03, 0.13763E+00, 0.30467E-01
 0.20000E+02, 0.52000E+02, 0.76703E+03, 0.13406E+00, 0.31360E-01
 0.21000E+02, 0.52000E+02, 0.74250E+03, 0.13702E+00, 0.29960E-01
 0.22000E+02, 0.52000E+02, 0.39477E+03, 0.35737E+00, 0.75541E-02
 0.23000E+02, 0.52000E+02, 0.40111E+03, 0.34590E+00, 0.78787E-02
 0.24000E+02, 0.52000E+02, 0.41634E+03, 0.32886E+00, 0.84742E-02
 0.25000E+02, 0.52000E+02, 0.42735E+03, 0.31732E+00, 0.89226E-02
 0.26000E+02, 0.52000E+02, 0.43524E+03, 0.29929E+00, 0.95665E-02
 0.27000E+02, 0.52000E+02, 0.42295E+03, 0.29083E+00, 0.96739E-02
 0.28000E+02, 0.52000E+02, 0.20871E+03, 0.10725E+00, 0.18160E-01
 0.29000E+02, 0.52000E+02, 0.24539E+03, 0.11280E+00, 0.18580E-01
 0.30000E+02, 0.52000E+02, 0.25920E+03, 0.11983E+00, 0.17957E-01
 0.31000E+02, 0.52000E+02, 0.23512E+03, 0.13027E+00, 0.15770E-01
 0.32000E+02, 0.52000E+02, 0.22562E+03, 0.12619E+00, 0.15975E-01
 0.33000E+02, 0.52000E+02, 0.21125E+03, 0.12691E+00, 0.15427E-01
 0.34000E+02, 0.52000E+02, 0.22000E+02, 0.30000E+02, 0.00000E+00
 0.35000E+02, 0.52000E+02, 0.20747E+03, 0.14003E+00, 0.13873E-01
 0.36000E+02, 0.52000E+02, 0.22165E+03, 0.14536E+00, 0.13758E-01
 0.37000E+02, 0.52000E+02, 0.36488E+03, 0.12914E+00, 0.19970E-01
 0.38000E+02, 0.52000E+02, 0.37192E+03, 0.12606E+00, 0.20683E-01
 0.39000E+02, 0.52000E+02, 0.36988E+03, 0.12337E+00, 0.21067E-01
 0.40000E+02, 0.52000E+02, 0.36982E+03, 0.11651E+00, 0.22305E-01
 0.41000E+02, 0.52000E+02, 0.35497E+03, 0.10794E+00, 0.23519E-01
 0.42000E+02, 0.52000E+02, 0.34281E+03, 0.10393E+00, 0.23954E-01
 0.43000E+02, 0.52000E+02, 0.33790E+03, 0.99142E-01, 0.24911E-01
 0.44000E+02, 0.52000E+02, 0.44046E+03, 0.23215E+01, 0.12424E-02
 0.45000E+02, 0.52000E+02, 0.42793E+03, 0.17219E+01, 0.16456E-02
 0.46000E+02, 0.52000E+02, 0.43932E+03, 0.17555E+01, 0.16403E-02
 0.47000E+02, 0.52000E+02, 0.42839E+03, 0.15802E+01, 0.17944E-02
 0.48000E+02, 0.52000E+02, 0.42259E+03, 0.15188E+01, 0.18514E-02
 0.49000E+02, 0.52000E+02, 0.40095E+03, 0.14018E+01, 0.19436E-02
 0.50000E+02, 0.52000E+02, 0.38016E+03, 0.13770E+01, 0.19176E-02
 0.51000E+02, 0.52000E+02, 0.37924E+03, 0.13514E+01, 0.19512E-02
 0.52000E+02, 0.52000E+02, 0.37649E+03, 0.13681E+01, 0.19192E-02
 0.53000E+02, 0.52000E+02, 0.38473E+03, 0.15494E+01, 0.17162E-02
 0.54000E+02, 0.52000E+02, 0.37813E+03, 0.16108E+01, 0.16342E-02
 0.55000E+02, 0.52000E+02, 0.40225E+03, 0.87265E-01, 0.31282E-01
 0.56000E+02, 0.52000E+02, 0.43442E+03, 0.90328E-01, 0.31661E-01
 0.57000E+02, 0.52000E+02, 0.44452E+03, 0.91654E-01, 0.31648E-01
 0.58000E+02, 0.52000E+02, 0.45252E+03, 0.92592E-01, 0.31677E-01
 0.59000E+02, 0.52000E+02, 0.46063E+03, 0.96326E-01, 0.30789E-01
 0.60000E+02, 0.52000E+02, 0.44928E+03, 0.10773E+00, 0.27104E-01
 0.61000E+02, 0.52000E+02, 0.45407E+03, 0.10376E+00, 0.28326E-01
 0.62000E+02, 0.52000E+02, 0.44219E+03, 0.10289E+00, 0.28100E-01
 0.63000E+02, 0.52000E+02, 0.40183E+03, 0.10171E+00, 0.26822E-01
 0.64000E+02, 0.52000E+02, 0.16152E+03, 0.14400E+00, 0.12200E-01
 0.65000E+02, 0.52000E+02, 0.19732E+03, 0.17903E+00, 0.10621E-01
