 X,Y, TEMPERATURE, SOOT VISIBILITY, CARBON MONOXIDE VOLUME FRACTION
 m,m, C, m, mol/mol
 0.00000E+00, 0.00000E+00, 0.18005E+02, 0.30000E+02, 0.10300E-10
 0.10000E+01, 0.00000E+00, 0.20637E+02, 0.30000E+02, 0.72507E-11
 0.20000E+01, 0.00000E+00, 0.20015E+02, 0.30000E+02, 0.34603E-15
 0.30000E+01, 0.00000E+00, 0.19795E+02, 0.30000E+02, 0.72659E-17
 0.40000E+01, 0.00000E+00, 0.19761E+02, 0.30000E+02, 0.10777E-19
 0.50000E+01, 0.00000E+00, 0.19886E+02, 0.30000E+02, 0.46374E-22
 0.60000E+01, 0.00000E+00, 0.19815E+02, 0.30000E+02, 0.12519E-23
 0.70000E+01, 0.00000E+00, 0.20397E+02, 0.30000E+02, 0.21658E-22
 0.80000E+01, 0.00000E+00, 0.22000E+02, 0.30000E+02, 0.00000E+00
 0.90000E+01, 0.00000E+00, 0.17257E+03, 0.12282E+00, 0.14668E-01
 0.10000E+02, 0.00000E+00, 0.15555E+03, 0.12557E+00, 0.13799E-01
 0.11000E+02, 0.00000E+00, 0.56044E+02, 0.69093E+00, 0.19257E-02
 0.12000E+02, 0.00000E+00, 0.55777E+02, 0.68312E+00, 0.19462E-02
 0.13000E+02, 0.00000E+00, 0.52834E+02, 0.73329E+00, 0.17968E-02
 0.14000E+02, 0.00000E+00, 0.48563E+02, 0.84043E+00, 0.15472E-02
 0.15000E+02, 0.00000E+00, 0.43452E+02, 0.10055E+01, 0.12727E-02
 0.16000E+02, 0.00000E+00, 0.42669E+02, 0.10296E+01, 0.12397E-02
 0.17000E+02, 0.00000E+00, 0.70291E+02, 0.37809E+00, 0.36714E-02
 0.18000E+02, 0.00000E+00, 0.82504E+02, 0.33993E+00, 0.42288E-02
 0.19000E+02, 0.00000E+00, 0.81817E+02, 0.31308E+00, 0.45826E-02
 0.20000E+02, 0.00000E+00, 0.64186E+02, 0.40849E+00, 0.33378E-02
 0.21000E+02, 0.00000E+00, 0.72246E+02, 0.37701E+00, 0.37029E-02
 0.22000E+02, 0.00000E+00, 0.71093E+02, 0.39203E+00, 0.35491E-02
 0.23000E+02, 0.00000E+00, 0.47138E+02, 0.82455E+00, 0.15700E-02
 0.24000E+02, 0.00000E+00, 0.41428E+02, 0.10862E+01, 0.11705E-02
 0.25000E+02, 0.00000E+00, 0.44800E+02, 0.97079E+00, 0.13238E-02
 0.26000E+02, 0.00000E+00, 0.43897E+02, 0.10123E+01, 0.12659E-02
 0.27000E+02, 0.00000E+00, 0.44424E+02, 0.99197E+00, 0.12940E-02
 0.28000E+02, 0.00000E+00, 0.44463E+02, 0.99491E+00, 0.12903E-02
 0.29000E+02, 0.00000E+00, 0.44220E+02, 0.99011E+00, 0.12956E-02
 0.30000E+02, 0.00000E+00, 0.42280E+02, 0.10579E+01, 0.12051E-02
 0.31000E+02, 0.00000E+00, 0.36368E+02, 0.14630E+01, 0.85512E-03
 0.32000E+02, 0.00000E+00, 0.34365E+02, 0.18055E+01, 0.68840E-03
 0.33000E+02, 0.00000E+00, 0.30699E+02, 0.25067E+01, 0.48993E-03
 0.34000E+02, 0.00000E+00, 0.48241E+02, 0.12042E+01, 0.10787E-02
 0.35000E+02, 0.00000E+00, 0.41381E+02, 0.14225E+01, 0.89369E-03
 0.36000E+02, 0.00000E+00, 0.48708E+02, 0.11697E+01, 0.11122E-02
 0.37000E+02, 0.00000E+00, 0.47756E+02, 0.11965E+01, 0.10840E-02
 0.38000E+02, 0.00000E+00, 0.48424E+02, 0.11982E+01, 0.10847E-02
 0.39000E+02, 0.00000E+00, 0.57232E+02, 0.96168E+00, 0.13886E-02
 0.40000E+02, 0.00000E+00, 0.47432E+02, 0.12215E+01, 0.10608E-02
 0.41000E+02, 0.00000E+00, 0.49660E+02, 0.11626E+01, 0.11223E-02
 0.42000E+02, 0.00000E+00, 0.55370E+02, 0.10626E+01, 0.12496E-02
 0.43000E+02, 0.00000E+00, 0.62819E+02, 0.95124E+00, 0.14275E-02
 0.44000E+02, 0.00000E+00, 0.71565E+02, 0.82938E+00, 0.16799E-02
 0.45000E+02, 0.00000E+00, 0.73158E+02, 0.78734E+00, 0.17778E-02
 0.46000E+02, 0.00000E+00, 0.62029E+02, 0.85499E+00, 0.15845E-02
 0.47000E+02, 0.00000E+00, 0.61319E+02, 0.84753E+00, 0.15951E-02
 0.48000E+02, 0.00000E+00, 0.63999E+02, 0.79432E+00, 0.17155E-02
 0.49000E+02, 0.00000E+00, 0.60469E+02, 0.82642E+00, 0.16317E-02
 0.50000E+02, 0.00000E+00, 0.45998E+02, 0.12415E+01, 0.10390E-02
 0.51000E+02, 0.00000E+00, 0.37988E+02, 0.17441E+01, 0.72103E-03
 0.52000E+02, 0.00000E+00, 0.19116E+03, 0.35512E+00, 0.52846E-02
 0.53000E+02, 0.00000E+00, 0.20807E+03, 0.33891E+00, 0.57390E-02
 0.54000E+02, 0.00000E+00, 0.21952E+03, 0.31710E+00, 0.62797E-02
 0.55000E+02, 0.00000E+00, 0.21987E+03, 0.30736E+00, 0.64833E-02
 0.56000E+02, 0.00000E+00, 0.21928E+03, 0.31726E+00, 0.62734E-02
 0.57000E+02, 0.00000E+00, 0.20097E+03, 0.33184E+00, 0.57748E-02
 0.58000E+02, 0.00000E+00, 0.25117E+03, 0.25932E+00, 0.81721E-02
 0.59000E+02, 0.00000E+00, 0.25596E+03, 0.27468E+00, 0.77857E-02
 0.60000E+02, 0.00000E+00, 0.27500E+03, 0.26395E+00, 0.83938E-02
 0.61000E+02, 0.00000E+00, 0.28126E+03, 0.25783E+00, 0.86911E-02
 0.62000E+02, 0.00000E+00, 0.26606E+03, 0.25887E+00, 0.84188E-02
 0.63000E+02, 0.00000E+00, 0.22000E+02, 0.30000E+02, 0.00000E+00
 0.64000E+02, 0.00000E+00, 0.21890E+03, 0.14481E+00, 0.13734E-01
 0.65000E+02, 0.00000E+00, 0.21936E+03, 0.14382E+00, 0.13841E-01
 0.00000E+00, 0.10000E+01, 0.20203E+02, 0.30000E+02, 0.28061E-05
 0.10000E+01, 0.10000E+01, 0.23107E+02, 0.30000E+02, 0.22472E-05
 0.20000E+01, 0.10000E+01, 0.23477E+02, 0.30000E+02, 0.46459E-09
 0.30000E+01, 0.10000E+01, 0.22820E+02, 0.30000E+02, 0.49313E-11
 0.40000E+01, 0.10000E+01, 0.22740E+02, 0.30000E+02, 0.29742E-14
 0.50000E+01, 0.10000E+01, 0.22625E+02, 0.30000E+02, 0.22133E-17
 0.60000E+01, 0.10000E+01, 0.22487E+02, 0.30000E+02, 0.35784E-18
 0.70000E+01, 0.10000E+01, 0.22706E+02, 0.30000E+02, 0.91051E-18
 0.80000E+01, 0.10000E+01, 0.22000E+02, 0.30000E+02, 0.00000E+00
 0.90000E+01, 0.10000E+01, 0.16743E+03, 0.12293E+00, 0.14486E-01
 0.10000E+02, 0.10000E+01, 0.18854E+03, 0.12433E+00, 0.15009E-01
 0.11000E+02, 0.10000E+01, 0.46551E+02, 0.96751E+00, 0.13356E-02
 0.12000E+02, 0.10000E+01, 0.50226E+02, 0.82985E+00, 0.15750E-02
 0.13000E+02, 0.10000E+01, 0.54905E+02, 0.68789E+00, 0.19275E-02
 0.14000E+02, 0.10000E+01, 0.49211E+02, 0.81719E+00, 0.15944E-02
 0.15000E+02, 0.10000E+01, 0.45857E+02, 0.91164E+00, 0.14144E-02
 0.16000E+02, 0.10000E+01, 0.44108E+02, 0.95567E+00, 0.13418E-02
 0.17000E+02, 0.10000E+01, 0.72853E+02, 0.39581E+00, 0.35332E-02
 0.18000E+02, 0.10000E+01, 0.80803E+02, 0.35158E+00, 0.40691E-02
 0.19000E+02, 0.10000E+01, 0.92538E+02, 0.29863E+00, 0.49494E-02
 0.20000E+02, 0.10000E+01, 0.76194E+02, 0.36728E+00, 0.38445E-02
 0.21000E+02, 0.10000E+01, 0.73656E+02, 0.40148E+00, 0.34915E-02
 0.22000E+02, 0.10000E+01, 0.71481E+02, 0.40542E+00, 0.34358E-02
 0.23000E+02, 0.10000E+01, 0.37195E+02, 0.17288E+01, 0.72558E-03
 0.24000E+02, 0.10000E+01, 0.40382E+02, 0.13054E+01, 0.97074E-03
 0.25000E+02, 0.10000E+01, 0.41428E+02, 0.11970E+01, 0.10623E-02
 0.26000E+02, 0.10000E+01, 0.42924E+02, 0.11543E+01, 0.11067E-02
 0.27000E+02, 0.10000E+01, 0.44028E+02, 0.11327E+01, 0.11318E-02
 0.28000E+02, 0.10000E+01, 0.40215E+02, 0.13418E+01, 0.94394E-03
 0.29000E+02, 0.10000E+01, 0.34713E+02, 0.20321E+01, 0.61233E-03
 0.30000E+02, 0.10000E+01, 0.34977E+02, 0.20821E+01, 0.59816E-03
 0.31000E+02, 0.10000E+01, 0.35994E+02, 0.19001E+01, 0.65761E-03
 0.32000E+02, 0.10000E+01, 0.34099E+02, 0.23629E+01, 0.52555E-03
 0.33000E+02, 0.10000E+01, 0.28794E+02, 0.44144E+01, 0.27646E-03
 0.34000E+02, 0.10000E+01, 0.40472E+02, 0.16108E+01, 0.78694E-03
 0.35000E+02, 0.10000E+01, 0.41187E+02, 0.15315E+01, 0.82959E-03
 0.36000E+02, 0.10000E+01, 0.47890E+02, 0.12658E+01, 0.10251E-02
 0.37000E+02, 0.10000E+01, 0.50465E+02, 0.11715E+01, 0.11165E-02
 0.38000E+02, 0.10000E+01, 0.53871E+02, 0.10373E+01, 0.12742E-02
 0.39000E+02, 0.10000E+01, 0.55792E+02, 0.98794E+00, 0.13458E-02
 0.40000E+02, 0.10000E+01, 0.34898E+02, 0.22660E+01, 0.54946E-03
 0.41000E+02, 0.10000E+01, 0.38610E+02, 0.18478E+01, 0.68194E-03
 0.42000E+02, 0.10000E+01, 0.40373E+02, 0.18558E+01, 0.68284E-03
 0.43000E+02, 0.10000E+01, 0.51910E+02, 0.12423E+01, 0.10576E-02
 0.44000E+02, 0.10000E+01, 0.58148E+02, 0.10200E+01, 0.13128E-02
 0.45000E+02, 0.10000E+01, 0.49373E+02, 0.12336E+01, 0.10568E-02
 0.46000E+02, 0.10000E+01, 0.44957E+02, 0.14439E+01, 0.89044E-03
 0.47000E+02, 0.10000E+01, 0.43190E+02, 0.15679E+01, 0.81550E-03
 0.48000E+02, 0.10000E+01, 0.43176E+02, 0.15552E+01, 0.82211E-03
 0.49000E+02, 0.10000E+01, 0.44881E+02, 0.14836E+01, 0.86644E-03
 0.50000E+02, 0.10000E+01, 0.48043E+02, 0.12884E+01, 0.10076E-02
 0.51000E+02, 0.10000E+01, 0.44350E+02, 0.15017E+01, 0.85454E-03
 0.52000E+02, 0.10000E+01, 0.17104E+03, 0.38671E+00, 0.46426E-02
 0.53000E+02, 0.10000E+01, 0.18770E+03, 0.34742E+00, 0.53613E-02
 0.54000E+02, 0.10000E+01, 0.20742E+03, 0.32877E+00, 0.59080E-02
 0.55000E+02, 0.10000E+01, 0.20622E+03, 0.34370E+00, 0.56373E-02
 0.56000E+02, 0.10000E+01, 0.20544E+03, 0.34489E+00, 0.56086E-02
 0.57000E+02, 0.10000E+01, 0.21025E+03, 0.33627E+00, 0.58103E-02
 0.58000E+02, 0.10000E+01, 0.24059E+03, 0.28391E+00, 0.73138E-02
 0.59000E+02, 0.10000E+01, 0.24042E+03, 0.28473E+00, 0.72903E-02
 0.60000E+02, 0.10000E+01, 0.24506E+03, 0.28222E+00, 0.74215E-02
 0.61000E+02, 0.10000E+01, 0.25957E+03, 0.27415E+00, 0.78539E-02
 0.62000E+02, 0.10000E+01, 0.29023E+03, 0.25283E+00, 0.90066E-02
 0.63000E+02, 0.10000E+01, 0.22000E+02, 0.30000E+02, 0.00000E+00
 0.64000E+02, 0.10000E+01, 0.24679E+03, 0.16616E+00, 0.12647E-01
 0.65000E+02, 0.10000E+01, 0.19271E+03, 0.12415E+00, 0.15166E-01
 0.00000E+00, 0.20000E+01, 0.36901E+02, 0.70467E+00, 0.17784E-02
 0.10000E+01, 0.20000E+01, 0.32480E+02, 0.12030E+01, 0.10269E-02
 0.20000E+01, 0.20000E+01, 0.23425E+02, 0.30000E+02, 0.28321E-04
 0.30000E+01, 0.20000E+01, 0.23427E+02, 0.30000E+02, 0.23089E-05
 0.40000E+01, 0.20000E+01, 0.22990E+02, 0.30000E+02, 0.17283E-08
 0.50000E+01, 0.20000E+01, 0.23024E+02, 0.30000E+02, 0.48127E-11
 0.60000E+01, 0.20000E+01, 0.23026E+02, 0.30000E+02, 0.13356E-12
 0.70000E+01, 0.20000E+01, 0.22967E+02, 0.30000E+02, 0.64335E-13
 0.80000E+01, 0.20000E+01, 0.22000E+02, 0.30000E+02, 0.00000E+00
 0.90000E+01, 0.20000E+01, 0.18921E+03, 0.12795E+00, 0.14605E-01
 0.10000E+02, 0.20000E+01, 0.19324E+03, 0.12907E+00, 0.14605E-01
 0.11000E+02, 0.20000E+01, 0.54679E+02, 0.73319E+00, 0.18072E-02
 0.12000E+02, 0.20000E+01, 0.48999E+02, 0.85904E+00, 0.15157E-02
 0.13000E+02, 0.20000E+01, 0.48371E+02, 0.86697E+00, 0.14989E-02
 0.14000E+02, 0.20000E+01, 0.45229E+02, 0.95973E+00, 0.13408E-02
 0.15000E+02, 0.20000E+01, 0.42137E+02, 0.10614E+01, 0.12006E-02
 0.16000E+02, 0.20000E+01, 0.38940E+02, 0.12012E+01, 0.10501E-02
 0.17000E+02, 0.20000E+01, 0.69570E+02, 0.40684E+00, 0.34048E-02
 0.18000E+02, 0.20000E+01, 0.70830E+02, 0.40609E+00, 0.34236E-02
 0.19000E+02, 0.20000E+01, 0.88413E+02, 0.31593E+00, 0.46257E-02
 0.20000E+02, 0.20000E+01, 0.75350E+02, 0.39417E+00, 0.35735E-02
 0.21000E+02, 0.20000E+01, 0.71545E+02, 0.42879E+00, 0.32491E-02
 0.22000E+02, 0.20000E+01, 0.78794E+02, 0.37277E+00, 0.38160E-02
 0.23000E+02, 0.20000E+01, 0.36117E+02, 0.18770E+01, 0.66596E-03
 0.24000E+02, 0.20000E+01, 0.31544E+02, 0.26844E+01, 0.45876E-03
 0.25000E+02, 0.20000E+01, 0.38487E+02, 0.14902E+01, 0.84522E-03
 0.26000E+02, 0.20000E+01, 0.34102E+02, 0.20701E+01, 0.59992E-03
 0.27000E+02, 0.20000E+01, 0.28855E+02, 0.47549E+01, 0.25671E-03
 0.28000E+02, 0.20000E+01, 0.27915E+02, 0.63928E+01, 0.19035E-03
 0.29000E+02, 0.20000E+01, 0.27729E+02, 0.65940E+01, 0.18443E-03
 0.30000E+02, 0.20000E+01, 0.28675E+02, 0.53724E+01, 0.22707E-03
 0.31000E+02, 0.20000E+01, 0.29073E+02, 0.54685E+01, 0.22338E-03
 0.32000E+02, 0.20000E+01, 0.32052E+02, 0.30602E+01, 0.40310E-03
 0.33000E+02, 0.20000E+01, 0.37341E+02, 0.17282E+01, 0.72618E-03
 0.34000E+02, 0.20000E+01, 0.38177E+02, 0.17951E+01, 0.70099E-03
 0.35000E+02, 0.20000E+01, 0.40569E+02, 0.16351E+01, 0.77548E-03
 0.36000E+02, 0.20000E+01, 0.42158E+02, 0.15491E+01, 0.82266E-03
 0.37000E+02, 0.20000E+01, 0.44719E+02, 0.13604E+01, 0.94441E-03
 0.38000E+02, 0.20000E+01, 0.48599E+02, 0.11907E+01, 0.10922E-02
 0.39000E+02, 0.20000E+01, 0.51764E+02, 0.10880E+01, 0.12070E-02
 0.40000E+02, 0.20000E+01, 0.29361E+02, 0.40087E+01, 0.30501E-03
 0.41000E+02, 0.20000E+01, 0.30172E+02, 0.35629E+01, 0.34410E-03
 0.42000E+02, 0.20000E+01, 0.27826E+02, 0.59368E+01, 0.20491E-03
 0.43000E+02, 0.20000E+01, 0.33023E+02, 0.29696E+01, 0.41672E-03
 0.44000E+02, 0.20000E+01, 0.35365E+02, 0.24252E+01, 0.51418E-03
 0.45000E+02, 0.20000E+01, 0.36001E+02, 0.23684E+01, 0.52758E-03
 0.46000E+02, 0.20000E+01, 0.33464E+02, 0.27718E+01, 0.44710E-03
 0.47000E+02, 0.20000E+01, 0.36328E+02, 0.22632E+01, 0.55270E-03
 0.48000E+02, 0.20000E+01, 0.39387E+02, 0.18649E+01, 0.67737E-03
 0.49000E+02, 0.20000E+01, 0.40935E+02, 0.17697E+01, 0.71734E-03
 0.50000E+02, 0.20000E+01, 0.42062E+02, 0.16915E+01, 0.75318E-03
 0.51000E+02, 0.20000E+01, 0.46864E+02, 0.14887E+01, 0.86882E-03
 0.52000E+02, 0.20000E+01, 0.15432E+03, 0.42404E+00, 0.40745E-02
 0.53000E+02, 0.20000E+01, 0.15694E+03, 0.44666E+00, 0.38919E-02
 0.54000E+02, 0.20000E+01, 0.16621E+03, 0.41272E+00, 0.43026E-02
 0.55000E+02, 0.20000E+01, 0.18660E+03, 0.37609E+00, 0.49410E-02
 0.56000E+02, 0.20000E+01, 0.19285E+03, 0.35491E+00, 0.53070E-02
 0.57000E+02, 0.20000E+01, 0.21935E+03, 0.33209E+00, 0.59943E-02
 0.58000E+02, 0.20000E+01, 0.23273E+03, 0.29109E+00, 0.70241E-02
 0.59000E+02, 0.20000E+01, 0.22603E+03, 0.29885E+00, 0.67511E-02
 0.60000E+02, 0.20000E+01, 0.22188E+03, 0.29604E+00, 0.67587E-02
 0.61000E+02, 0.20000E+01, 0.23625E+03, 0.30561E+00, 0.67371E-02
 0.62000E+02, 0.20000E+01, 0.28127E+03, 0.27028E+00, 0.82911E-02
 0.63000E+02, 0.20000E+01, 0.22000E+02, 0.30000E+02, 0.00000E+00
 0.64000E+02, 0.20000E+01, 0.25363E+03, 0.16826E+00, 0.12654E-01
 0.65000E+02, 0.20000E+01, 0.34414E+03, 0.26483E+00, 0.94210E-02
 0.00000E+00, 0.30000E+01, 0.42853E+02, 0.57494E+00, 0.22215E-02
 0.10000E+01, 0.30000E+01, 0.39968E+02, 0.77390E+00, 0.16353E-02
 0.20000E+01, 0.30000E+01, 0.39844E+02, 0.80820E+00, 0.15653E-02
 0.30000E+01, 0.30000E+01, 0.30859E+02, 0.15827E+01, 0.77635E-03
 0.40000E+01, 0.30000E+01, 0.23275E+02, 0.14077E+02, 0.85110E-04
 0.50000E+01, 0.30000E+01, 0.22463E+02, 0.30000E+02, 0.64177E-06
 0.60000E+01, 0.30000E+01, 0.22644E+02, 0.30000E+02, 0.57664E-07
 0.70000E+01, 0.30000E+01, 0.22604E+02, 0.30000E+02, 0.97327E-08
 0.80000E+01, 0.30000E+01, 0.22000E+02, 0.30000E+02, 0.00000E+00
 0.90000E+01, 0.30000E+01, 0.22274E+03, 0.13830E+00, 0.14493E-01
 0.10000E+02, 0.30000E+01, 0.22511E+03, 0.13548E+00, 0.14865E-01
 0.11000E+02, 0.30000E+01, 0.54290E+02, 0.75378E+00, 0.17558E-02
 0.12000E+02, 0.30000E+01, 0.43038E+02, 0.10747E+01, 0.11892E-02
 0.13000E+02, 0.30000E+01, 0.42377E+02, 0.10802E+01, 0.11806E-02
 0.14000E+02, 0.30000E+01, 0.37425E+02, 0.14227E+01, 0.88235E-03
 0.15000E+02, 0.30000E+01, 0.32909E+02, 0.20071E+01, 0.61632E-03
 0.16000E+02, 0.30000E+01, 0.25834E+02, 0.86760E+01, 0.13929E-03
 0.17000E+02, 0.30000E+01, 0.66810E+02, 0.42271E+00, 0.32506E-02
 0.18000E+02, 0.30000E+01, 0.81412E+02, 0.35248E+00, 0.40657E-02
 0.19000E+02, 0.30000E+01, 0.92018E+02, 0.30730E+00, 0.48029E-02
 0.20000E+02, 0.30000E+01, 0.77315E+02, 0.38920E+00, 0.36396E-02
 0.21000E+02, 0.30000E+01, 0.73094E+02, 0.43002E+00, 0.32544E-02
 0.22000E+02, 0.30000E+01, 0.87691E+02, 0.34197E+00, 0.42648E-02
 0.23000E+02, 0.30000E+01, 0.32358E+02, 0.25856E+01, 0.47757E-03
 0.24000E+02, 0.30000E+01, 0.33548E+02, 0.22068E+01, 0.56172E-03
 0.25000E+02, 0.30000E+01, 0.34056E+02, 0.20906E+01, 0.59394E-03
 0.26000E+02, 0.30000E+01, 0.27445E+02, 0.68384E+01, 0.17767E-03
 0.27000E+02, 0.30000E+01, 0.25970E+02, 0.11954E+02, 0.10114E-03
 0.28000E+02, 0.30000E+01, 0.25393E+02, 0.14553E+02, 0.82914E-04
 0.29000E+02, 0.30000E+01, 0.25450E+02, 0.20217E+02, 0.59698E-04
 0.30000E+02, 0.30000E+01, 0.25598E+02, 0.30000E+02, 0.29790E-04
 0.31000E+02, 0.30000E+01, 0.25646E+02, 0.30000E+02, 0.28778E-04
 0.32000E+02, 0.30000E+01, 0.27810E+02, 0.63896E+01, 0.19038E-03
 0.33000E+02, 0.30000E+01, 0.37147E+02, 0.18367E+01, 0.68283E-03
 0.34000E+02, 0.30000E+01, 0.38301E+02, 0.18196E+01, 0.69182E-03
 0.35000E+02, 0.30000E+01, 0.38500E+02, 0.17626E+01, 0.71465E-03
 0.36000E+02, 0.30000E+01, 0.38350E+02, 0.18005E+01, 0.69926E-03
 0.37000E+02, 0.30000E+01, 0.43703E+02, 0.14596E+01, 0.87740E-03
 0.38000E+02, 0.30000E+01, 0.48850E+02, 0.11834E+01, 0.10998E-02
 0.39000E+02, 0.30000E+01, 0.60488E+02, 0.87134E+00, 0.15476E-02
 0.40000E+02, 0.30000E+01, 0.32097E+02, 0.32142E+01, 0.38385E-03
 0.41000E+02, 0.30000E+01, 0.31832E+02, 0.29126E+01, 0.42323E-03
 0.42000E+02, 0.30000E+01, 0.28758E+02, 0.49431E+01, 0.24686E-03
 0.43000E+02, 0.30000E+01, 0.28855E+02, 0.55034E+01, 0.22180E-03
 0.44000E+02, 0.30000E+01, 0.31872E+02, 0.34455E+01, 0.35782E-03
 0.45000E+02, 0.30000E+01, 0.32860E+02, 0.29474E+01, 0.41964E-03
 0.46000E+02, 0.30000E+01, 0.34229E+02, 0.26138E+01, 0.47531E-03
 0.47000E+02, 0.30000E+01, 0.35441E+02, 0.24202E+01, 0.51537E-03
 0.48000E+02, 0.30000E+01, 0.35763E+02, 0.23531E+01, 0.53062E-03
 0.49000E+02, 0.30000E+01, 0.37207E+02, 0.21431E+01, 0.58532E-03
 0.50000E+02, 0.30000E+01, 0.41387E+02, 0.17592E+01, 0.72264E-03
 0.51000E+02, 0.30000E+01, 0.51762E+02, 0.13494E+01, 0.97322E-03
 0.52000E+02, 0.30000E+01, 0.15339E+03, 0.45404E+00, 0.37970E-02
 0.53000E+02, 0.30000E+01, 0.15938E+03, 0.44623E+00, 0.39177E-02
 0.54000E+02, 0.30000E+01, 0.15096E+03, 0.46185E+00, 0.37116E-02
 0.55000E+02, 0.30000E+01, 0.16861E+03, 0.40821E+00, 0.43739E-02
 0.56000E+02, 0.30000E+01, 0.17572E+03, 0.38644E+00, 0.46947E-02
 0.57000E+02, 0.30000E+01, 0.23947E+03, 0.32757E+00, 0.63252E-02
 0.58000E+02, 0.30000E+01, 0.23882E+03, 0.29197E+00, 0.70873E-02
 0.59000E+02, 0.30000E+01, 0.22395E+03, 0.31198E+00, 0.64402E-02
 0.60000E+02, 0.30000E+01, 0.22771E+03, 0.32154E+00, 0.62960E-02
 0.61000E+02, 0.30000E+01, 0.24065E+03, 0.32563E+00, 0.63774E-02
 0.62000E+02, 0.30000E+01, 0.29491E+03, 0.27176E+00, 0.84488E-02
 0.63000E+02, 0.30000E+01, 0.22000E+02, 0.30000E+02, 0.00000E+00
 0.64000E+02, 0.30000E+01, 0.36605E+03, 0.26319E+00, 0.98162E-02
 0.65000E+02, 0.30000E+01, 0.40853E+03, 0.30151E+00, 0.91380E-02
 0.00000E+00, 0.40000E+01, 0.43968E+02, 0.56479E+00, 0.22694E-02
 0.10000E+01, 0.40000E+01, 0.44516E+02, 0.63964E+00, 0.20073E-02
 0.20000E+01, 0.40000E+01, 0.41951E+02, 0.74655E+00, 0.17060E-02
 0.30000E+01, 0.40000E+01, 0.37033E+02, 0.98039E+00, 0.12788E-02
 0.40000E+01, 0.40000E+01, 0.31807E+02, 0.14970E+01, 0.82335E-03
 0.50000E+01, 0.40000E+01, 0.28421E+02, 0.22934E+01, 0.53147E-03
 0.60000E+01, 0.40000E+01, 0.26860E+02, 0.30299E+01, 0.40021E-03
 0.70000E+01, 0.40000E+01, 0.23236E+02, 0.14781E+02, 0.81045E-04
 0.80000E+01, 0.40000E+01, 0.22000E+02, 0.30000E+02, 0.00000E+00
 0.90000E+01, 0.40000E+01, 0.20353E+03, 0.13304E+00, 0.14482E-01
 0.10000E+02, 0.40000E+01, 0.21894E+03, 0.13584E+00, 0.14641E-01
 0.11000E+02, 0.40000E+01, 0.70944E+02, 0.52888E+00, 0.26297E-02
 0.12000E+02, 0.40000E+01, 0.51314E+02, 0.81673E+00, 0.16057E-02
 0.13000E+02, 0.40000E+01, 0.39720E+02, 0.13124E+01, 0.96354E-03
 0.14000E+02, 0.40000E+01, 0.28804E+02, 0.41360E+01, 0.29508E-03
 0.15000E+02, 0.40000E+01, 0.24119E+02, 0.30000E+02, 0.71177E-05
 0.16000E+02, 0.40000E+01, 0.23742E+02, 0.30000E+02, 0.11425E-07
 0.17000E+02, 0.40000E+01, 0.12077E+03, 0.26504E+00, 0.60072E-02
 0.18000E+02, 0.40000E+01, 0.11185E+03, 0.27609E+00, 0.56361E-02
 0.19000E+02, 0.40000E+01, 0.98631E+02, 0.29004E+00, 0.51810E-02
 0.20000E+02, 0.40000E+01, 0.83775E+02, 0.37367E+00, 0.38607E-02
 0.21000E+02, 0.40000E+01, 0.84369E+02, 0.38968E+00, 0.37082E-02
 0.22000E+02, 0.40000E+01, 0.96536E+02, 0.32466E+00, 0.46024E-02
 0.23000E+02, 0.40000E+01, 0.29217E+02, 0.40372E+01, 0.30272E-03
 0.24000E+02, 0.40000E+01, 0.30170E+02, 0.30633E+01, 0.40021E-03
 0.25000E+02, 0.40000E+01, 0.28465E+02, 0.43734E+01, 0.27875E-03
 0.26000E+02, 0.40000E+01, 0.26113E+02, 0.99853E+01, 0.12114E-03
 0.27000E+02, 0.40000E+01, 0.25999E+02, 0.10183E+02, 0.11874E-03
 0.28000E+02, 0.40000E+01, 0.25394E+02, 0.10442E+02, 0.11556E-03
 0.29000E+02, 0.40000E+01, 0.24120E+02, 0.18201E+02, 0.66013E-04
 0.30000E+02, 0.40000E+01, 0.23687E+02, 0.30000E+02, 0.35807E-04
 0.31000E+02, 0.40000E+01, 0.23648E+02, 0.30000E+02, 0.19438E-04
 0.32000E+02, 0.40000E+01, 0.26793E+02, 0.86159E+01, 0.14071E-03
 0.33000E+02, 0.40000E+01, 0.34904E+02, 0.20054E+01, 0.62086E-03
 0.34000E+02, 0.40000E+01, 0.44417E+02, 0.16259E+01, 0.78942E-03
 0.35000E+02, 0.40000E+01, 0.37747E+02, 0.18961E+01, 0.66271E-03
 0.36000E+02, 0.40000E+01, 0.37146E+02, 0.19216E+01, 0.65267E-03
 0.37000E+02, 0.40000E+01, 0.42704E+02, 0.15155E+01, 0.84236E-03
 0.38000E+02, 0.40000E+01, 0.48363E+02, 0.11981E+01, 0.10847E-02
 0.39000E+02, 0.40000E+01, 0.62386E+02, 0.84168E+00, 0.16113E-02
 0.40000E+02, 0.40000E+01, 0.31223E+02, 0.39878E+01, 0.30850E-03
 0.41000E+02, 0.40000E+01, 0.34337E+02, 0.29578E+01, 0.42018E-03
 0.42000E+02, 0.40000E+01, 0.29186E+02, 0.50925E+01, 0.23996E-03
 0.43000E+02, 0.40000E+01, 0.30610E+02, 0.45134E+01, 0.27202E-03
 0.44000E+02, 0.40000E+01, 0.33337E+02, 0.30019E+01, 0.41266E-03
 0.45000E+02, 0.40000E+01, 0.34544E+02, 0.27755E+01, 0.44807E-03
 0.46000E+02, 0.40000E+01, 0.36305E+02, 0.24097E+01, 0.51905E-03
 0.47000E+02, 0.40000E+01, 0.36498E+02, 0.24064E+01, 0.52009E-03
 0.48000E+02, 0.40000E+01, 0.35997E+02, 0.25657E+01, 0.48700E-03
 0.49000E+02, 0.40000E+01, 0.36298E+02, 0.26094E+01, 0.47933E-03
 0.50000E+02, 0.40000E+01, 0.36563E+02, 0.24872E+01, 0.50329E-03
 0.51000E+02, 0.40000E+01, 0.49377E+02, 0.15710E+01, 0.82981E-03
 0.52000E+02, 0.40000E+01, 0.15120E+03, 0.46962E+00, 0.36522E-02
 0.53000E+02, 0.40000E+01, 0.15072E+03, 0.46895E+00, 0.36533E-02
 0.54000E+02, 0.40000E+01, 0.14005E+03, 0.49695E+00, 0.33607E-02
 0.55000E+02, 0.40000E+01, 0.16573E+03, 0.43336E+00, 0.40933E-02
 0.56000E+02, 0.40000E+01, 0.16403E+03, 0.40435E+00, 0.43701E-02
 0.57000E+02, 0.40000E+01, 0.25595E+03, 0.32278E+00, 0.66253E-02
 0.58000E+02, 0.40000E+01, 0.23299E+03, 0.29500E+00, 0.69347E-02
 0.59000E+02, 0.40000E+01, 0.22143E+03, 0.32855E+00, 0.60844E-02
 0.60000E+02, 0.40000E+01, 0.23512E+03, 0.33564E+00, 0.61207E-02
 0.61000E+02, 0.40000E+01, 0.24215E+03, 0.33049E+00, 0.63021E-02
 0.62000E+02, 0.40000E+01, 0.29513E+03, 0.28410E+00, 0.80848E-02
 0.63000E+02, 0.40000E+01, 0.22000E+02, 0.30000E+02, 0.00000E+00
 0.64000E+02, 0.40000E+01, 0.35047E+03, 0.24403E+00, 0.10329E-01
 0.65000E+02, 0.40000E+01, 0.41434E+03, 0.29135E+00, 0.95375E-02
 0.00000E+00, 0.50000E+01, 0.45201E+02, 0.57148E+00, 0.22515E-02
 0.10000E+01, 0.50000E+01, 0.41051E+02, 0.79998E+00, 0.15875E-02
 0.20000E+01, 0.50000E+01, 0.37335E+02, 0.99106E+00, 0.12662E-02
 0.30000E+01, 0.50000E+01, 0.34225E+02, 0.12291E+01, 0.10108E-02
 0.40000E+01, 0.50000E+01, 0.32827E+02, 0.13697E+01, 0.90288E-03
 0.50000E+01, 0.50000E+01, 0.31170E+02, 0.16198E+01, 0.75938E-03
 0.60000E+01, 0.50000E+01, 0.31236E+02, 0.16053E+01, 0.76637E-03
 0.70000E+01, 0.50000E+01, 0.28325E+02, 0.22189E+01, 0.54914E-03
 0.80000E+01, 0.50000E+01, 0.22000E+02, 0.30000E+02, 0.00000E+00
 0.90000E+01, 0.50000E+01, 0.21097E+03, 0.14210E+00, 0.13770E-01
 0.10000E+02, 0.50000E+01, 0.21382E+03, 0.13616E+00, 0.14455E-01
 0.11000E+02, 0.50000E+01, 0.70798E+02, 0.54366E+00, 0.25571E-02
 0.12000E+02, 0.50000E+01, 0.53988E+02, 0.77343E+00, 0.17096E-02
 0.13000E+02, 0.50000E+01, 0.46498E+02, 0.10330E+01, 0.12507E-02
 0.14000E+02, 0.50000E+01, 0.35503E+02, 0.18333E+01, 0.68048E-03
 0.15000E+02, 0.50000E+01, 0.24518E+02, 0.30000E+02, 0.18210E-05
 0.16000E+02, 0.50000E+01, 0.24454E+02, 0.30000E+02, 0.14871E-09
 0.17000E+02, 0.50000E+01, 0.15347E+03, 0.22135E+00, 0.77898E-02
 0.18000E+02, 0.50000E+01, 0.11198E+03, 0.27606E+00, 0.56388E-02
 0.19000E+02, 0.50000E+01, 0.96639E+02, 0.29536E+00, 0.50603E-02
 0.20000E+02, 0.50000E+01, 0.82231E+02, 0.38686E+00, 0.37130E-02
 0.21000E+02, 0.50000E+01, 0.97006E+02, 0.36788E+00, 0.40668E-02
 0.22000E+02, 0.50000E+01, 0.10242E+03, 0.30965E+00, 0.49022E-02
 0.23000E+02, 0.50000E+01, 0.28665E+02, 0.46834E+01, 0.26047E-03
 0.24000E+02, 0.50000E+01, 0.32803E+02, 0.29420E+01, 0.42033E-03
 0.25000E+02, 0.50000E+01, 0.25884E+02, 0.94219E+01, 0.12828E-03
 0.26000E+02, 0.50000E+01, 0.25040E+02, 0.11355E+02, 0.10614E-03
 0.27000E+02, 0.50000E+01, 0.25292E+02, 0.97673E+01, 0.12350E-03
 0.28000E+02, 0.50000E+01, 0.25189E+02, 0.94585E+01, 0.12749E-03
 0.29000E+02, 0.50000E+01, 0.24699E+02, 0.12408E+02, 0.97025E-04
 0.30000E+02, 0.50000E+01, 0.24215E+02, 0.17527E+02, 0.68575E-04
 0.31000E+02, 0.50000E+01, 0.25831E+02, 0.10857E+02, 0.11131E-03
 0.32000E+02, 0.50000E+01, 0.28530E+02, 0.48858E+01, 0.24957E-03
 0.33000E+02, 0.50000E+01, 0.32022E+02, 0.24469E+01, 0.50409E-03
 0.34000E+02, 0.50000E+01, 0.49940E+02, 0.13442E+01, 0.97149E-03
 0.35000E+02, 0.50000E+01, 0.50210E+02, 0.13084E+01, 0.99894E-03
 0.36000E+02, 0.50000E+01, 0.35363E+02, 0.22313E+01, 0.55884E-03
 0.37000E+02, 0.50000E+01, 0.38437E+02, 0.18216E+01, 0.69135E-03
 0.38000E+02, 0.50000E+01, 0.46920E+02, 0.12614E+01, 0.10256E-02
 0.39000E+02, 0.50000E+01, 0.66948E+02, 0.79414E+00, 0.17309E-02
 0.40000E+02, 0.50000E+01, 0.54873E+02, 0.12854E+01, 0.10314E-02
 0.41000E+02, 0.50000E+01, 0.49524E+02, 0.15158E+01, 0.86039E-03
 0.42000E+02, 0.50000E+01, 0.35066E+02, 0.31587E+01, 0.39439E-03
 0.43000E+02, 0.50000E+01, 0.34554E+02, 0.30473E+01, 0.40813E-03
 0.44000E+02, 0.50000E+01, 0.34998E+02, 0.28650E+01, 0.43472E-03
 0.45000E+02, 0.50000E+01, 0.35114E+02, 0.29047E+01, 0.42894E-03
 0.46000E+02, 0.50000E+01, 0.35000E+02, 0.30412E+01, 0.40954E-03
 0.47000E+02, 0.50000E+01, 0.34029E+02, 0.37524E+01, 0.33087E-03
 0.48000E+02, 0.50000E+01, 0.34200E+02, 0.38090E+01, 0.32614E-03
 0.49000E+02, 0.50000E+01, 0.34147E+02, 0.38840E+01, 0.31978E-03
 0.50000E+02, 0.50000E+01, 0.33556E+02, 0.41689E+01, 0.29736E-03
 0.51000E+02, 0.50000E+01, 0.43114E+02, 0.20348E+01, 0.62820E-03
 0.52000E+02, 0.50000E+01, 0.18304E+03, 0.44218E+00, 0.41699E-02
 0.53000E+02, 0.50000E+01, 0.14682E+03, 0.49539E+00, 0.34265E-02
 0.54000E+02, 0.50000E+01, 0.13030E+03, 0.54275E+00, 0.30044E-02
 0.55000E+02, 0.50000E+01, 0.15736E+03, 0.46659E+00, 0.37293E-02
 0.56000E+02, 0.50000E+01, 0.16521E+03, 0.42460E+00, 0.41728E-02
 0.57000E+02, 0.50000E+01, 0.26574E+03, 0.31266E+00, 0.69664E-02
 0.58000E+02, 0.50000E+01, 0.24173E+03, 0.30753E+00, 0.67669E-02
 0.59000E+02, 0.50000E+01, 0.21974E+03, 0.36028E+00, 0.55295E-02
 0.60000E+02, 0.50000E+01, 0.21485E+03, 0.38135E+00, 0.51722E-02
 0.61000E+02, 0.50000E+01, 0.22133E+03, 0.36162E+00, 0.55268E-02
 0.62000E+02, 0.50000E+01, 0.33183E+03, 0.25811E+00, 0.94736E-02
 0.63000E+02, 0.50000E+01, 0.22000E+02, 0.30000E+02, 0.00000E+00
 0.64000E+02, 0.50000E+01, 0.41929E+03, 0.28275E+00, 0.98982E-02
 0.65000E+02, 0.50000E+01, 0.42027E+03, 0.28995E+00, 0.96660E-02
 0.00000E+00, 0.60000E+01, 0.45243E+02, 0.56527E+00, 0.22766E-02
 0.10000E+01, 0.60000E+01, 0.43141E+02, 0.76048E+00, 0.16810E-02
 0.20000E+01, 0.60000E+01, 0.43694E+02, 0.78200E+00, 0.16376E-02
 0.30000E+01, 0.60000E+01, 0.35407E+02, 0.11363E+01, 0.10976E-02
 0.40000E+01, 0.60000E+01, 0.32915E+02, 0.14190E+01, 0.87178E-03
 0.50000E+01, 0.60000E+01, 0.32100E+02, 0.15267E+01, 0.80811E-03
 0.60000E+01, 0.60000E+01, 0.33511E+02, 0.13287E+01, 0.93281E-03
 0.70000E+01, 0.60000E+01, 0.31426E+02, 0.15588E+01, 0.78974E-03
 0.80000E+01, 0.60000E+01, 0.22000E+02, 0.30000E+02, 0.00000E+00
 0.90000E+01, 0.60000E+01, 0.22239E+03, 0.15298E+00, 0.13093E-01
 0.10000E+02, 0.60000E+01, 0.19851E+03, 0.14177E+00, 0.13447E-01
 0.11000E+02, 0.60000E+01, 0.60101E+02, 0.70336E+00, 0.19150E-02
 0.12000E+02, 0.60000E+01, 0.43873E+02, 0.11894E+01, 0.10773E-02
 0.13000E+02, 0.60000E+01, 0.52748E+02, 0.84515E+00, 0.15586E-02
 0.14000E+02, 0.60000E+01, 0.13576E+03, 0.26127E+00, 0.63258E-02
 0.15000E+02, 0.60000E+01, 0.13768E+03, 0.25616E+00, 0.64823E-02
 0.16000E+02, 0.60000E+01, 0.12487E+03, 0.25821E+00, 0.62303E-02
 0.17000E+02, 0.60000E+01, 0.23046E+03, 0.17555E+00, 0.11595E-01
 0.18000E+02, 0.60000E+01, 0.22385E+03, 0.16927E+00, 0.11868E-01
 0.19000E+02, 0.60000E+01, 0.23809E+02, 0.30000E+02, 0.00000E+00
 0.20000E+02, 0.60000E+01, 0.23431E+02, 0.30000E+02, 0.00000E+00
 0.21000E+02, 0.60000E+01, 0.23595E+03, 0.16406E+00, 0.12543E-01
 0.22000E+02, 0.60000E+01, 0.22363E+03, 0.17680E+00, 0.11357E-01
 0.23000E+02, 0.60000E+01, 0.41735E+02, 0.16376E+01, 0.77717E-03
 0.24000E+02, 0.60000E+01, 0.36429E+02, 0.22803E+01, 0.54873E-03
 0.25000E+02, 0.60000E+01, 0.24771E+02, 0.11050E+02, 0.10898E-03
 0.26000E+02, 0.60000E+01, 0.24603E+02, 0.10046E+02, 0.11980E-03
 0.27000E+02, 0.60000E+01, 0.26551E+02, 0.47629E+01, 0.25433E-03
 0.28000E+02, 0.60000E+01, 0.28416E+02, 0.41755E+01, 0.29191E-03
 0.29000E+02, 0.60000E+01, 0.23897E+02, 0.20216E+02, 0.59390E-04
 0.30000E+02, 0.60000E+01, 0.24001E+02, 0.21304E+02, 0.56376E-04
 0.31000E+02, 0.60000E+01, 0.25202E+02, 0.12501E+02, 0.96466E-04
 0.32000E+02, 0.60000E+01, 0.26688E+02, 0.62548E+01, 0.19375E-03
 0.33000E+02, 0.60000E+01, 0.27230E+02, 0.60154E+01, 0.20183E-03
 0.34000E+02, 0.60000E+01, 0.60744E+02, 0.94108E+00, 0.14340E-02
 0.35000E+02, 0.60000E+01, 0.50400E+02, 0.13421E+01, 0.97442E-03
 0.36000E+02, 0.60000E+01, 0.37617E+02, 0.20813E+01, 0.60350E-03
 0.37000E+02, 0.60000E+01, 0.34358E+02, 0.23851E+01, 0.52111E-03
 0.38000E+02, 0.60000E+01, 0.43624E+02, 0.14397E+01, 0.88930E-03
 0.39000E+02, 0.60000E+01, 0.65633E+02, 0.80866E+00, 0.16933E-02
 0.40000E+02, 0.60000E+01, 0.66345E+02, 0.95459E+00, 0.14375E-02
 0.41000E+02, 0.60000E+01, 0.73487E+02, 0.84065E+00, 0.16666E-02
 0.42000E+02, 0.60000E+01, 0.41752E+02, 0.20493E+01, 0.62107E-03
 0.43000E+02, 0.60000E+01, 0.33073E+02, 0.36347E+01, 0.34052E-03
 0.44000E+02, 0.60000E+01, 0.29045E+02, 0.57601E+01, 0.21205E-03
 0.45000E+02, 0.60000E+01, 0.27811E+02, 0.73793E+01, 0.16484E-03
 0.46000E+02, 0.60000E+01, 0.30703E+02, 0.56369E+01, 0.21787E-03
 0.47000E+02, 0.60000E+01, 0.33519E+02, 0.42304E+01, 0.29300E-03
 0.48000E+02, 0.60000E+01, 0.33662E+02, 0.40494E+01, 0.30624E-03
 0.49000E+02, 0.60000E+01, 0.37703E+02, 0.26977E+01, 0.46574E-03
 0.50000E+02, 0.60000E+01, 0.33345E+02, 0.44455E+01, 0.27866E-03
 0.51000E+02, 0.60000E+01, 0.38380E+02, 0.29239E+01, 0.43064E-03
 0.52000E+02, 0.60000E+01, 0.23231E+03, 0.43870E+00, 0.46570E-02
 0.53000E+02, 0.60000E+01, 0.23541E+03, 0.42529E+00, 0.48332E-02
 0.54000E+02, 0.60000E+01, 0.13795E+03, 0.53464E+00, 0.31078E-02
 0.55000E+02, 0.60000E+01, 0.15193E+03, 0.48509E+00, 0.35418E-02
 0.56000E+02, 0.60000E+01, 0.15099E+03, 0.47448E+00, 0.36130E-02
 0.57000E+02, 0.60000E+01, 0.26510E+03, 0.30640E+00, 0.71003E-02
 0.58000E+02, 0.60000E+01, 0.50077E+03, 0.29451E+00, 0.10621E-01
 0.59000E+02, 0.60000E+01, 0.32509E+03, 0.33883E+00, 0.71363E-02
 0.60000E+02, 0.60000E+01, 0.24152E+03, 0.40306E+00, 0.51611E-02
 0.61000E+02, 0.60000E+01, 0.20896E+03, 0.41413E+00, 0.47053E-02
 0.62000E+02, 0.60000E+01, 0.29081E+03, 0.27658E+00, 0.82415E-02
 0.63000E+02, 0.60000E+01, 0.22000E+02, 0.30000E+02, 0.00000E+00
 0.64000E+02, 0.60000E+01, 0.46227E+03, 0.30867E+00, 0.96298E-02
 0.65000E+02, 0.60000E+01, 0.46294E+03, 0.29237E+00, 0.10176E-01
 0.00000E+00, 0.70000E+01, 0.47256E+02, 0.53899E+00, 0.24027E-02
 0.10000E+01, 0.70000E+01, 0.50007E+02, 0.64257E+00, 0.20327E-02
 0.20000E+01, 0.70000E+01, 0.52999E+02, 0.60318E+00, 0.21855E-02
 0.30000E+01, 0.70000E+01, 0.50094E+02, 0.66972E+00, 0.19508E-02
 0.40000E+01, 0.70000E+01, 0.46800E+02, 0.76327E+00, 0.16943E-02
 0.50000E+01, 0.70000E+01, 0.42669E+02, 0.88549E+00, 0.14416E-02
 0.60000E+01, 0.70000E+01, 0.40500E+02, 0.96020E+00, 0.13203E-02
 0.70000E+01, 0.70000E+01, 0.35563E+02, 0.11771E+01, 0.10600E-02
 0.80000E+01, 0.70000E+01, 0.22000E+02, 0.30000E+02, 0.00000E+00
 0.90000E+01, 0.70000E+01, 0.22536E+03, 0.16079E+00, 0.12531E-01
 0.10000E+02, 0.70000E+01, 0.20839E+03, 0.14987E+00, 0.12986E-01
 0.11000E+02, 0.70000E+01, 0.58615E+02, 0.76978E+00, 0.17420E-02
 0.12000E+02, 0.70000E+01, 0.74219E+02, 0.61275E+00, 0.22913E-02
 0.13000E+02, 0.70000E+01, 0.60082E+02, 0.74169E+00, 0.18159E-02
 0.14000E+02, 0.70000E+01, 0.16916E+03, 0.24562E+00, 0.72785E-02
 0.15000E+02, 0.70000E+01, 0.14422E+03, 0.25456E+00, 0.66267E-02
 0.16000E+02, 0.70000E+01, 0.12210E+03, 0.26384E+00, 0.60549E-02
 0.17000E+02, 0.70000E+01, 0.24178E+03, 0.18583E+00, 0.11200E-01
 0.18000E+02, 0.70000E+01, 0.22489E+03, 0.16391E+00, 0.12281E-01
 0.19000E+02, 0.70000E+01, 0.22747E+02, 0.30000E+02, 0.00000E+00
 0.20000E+02, 0.70000E+01, 0.23005E+02, 0.30000E+02, 0.00000E+00
 0.21000E+02, 0.70000E+01, 0.23417E+03, 0.15308E+00, 0.13395E-01
 0.22000E+02, 0.70000E+01, 0.22669E+03, 0.16858E+00, 0.11984E-01
 0.23000E+02, 0.70000E+01, 0.12724E+03, 0.27458E+00, 0.58939E-02
 0.24000E+02, 0.70000E+01, 0.33416E+02, 0.32185E+01, 0.38499E-03
 0.25000E+02, 0.70000E+01, 0.25138E+02, 0.10099E+02, 0.11938E-03
 0.26000E+02, 0.70000E+01, 0.24552E+02, 0.19344E+02, 0.62204E-04
 0.27000E+02, 0.70000E+01, 0.24072E+02, 0.24576E+02, 0.48882E-04
 0.28000E+02, 0.70000E+01, 0.29075E+02, 0.92133E+01, 0.13258E-03
 0.29000E+02, 0.70000E+01, 0.27016E+02, 0.14126E+02, 0.85888E-04
 0.30000E+02, 0.70000E+01, 0.26984E+02, 0.11992E+02, 0.10116E-03
 0.31000E+02, 0.70000E+01, 0.25982E+02, 0.14790E+02, 0.81747E-04
 0.32000E+02, 0.70000E+01, 0.27233E+02, 0.30000E+02, 0.31686E-04
 0.33000E+02, 0.70000E+01, 0.31155E+02, 0.52693E+01, 0.23342E-03
 0.34000E+02, 0.70000E+01, 0.66021E+02, 0.86693E+00, 0.15813E-02
 0.35000E+02, 0.70000E+01, 0.63620E+02, 0.98788E+00, 0.13779E-02
 0.36000E+02, 0.70000E+01, 0.38095E+02, 0.22551E+01, 0.55784E-03
 0.37000E+02, 0.70000E+01, 0.50708E+02, 0.14191E+01, 0.92237E-03
 0.38000E+02, 0.70000E+01, 0.55966E+02, 0.11011E+01, 0.12081E-02
 0.39000E+02, 0.70000E+01, 0.65256E+02, 0.95296E+00, 0.14353E-02
 0.40000E+02, 0.70000E+01, 0.12644E+03, 0.46567E+00, 0.34682E-02
 0.41000E+02, 0.70000E+01, 0.70500E+02, 0.10337E+01, 0.13437E-02
 0.42000E+02, 0.70000E+01, 0.44930E+02, 0.18376E+01, 0.69961E-03
 0.43000E+02, 0.70000E+01, 0.28241E+02, 0.80948E+01, 0.15049E-03
 0.44000E+02, 0.70000E+01, 0.30525E+02, 0.98243E+01, 0.12494E-03
 0.45000E+02, 0.70000E+01, 0.30975E+02, 0.81458E+01, 0.15090E-03
 0.46000E+02, 0.70000E+01, 0.30412E+02, 0.71759E+01, 0.17098E-03
 0.47000E+02, 0.70000E+01, 0.40612E+02, 0.21257E+01, 0.59660E-03
 0.48000E+02, 0.70000E+01, 0.56033E+02, 0.12437E+01, 0.10698E-02
 0.49000E+02, 0.70000E+01, 0.36727E+02, 0.36466E+01, 0.34346E-03
 0.50000E+02, 0.70000E+01, 0.36081E+02, 0.33015E+01, 0.37857E-03
 0.51000E+02, 0.70000E+01, 0.39020E+02, 0.51074E+01, 0.24704E-03
 0.52000E+02, 0.70000E+01, 0.56681E+03, 0.28302E+00, 0.11996E-01
 0.53000E+02, 0.70000E+01, 0.17712E+03, 0.53415E+00, 0.34072E-02
 0.54000E+02, 0.70000E+01, 0.14482E+03, 0.57146E+00, 0.29563E-02
 0.55000E+02, 0.70000E+01, 0.15126E+03, 0.50291E+00, 0.34109E-02
 0.56000E+02, 0.70000E+01, 0.17600E+03, 0.38956E+00, 0.46601E-02
 0.57000E+02, 0.70000E+01, 0.24236E+03, 0.30736E+00, 0.67790E-02
 0.58000E+02, 0.70000E+01, 0.52912E+03, 0.32377E+00, 0.10015E-01
 0.59000E+02, 0.70000E+01, 0.33289E+03, 0.38644E+00, 0.63387E-02
 0.60000E+02, 0.70000E+01, 0.29269E+03, 0.38797E+00, 0.58948E-02
 0.61000E+02, 0.70000E+01, 0.21274E+03, 0.38959E+00, 0.50409E-02
 0.62000E+02, 0.70000E+01, 0.30006E+03, 0.27052E+00, 0.85643E-02
 0.63000E+02, 0.70000E+01, 0.22000E+02, 0.30000E+02, 0.00000E+00
 0.64000E+02, 0.70000E+01, 0.49657E+03, 0.33956E+00, 0.91622E-02
 0.65000E+02, 0.70000E+01, 0.47513E+03, 0.27308E+00, 0.11075E-01
 0.00000E+00, 0.80000E+01, 0.48819E+02, 0.54963E+00, 0.23677E-02
 0.10000E+01, 0.80000E+01, 0.52674E+02, 0.59215E+00, 0.22240E-02
 0.20000E+01, 0.80000E+01, 0.55122E+02, 0.57730E+00, 0.22983E-02
 0.30000E+01, 0.80000E+01, 0.53696E+02, 0.64941E+00, 0.20343E-02
 0.40000E+01, 0.80000E+01, 0.47569E+02, 0.76891E+00, 0.16859E-02
 0.50000E+01, 0.80000E+01, 0.43461E+02, 0.88544E+00, 0.14453E-02
 0.60000E+01, 0.80000E+01, 0.41738E+02, 0.93014E+00, 0.13683E-02
 0.70000E+01, 0.80000E+01, 0.37761E+02, 0.10924E+01, 0.11504E-02
 0.80000E+01, 0.80000E+01, 0.22000E+02, 0.30000E+02, 0.00000E+00
 0.90000E+01, 0.80000E+01, 0.26318E+03, 0.18195E+00, 0.11914E-01
 0.10000E+02, 0.80000E+01, 0.26322E+03, 0.19831E+00, 0.10932E-01
 0.11000E+02, 0.80000E+01, 0.25207E+03, 0.19914E+00, 0.10660E-01
 0.12000E+02, 0.80000E+01, 0.25085E+03, 0.21032E+00, 0.10070E-01
 0.13000E+02, 0.80000E+01, 0.25001E+03, 0.21151E+00, 0.99975E-02
 0.14000E+02, 0.80000E+01, 0.25090E+03, 0.20692E+00, 0.10237E-01
 0.15000E+02, 0.80000E+01, 0.25165E+03, 0.20816E+00, 0.10190E-01
 0.16000E+02, 0.80000E+01, 0.24908E+03, 0.22099E+00, 0.95516E-02
 0.17000E+02, 0.80000E+01, 0.25185E+03, 0.21702E+00, 0.97777E-02
 0.18000E+02, 0.80000E+01, 0.25814E+03, 0.19264E+00, 0.11147E-01
 0.19000E+02, 0.80000E+01, 0.31728E+03, 0.15556E+00, 0.15341E-01
 0.20000E+02, 0.80000E+01, 0.33459E+03, 0.13606E+00, 0.18054E-01
 0.21000E+02, 0.80000E+01, 0.30632E+03, 0.13132E+00, 0.17835E-01
 0.22000E+02, 0.80000E+01, 0.34008E+03, 0.11243E+00, 0.22045E-01
 0.23000E+02, 0.80000E+01, 0.43293E+03, 0.97913E-01, 0.29147E-01
 0.24000E+02, 0.80000E+01, 0.45587E+03, 0.10109E+00, 0.29148E-01
 0.25000E+02, 0.80000E+01, 0.46478E+03, 0.12127E+00, 0.24595E-01
 0.26000E+02, 0.80000E+01, 0.45492E+03, 0.13830E+00, 0.21277E-01
 0.27000E+02, 0.80000E+01, 0.47110E+03, 0.12350E+00, 0.24358E-01
 0.28000E+02, 0.80000E+01, 0.52448E+03, 0.12046E+00, 0.26764E-01
 0.29000E+02, 0.80000E+01, 0.56357E+03, 0.12824E+00, 0.26371E-01
 0.30000E+02, 0.80000E+01, 0.58182E+03, 0.15352E+00, 0.22510E-01
 0.31000E+02, 0.80000E+01, 0.60377E+03, 0.15953E+00, 0.22218E-01
 0.32000E+02, 0.80000E+01, 0.61912E+03, 0.15427E+00, 0.23377E-01
 0.33000E+02, 0.80000E+01, 0.63317E+03, 0.18079E+00, 0.20263E-01
 0.34000E+02, 0.80000E+01, 0.63416E+03, 0.18343E+00, 0.19993E-01
 0.35000E+02, 0.80000E+01, 0.64470E+03, 0.16651E+00, 0.22280E-01
 0.36000E+02, 0.80000E+01, 0.66783E+03, 0.16490E+00, 0.23064E-01
 0.37000E+02, 0.80000E+01, 0.67791E+03, 0.16983E+00, 0.22634E-01
 0.38000E+02, 0.80000E+01, 0.69355E+03, 0.17630E+00, 0.22163E-01
 0.39000E+02, 0.80000E+01, 0.71274E+03, 0.18249E+00, 0.21835E-01
 0.40000E+02, 0.80000E+01, 0.75012E+03, 0.18350E+00, 0.22539E-01
 0.41000E+02, 0.80000E+01, 0.79627E+03, 0.16891E+00, 0.25590E-01
 0.42000E+02, 0.80000E+01, 0.87092E+03, 0.15859E+00, 0.29158E-01
 0.43000E+02, 0.80000E+01, 0.90851E+03, 0.14813E+00, 0.32243E-01
 0.44000E+02, 0.80000E+01, 0.88043E+03, 0.14757E+00, 0.31597E-01
 0.45000E+02, 0.80000E+01, 0.84744E+03, 0.15300E+00, 0.29602E-01
 0.46000E+02, 0.80000E+01, 0.86657E+03, 0.16733E+00, 0.27530E-01
 0.47000E+02, 0.80000E+01, 0.84440E+03, 0.17572E+00, 0.25705E-01
 0.48000E+02, 0.80000E+01, 0.81633E+03, 0.17040E+00, 0.25842E-01
 0.49000E+02, 0.80000E+01, 0.78093E+03, 0.16257E+00, 0.26206E-01
 0.50000E+02, 0.80000E+01, 0.72565E+03, 0.15045E+00, 0.26833E-01
 0.51000E+02, 0.80000E+01, 0.67014E+03, 0.13470E+00, 0.28304E-01
 0.52000E+02, 0.80000E+01, 0.66975E+03, 0.21256E+00, 0.17929E-01
 0.53000E+02, 0.80000E+01, 0.74555E+03, 0.25872E+00, 0.15915E-01
 0.54000E+02, 0.80000E+01, 0.72998E+03, 0.26594E+00, 0.15246E-01
 0.55000E+02, 0.80000E+01, 0.79063E+03, 0.28127E+00, 0.15286E-01
 0.56000E+02, 0.80000E+01, 0.79926E+03, 0.39922E+00, 0.10858E-01
 0.57000E+02, 0.80000E+01, 0.68166E+03, 0.45936E+00, 0.84012E-02
 0.58000E+02, 0.80000E+01, 0.70936E+03, 0.38831E+00, 0.10227E-01
 0.59000E+02, 0.80000E+01, 0.52666E+03, 0.53163E+00, 0.60807E-02
 0.60000E+02, 0.80000E+01, 0.51636E+03, 0.47166E+00, 0.67656E-02
 0.61000E+02, 0.80000E+01, 0.52305E+03, 0.44502E+00, 0.72314E-02
 0.62000E+02, 0.80000E+01, 0.50901E+03, 0.42115E+00, 0.75065E-02
 0.63000E+02, 0.80000E+01, 0.50212E+03, 0.40175E+00, 0.77996E-02
 0.64000E+02, 0.80000E+01, 0.50203E+03, 0.32818E+00, 0.95471E-02
 0.65000E+02, 0.80000E+01, 0.47664E+03, 0.26202E+00, 0.11566E-01
 0.00000E+00, 0.90000E+01, 0.51368E+02, 0.53482E+00, 0.24525E-02
 0.10000E+01, 0.90000E+01, 0.57082E+02, 0.54484E+00, 0.24498E-02
 0.20000E+01, 0.90000E+01, 0.57434E+02, 0.57454E+00, 0.23256E-02
 0.30000E+01, 0.90000E+01, 0.54021E+02, 0.64697E+00, 0.20439E-02
 0.40000E+01, 0.90000E+01, 0.56017E+02, 0.60281E+00, 0.22071E-02
 0.50000E+01, 0.90000E+01, 0.56338E+02, 0.59013E+00, 0.22567E-02
 0.60000E+01, 0.90000E+01, 0.54761E+02, 0.62805E+00, 0.21103E-02
 0.70000E+01, 0.90000E+01, 0.41038E+02, 0.10237E+01, 0.12405E-02
 0.80000E+01, 0.90000E+01, 0.22000E+02, 0.30000E+02, 0.00000E+00
 0.90000E+01, 0.90000E+01, 0.27710E+03, 0.19448E+00, 0.11436E-01
 0.10000E+02, 0.90000E+01, 0.27217E+03, 0.20356E+00, 0.10828E-01
 0.11000E+02, 0.90000E+01, 0.26944E+03, 0.20649E+00, 0.10621E-01
 0.12000E+02, 0.90000E+01, 0.26142E+03, 0.21062E+00, 0.10258E-01
 0.13000E+02, 0.90000E+01, 0.25241E+03, 0.22016E+00, 0.96483E-02
 0.14000E+02, 0.90000E+01, 0.24875E+03, 0.22205E+00, 0.94996E-02
 0.15000E+02, 0.90000E+01, 0.25392E+03, 0.22805E+00, 0.93415E-02
 0.16000E+02, 0.90000E+01, 0.26214E+03, 0.22302E+00, 0.97009E-02
 0.17000E+02, 0.90000E+01, 0.24417E+03, 0.23747E+00, 0.88052E-02
 0.18000E+02, 0.90000E+01, 0.25738E+03, 0.23083E+00, 0.92896E-02
 0.19000E+02, 0.90000E+01, 0.27713E+03, 0.21267E+00, 0.10458E-01
 0.20000E+02, 0.90000E+01, 0.37032E+03, 0.14380E+00, 0.18087E-01
 0.21000E+02, 0.90000E+01, 0.37036E+03, 0.14598E+00, 0.17818E-01
 0.22000E+02, 0.90000E+01, 0.42886E+03, 0.12583E+00, 0.22549E-01
 0.23000E+02, 0.90000E+01, 0.45461E+03, 0.11475E+00, 0.25635E-01
 0.24000E+02, 0.90000E+01, 0.46967E+03, 0.12483E+00, 0.24051E-01
 0.25000E+02, 0.90000E+01, 0.51159E+03, 0.13152E+00, 0.24116E-01
 0.26000E+02, 0.90000E+01, 0.51735E+03, 0.13947E+00, 0.22908E-01
 0.27000E+02, 0.90000E+01, 0.51618E+03, 0.13615E+00, 0.23432E-01
 0.28000E+02, 0.90000E+01, 0.50007E+03, 0.12536E+00, 0.24930E-01
 0.29000E+02, 0.90000E+01, 0.50680E+03, 0.12817E+00, 0.24595E-01
 0.30000E+02, 0.90000E+01, 0.48337E+03, 0.15912E+00, 0.19216E-01
 0.31000E+02, 0.90000E+01, 0.40681E+03, 0.17764E+00, 0.15471E-01
 0.32000E+02, 0.90000E+01, 0.47043E+03, 0.14437E+00, 0.20817E-01
 0.33000E+02, 0.90000E+01, 0.63909E+03, 0.13568E+00, 0.27175E-01
 0.34000E+02, 0.90000E+01, 0.67073E+03, 0.14088E+00, 0.27080E-01
 0.35000E+02, 0.90000E+01, 0.68971E+03, 0.15052E+00, 0.25855E-01
 0.36000E+02, 0.90000E+01, 0.70702E+03, 0.16597E+00, 0.23870E-01
 0.37000E+02, 0.90000E+01, 0.70632E+03, 0.17189E+00, 0.23032E-01
 0.38000E+02, 0.90000E+01, 0.72402E+03, 0.16795E+00, 0.23998E-01
 0.39000E+02, 0.90000E+01, 0.77866E+03, 0.16059E+00, 0.26472E-01
 0.40000E+02, 0.90000E+01, 0.85613E+03, 0.15141E+00, 0.30145E-01
 0.41000E+02, 0.90000E+01, 0.93801E+03, 0.15176E+00, 0.32257E-01
 0.42000E+02, 0.90000E+01, 0.10003E+04, 0.16193E+00, 0.31786E-01
 0.43000E+02, 0.90000E+01, 0.10321E+04, 0.17743E+00, 0.29734E-01
 0.44000E+02, 0.90000E+01, 0.10499E+04, 0.18782E+00, 0.28471E-01
 0.45000E+02, 0.90000E+01, 0.10319E+04, 0.19933E+00, 0.26462E-01
 0.46000E+02, 0.90000E+01, 0.10020E+04, 0.23751E+00, 0.21699E-01
 0.47000E+02, 0.90000E+01, 0.96127E+03, 0.21801E+00, 0.22886E-01
 0.48000E+02, 0.90000E+01, 0.89621E+03, 0.17870E+00, 0.26449E-01
 0.49000E+02, 0.90000E+01, 0.84208E+03, 0.16486E+00, 0.27342E-01
 0.50000E+02, 0.90000E+01, 0.80408E+03, 0.17283E+00, 0.25192E-01
 0.51000E+02, 0.90000E+01, 0.72122E+03, 0.16176E+00, 0.24845E-01
 0.52000E+02, 0.90000E+01, 0.71127E+03, 0.20299E+00, 0.19602E-01
 0.53000E+02, 0.90000E+01, 0.80589E+03, 0.23893E+00, 0.18253E-01
 0.54000E+02, 0.90000E+01, 0.78531E+03, 0.30392E+00, 0.14076E-01
 0.55000E+02, 0.90000E+01, 0.83912E+03, 0.29307E+00, 0.15339E-01
 0.56000E+02, 0.90000E+01, 0.79825E+03, 0.35310E+00, 0.12264E-01
 0.57000E+02, 0.90000E+01, 0.70541E+03, 0.39565E+00, 0.99965E-02
 0.58000E+02, 0.90000E+01, 0.66561E+03, 0.44096E+00, 0.86046E-02
 0.59000E+02, 0.90000E+01, 0.56226E+03, 0.52887E+00, 0.63846E-02
 0.60000E+02, 0.90000E+01, 0.54201E+03, 0.46792E+00, 0.70413E-02
 0.61000E+02, 0.90000E+01, 0.53730E+03, 0.41195E+00, 0.79517E-02
 0.62000E+02, 0.90000E+01, 0.53864E+03, 0.39160E+00, 0.83788E-02
 0.63000E+02, 0.90000E+01, 0.54001E+03, 0.37954E+00, 0.86594E-02
 0.64000E+02, 0.90000E+01, 0.51708E+03, 0.32618E+00, 0.97921E-02
 0.65000E+02, 0.90000E+01, 0.50225E+03, 0.28606E+00, 0.10956E-01
 0.00000E+00, 0.10000E+02, 0.53983E+02, 0.51832E+00, 0.25509E-02
 0.10000E+01, 0.10000E+02, 0.60371E+02, 0.52303E+00, 0.25774E-02
 0.20000E+01, 0.10000E+02, 0.58340E+02, 0.57039E+00, 0.23490E-02
 0.30000E+01, 0.10000E+02, 0.57765E+02, 0.58509E+00, 0.22860E-02
 0.40000E+01, 0.10000E+02, 0.62392E+02, 0.53924E+00, 0.25150E-02
 0.50000E+01, 0.10000E+02, 0.62911E+02, 0.53699E+00, 0.25295E-02
 0.60000E+01, 0.10000E+02, 0.55578E+02, 0.64571E+00, 0.20577E-02
 0.70000E+01, 0.10000E+02, 0.46412E+02, 0.85929E+00, 0.15031E-02
 0.80000E+01, 0.10000E+02, 0.22000E+02, 0.30000E+02, 0.00000E+00
 0.90000E+01, 0.10000E+02, 0.27799E+03, 0.20362E+00, 0.10940E-01
 0.10000E+02, 0.10000E+02, 0.27443E+03, 0.20588E+00, 0.10750E-01
 0.11000E+02, 0.10000E+02, 0.27055E+03, 0.20682E+00, 0.10625E-01
 0.12000E+02, 0.10000E+02, 0.26367E+03, 0.21055E+00, 0.10305E-01
 0.13000E+02, 0.10000E+02, 0.25694E+03, 0.22574E+00, 0.94911E-02
 0.14000E+02, 0.10000E+02, 0.25517E+03, 0.22984E+00, 0.92908E-02
 0.15000E+02, 0.10000E+02, 0.26427E+03, 0.22726E+00, 0.95579E-02
 0.16000E+02, 0.10000E+02, 0.27750E+03, 0.22035E+00, 0.10100E-01
 0.17000E+02, 0.10000E+02, 0.27235E+03, 0.22821E+00, 0.96614E-02
 0.18000E+02, 0.10000E+02, 0.28312E+03, 0.22037E+00, 0.10203E-01
 0.19000E+02, 0.10000E+02, 0.28014E+03, 0.22785E+00, 0.98148E-02
 0.20000E+02, 0.10000E+02, 0.30366E+03, 0.20944E+00, 0.11132E-01
 0.21000E+02, 0.10000E+02, 0.34697E+03, 0.16975E+00, 0.14766E-01
 0.22000E+02, 0.10000E+02, 0.44931E+03, 0.12187E+00, 0.23961E-01
 0.23000E+02, 0.10000E+02, 0.46001E+03, 0.12836E+00, 0.23086E-01
 0.24000E+02, 0.10000E+02, 0.48137E+03, 0.13502E+00, 0.22587E-01
 0.25000E+02, 0.10000E+02, 0.48355E+03, 0.14558E+00, 0.21008E-01
 0.26000E+02, 0.10000E+02, 0.46204E+03, 0.16586E+00, 0.17916E-01
 0.27000E+02, 0.10000E+02, 0.47361E+03, 0.16771E+00, 0.17997E-01
 0.28000E+02, 0.10000E+02, 0.48041E+03, 0.17169E+00, 0.17740E-01
 0.29000E+02, 0.10000E+02, 0.42534E+03, 0.20448E+00, 0.13806E-01
 0.30000E+02, 0.10000E+02, 0.41224E+03, 0.19040E+00, 0.14550E-01
 0.31000E+02, 0.10000E+02, 0.36665E+03, 0.20078E+00, 0.12880E-01
 0.32000E+02, 0.10000E+02, 0.48292E+03, 0.14753E+00, 0.20714E-01
 0.33000E+02, 0.10000E+02, 0.61510E+03, 0.14054E+00, 0.25546E-01
 0.34000E+02, 0.10000E+02, 0.58361E+03, 0.17645E+00, 0.19625E-01
 0.35000E+02, 0.10000E+02, 0.53089E+03, 0.19030E+00, 0.17077E-01
 0.36000E+02, 0.10000E+02, 0.51154E+03, 0.21911E+00, 0.14475E-01
 0.37000E+02, 0.10000E+02, 0.51744E+03, 0.26570E+00, 0.12027E-01
 0.38000E+02, 0.10000E+02, 0.56829E+03, 0.28754E+00, 0.11828E-01
 0.39000E+02, 0.10000E+02, 0.63151E+03, 0.26269E+00, 0.13920E-01
 0.40000E+02, 0.10000E+02, 0.76478E+03, 0.23582E+00, 0.17789E-01
 0.41000E+02, 0.10000E+02, 0.96021E+03, 0.18152E+00, 0.27462E-01
 0.42000E+02, 0.10000E+02, 0.10318E+04, 0.18753E+00, 0.28126E-01
 0.43000E+02, 0.10000E+02, 0.10820E+04, 0.18054E+00, 0.30339E-01
 0.44000E+02, 0.10000E+02, 0.11121E+04, 0.18717E+00, 0.29913E-01
 0.45000E+02, 0.10000E+02, 0.10749E+04, 0.25100E+00, 0.21707E-01
 0.46000E+02, 0.10000E+02, 0.10311E+04, 0.29501E+00, 0.17869E-01
 0.47000E+02, 0.10000E+02, 0.98929E+03, 0.23854E+00, 0.21391E-01
 0.48000E+02, 0.10000E+02, 0.93792E+03, 0.20070E+00, 0.24389E-01
 0.49000E+02, 0.10000E+02, 0.89836E+03, 0.20021E+00, 0.23651E-01
 0.50000E+02, 0.10000E+02, 0.76445E+03, 0.19571E+00, 0.21429E-01
 0.51000E+02, 0.10000E+02, 0.70396E+03, 0.19678E+00, 0.20070E-01
 0.52000E+02, 0.10000E+02, 0.71550E+03, 0.21826E+00, 0.18308E-01
 0.53000E+02, 0.10000E+02, 0.80483E+03, 0.24029E+00, 0.18133E-01
 0.54000E+02, 0.10000E+02, 0.85578E+03, 0.29805E+00, 0.15309E-01
 0.55000E+02, 0.10000E+02, 0.87898E+03, 0.30634E+00, 0.15201E-01
 0.56000E+02, 0.10000E+02, 0.82003E+03, 0.33023E+00, 0.13380E-01
 0.57000E+02, 0.10000E+02, 0.75744E+03, 0.33180E+00, 0.12554E-01
 0.58000E+02, 0.10000E+02, 0.69614E+03, 0.35555E+00, 0.11019E-01
 0.59000E+02, 0.10000E+02, 0.63299E+03, 0.39162E+00, 0.93522E-02
 0.60000E+02, 0.10000E+02, 0.61599E+03, 0.34847E+00, 0.10313E-01
 0.61000E+02, 0.10000E+02, 0.59918E+03, 0.34595E+00, 0.10192E-01
 0.62000E+02, 0.10000E+02, 0.57794E+03, 0.36925E+00, 0.93160E-02
 0.63000E+02, 0.10000E+02, 0.56077E+03, 0.35933E+00, 0.93802E-02
 0.64000E+02, 0.10000E+02, 0.53417E+03, 0.32740E+00, 0.99664E-02
 0.65000E+02, 0.10000E+02, 0.52322E+03, 0.29402E+00, 0.10948E-01
 0.00000E+00, 0.11000E+02, 0.52434E+02, 0.48982E+00, 0.26866E-02
 0.10000E+01, 0.11000E+02, 0.60399E+02, 0.53667E+00, 0.25121E-02
 0.20000E+01, 0.11000E+02, 0.58050E+02, 0.57104E+00, 0.23442E-02
 0.30000E+01, 0.11000E+02, 0.57973E+02, 0.58494E+00, 0.22880E-02
 0.40000E+01, 0.11000E+02, 0.60577E+02, 0.58220E+00, 0.23169E-02
 0.50000E+01, 0.11000E+02, 0.59482E+02, 0.60565E+00, 0.22198E-02
 0.60000E+01, 0.11000E+02, 0.55657E+02, 0.66994E+00, 0.19837E-02
 0.70000E+01, 0.11000E+02, 0.55280E+02, 0.67583E+00, 0.19642E-02
 0.80000E+01, 0.11000E+02, 0.22000E+02, 0.30000E+02, 0.00000E+00
 0.90000E+01, 0.11000E+02, 0.27392E+03, 0.20221E+00, 0.10935E-01
 0.10000E+02, 0.11000E+02, 0.27271E+03, 0.20269E+00, 0.10885E-01
 0.11000E+02, 0.11000E+02, 0.26998E+03, 0.21078E+00, 0.10415E-01
 0.12000E+02, 0.11000E+02, 0.26514E+03, 0.21539E+00, 0.10101E-01
 0.13000E+02, 0.11000E+02, 0.26424E+03, 0.22530E+00, 0.96406E-02
 0.14000E+02, 0.11000E+02, 0.25816E+03, 0.23210E+00, 0.92523E-02
 0.15000E+02, 0.11000E+02, 0.25204E+03, 0.23243E+00, 0.91329E-02
 0.16000E+02, 0.11000E+02, 0.28617E+03, 0.21242E+00, 0.10642E-01
 0.17000E+02, 0.11000E+02, 0.32577E+03, 0.18724E+00, 0.12928E-01
 0.18000E+02, 0.11000E+02, 0.32714E+03, 0.19771E+00, 0.12272E-01
 0.19000E+02, 0.11000E+02, 0.30646E+03, 0.21811E+00, 0.10741E-01
 0.20000E+02, 0.11000E+02, 0.31346E+03, 0.20270E+00, 0.11697E-01
 0.21000E+02, 0.11000E+02, 0.41550E+03, 0.13021E+00, 0.21377E-01
 0.22000E+02, 0.11000E+02, 0.46105E+03, 0.11730E+00, 0.25299E-01
 0.23000E+02, 0.11000E+02, 0.47412E+03, 0.12223E+00, 0.24711E-01
 0.24000E+02, 0.11000E+02, 0.46784E+03, 0.14586E+00, 0.20533E-01
 0.25000E+02, 0.11000E+02, 0.46562E+03, 0.16590E+00, 0.17998E-01
 0.26000E+02, 0.11000E+02, 0.43594E+03, 0.19472E+00, 0.14719E-01
 0.27000E+02, 0.11000E+02, 0.42596E+03, 0.19801E+00, 0.14271E-01
 0.28000E+02, 0.11000E+02, 0.46317E+03, 0.17433E+00, 0.17072E-01
 0.29000E+02, 0.11000E+02, 0.43794E+03, 0.18675E+00, 0.15390E-01
 0.30000E+02, 0.11000E+02, 0.41476E+03, 0.19243E+00, 0.14449E-01
 0.31000E+02, 0.11000E+02, 0.50388E+03, 0.15696E+00, 0.20009E-01
 0.32000E+02, 0.11000E+02, 0.49125E+03, 0.16140E+00, 0.19142E-01
 0.33000E+02, 0.11000E+02, 0.54848E+03, 0.19456E+00, 0.17068E-01
 0.34000E+02, 0.11000E+02, 0.55210E+03, 0.23180E+00, 0.14389E-01
 0.35000E+02, 0.11000E+02, 0.52028E+03, 0.22579E+00, 0.14203E-01
 0.36000E+02, 0.11000E+02, 0.58263E+03, 0.22095E+00, 0.15655E-01
 0.37000E+02, 0.11000E+02, 0.66328E+03, 0.21790E+00, 0.17369E-01
 0.38000E+02, 0.11000E+02, 0.67924E+03, 0.24325E+00, 0.15825E-01
 0.39000E+02, 0.11000E+02, 0.67003E+03, 0.31659E+00, 0.12042E-01
 0.40000E+02, 0.11000E+02, 0.77952E+03, 0.29465E+00, 0.14440E-01
 0.41000E+02, 0.11000E+02, 0.91659E+03, 0.21983E+00, 0.21875E-01
 0.42000E+02, 0.11000E+02, 0.99030E+03, 0.23031E+00, 0.22173E-01
 0.43000E+02, 0.11000E+02, 0.10918E+04, 0.22972E+00, 0.24016E-01
 0.44000E+02, 0.11000E+02, 0.11704E+04, 0.19362E+00, 0.30134E-01
 0.45000E+02, 0.11000E+02, 0.11418E+04, 0.18863E+00, 0.30319E-01
 0.46000E+02, 0.11000E+02, 0.10752E+04, 0.21724E+00, 0.25087E-01
 0.47000E+02, 0.11000E+02, 0.10148E+04, 0.24374E+00, 0.21357E-01
 0.48000E+02, 0.11000E+02, 0.97945E+03, 0.21483E+00, 0.23567E-01
 0.49000E+02, 0.11000E+02, 0.92633E+03, 0.20390E+00, 0.23776E-01
 0.50000E+02, 0.11000E+02, 0.85266E+03, 0.19682E+00, 0.23119E-01
 0.51000E+02, 0.11000E+02, 0.78302E+03, 0.19857E+00, 0.21498E-01
 0.52000E+02, 0.11000E+02, 0.72998E+03, 0.20356E+00, 0.19918E-01
 0.53000E+02, 0.11000E+02, 0.76930E+03, 0.24293E+00, 0.17344E-01
 0.54000E+02, 0.11000E+02, 0.82799E+03, 0.25299E+00, 0.17592E-01
 0.55000E+02, 0.11000E+02, 0.84265E+03, 0.31473E+00, 0.14329E-01
 0.56000E+02, 0.11000E+02, 0.83329E+03, 0.34345E+00, 0.13021E-01
 0.57000E+02, 0.11000E+02, 0.73244E+03, 0.32957E+00, 0.12333E-01
 0.58000E+02, 0.11000E+02, 0.70005E+03, 0.30623E+00, 0.12845E-01
 0.59000E+02, 0.11000E+02, 0.67901E+03, 0.26524E+00, 0.14509E-01
 0.60000E+02, 0.11000E+02, 0.62421E+03, 0.30615E+00, 0.11847E-01
 0.61000E+02, 0.11000E+02, 0.60011E+03, 0.39784E+00, 0.88719E-02
 0.62000E+02, 0.11000E+02, 0.59827E+03, 0.41772E+00, 0.84318E-02
 0.63000E+02, 0.11000E+02, 0.58712E+03, 0.37678E+00, 0.92284E-02
 0.64000E+02, 0.11000E+02, 0.55452E+03, 0.34426E+00, 0.97175E-02
 0.65000E+02, 0.11000E+02, 0.53981E+03, 0.29011E+00, 0.11326E-01
 0.00000E+00, 0.12000E+02, 0.58745E+02, 0.48633E+00, 0.27583E-02
 0.10000E+01, 0.12000E+02, 0.59343E+02, 0.55114E+00, 0.24384E-02
 0.20000E+01, 0.12000E+02, 0.57395E+02, 0.57456E+00, 0.23253E-02
 0.30000E+01, 0.12000E+02, 0.59027E+02, 0.58338E+00, 0.23014E-02
 0.40000E+01, 0.12000E+02, 0.61576E+02, 0.56598E+00, 0.23904E-02
 0.50000E+01, 0.12000E+02, 0.65921E+02, 0.54391E+00, 0.25197E-02
 0.60000E+01, 0.12000E+02, 0.71844E+02, 0.50438E+00, 0.27646E-02
 0.70000E+01, 0.12000E+02, 0.69074E+02, 0.54982E+00, 0.25157E-02
 0.80000E+01, 0.12000E+02, 0.22000E+02, 0.30000E+02, 0.00000E+00
 0.90000E+01, 0.12000E+02, 0.27174E+03, 0.19368E+00, 0.11371E-01
 0.10000E+02, 0.12000E+02, 0.27134E+03, 0.19890E+00, 0.11065E-01
 0.11000E+02, 0.12000E+02, 0.27177E+03, 0.21136E+00, 0.10421E-01
 0.12000E+02, 0.12000E+02, 0.27400E+03, 0.22223E+00, 0.99512E-02
 0.13000E+02, 0.12000E+02, 0.26976E+03, 0.22031E+00, 0.99601E-02
 0.14000E+02, 0.12000E+02, 0.26121E+03, 0.22333E+00, 0.96708E-02
 0.15000E+02, 0.12000E+02, 0.26934E+03, 0.23782E+00, 0.92200E-02
 0.16000E+02, 0.12000E+02, 0.31789E+03, 0.19142E+00, 0.12480E-01
 0.17000E+02, 0.12000E+02, 0.36096E+03, 0.16908E+00, 0.15158E-01
 0.18000E+02, 0.12000E+02, 0.36051E+03, 0.17881E+00, 0.14323E-01
 0.19000E+02, 0.12000E+02, 0.35936E+03, 0.19763E+00, 0.12936E-01
 0.20000E+02, 0.12000E+02, 0.32762E+03, 0.21112E+00, 0.11502E-01
 0.21000E+02, 0.12000E+02, 0.39037E+03, 0.16956E+00, 0.15816E-01
 0.22000E+02, 0.12000E+02, 0.40249E+03, 0.16741E+00, 0.16313E-01
 0.23000E+02, 0.12000E+02, 0.39337E+03, 0.17174E+00, 0.15686E-01
 0.24000E+02, 0.12000E+02, 0.41072E+03, 0.17060E+00, 0.16202E-01
 0.25000E+02, 0.12000E+02, 0.40488E+03, 0.18799E+00, 0.14577E-01
 0.26000E+02, 0.12000E+02, 0.38311E+03, 0.21877E+00, 0.12124E-01
 0.27000E+02, 0.12000E+02, 0.36478E+03, 0.24200E+00, 0.10655E-01
 0.28000E+02, 0.12000E+02, 0.34845E+03, 0.24824E+00, 0.10121E-01
 0.29000E+02, 0.12000E+02, 0.38085E+03, 0.20308E+00, 0.13016E-01
 0.30000E+02, 0.12000E+02, 0.47095E+03, 0.17987E+00, 0.16720E-01
 0.31000E+02, 0.12000E+02, 0.48398E+03, 0.18840E+00, 0.16243E-01
 0.32000E+02, 0.12000E+02, 0.54626E+03, 0.20966E+00, 0.15797E-01
 0.33000E+02, 0.12000E+02, 0.54773E+03, 0.22427E+00, 0.14794E-01
 0.34000E+02, 0.12000E+02, 0.55387E+03, 0.24743E+00, 0.13509E-01
 0.35000E+02, 0.12000E+02, 0.53098E+03, 0.29224E+00, 0.11121E-01
 0.36000E+02, 0.12000E+02, 0.57064E+03, 0.24345E+00, 0.14009E-01
 0.37000E+02, 0.12000E+02, 0.76243E+03, 0.16361E+00, 0.25584E-01
 0.38000E+02, 0.12000E+02, 0.84547E+03, 0.18530E+00, 0.24399E-01
 0.39000E+02, 0.12000E+02, 0.78461E+03, 0.24708E+00, 0.17303E-01
 0.40000E+02, 0.12000E+02, 0.92393E+03, 0.18842E+00, 0.25679E-01
 0.41000E+02, 0.12000E+02, 0.96403E+03, 0.19520E+00, 0.25618E-01
 0.42000E+02, 0.12000E+02, 0.10125E+04, 0.24117E+00, 0.21546E-01
 0.43000E+02, 0.12000E+02, 0.10709E+04, 0.30364E+00, 0.17891E-01
 0.44000E+02, 0.12000E+02, 0.12037E+04, 0.22952E+00, 0.26007E-01
 0.45000E+02, 0.12000E+02, 0.11021E+04, 0.23860E+00, 0.23296E-01
 0.46000E+02, 0.12000E+02, 0.10466E+04, 0.28840E+00, 0.18496E-01
 0.47000E+02, 0.12000E+02, 0.10218E+04, 0.29132E+00, 0.17967E-01
 0.48000E+02, 0.12000E+02, 0.99407E+03, 0.21777E+00, 0.23520E-01
 0.49000E+02, 0.12000E+02, 0.94530E+03, 0.20618E+00, 0.23886E-01
 0.50000E+02, 0.12000E+02, 0.90514E+03, 0.20488E+00, 0.23245E-01
 0.51000E+02, 0.12000E+02, 0.85645E+03, 0.20391E+00, 0.22390E-01
 0.52000E+02, 0.12000E+02, 0.78641E+03, 0.18668E+00, 0.22940E-01
 0.53000E+02, 0.12000E+02, 0.72957E+03, 0.21895E+00, 0.18510E-01
 0.54000E+02, 0.12000E+02, 0.76557E+03, 0.23171E+00, 0.18119E-01
 0.55000E+02, 0.12000E+02, 0.81772E+03, 0.25428E+00, 0.17340E-01
 0.56000E+02, 0.12000E+02, 0.85135E+03, 0.27643E+00, 0.16442E-01
 0.57000E+02, 0.12000E+02, 0.79005E+03, 0.33439E+00, 0.12851E-01
 0.58000E+02, 0.12000E+02, 0.75724E+03, 0.24703E+00, 0.16859E-01
 0.59000E+02, 0.12000E+02, 0.72030E+03, 0.24482E+00, 0.16401E-01
 0.60000E+02, 0.12000E+02, 0.62347E+03, 0.29517E+00, 0.12278E-01
 0.61000E+02, 0.12000E+02, 0.60774E+03, 0.44728E+00, 0.79601E-02
 0.62000E+02, 0.12000E+02, 0.59608E+03, 0.41046E+00, 0.85594E-02
 0.63000E+02, 0.12000E+02, 0.58267E+03, 0.32462E+00, 0.10656E-01
 0.64000E+02, 0.12000E+02, 0.56554E+03, 0.32366E+00, 0.10473E-01
 0.65000E+02, 0.12000E+02, 0.55173E+03, 0.29232E+00, 0.11405E-01
 0.00000E+00, 0.13000E+02, 0.64362E+02, 0.45917E+00, 0.29709E-02
 0.10000E+01, 0.13000E+02, 0.65303E+02, 0.46776E+00, 0.29245E-02
 0.20000E+01, 0.13000E+02, 0.65237E+02, 0.49238E+00, 0.27777E-02
 0.30000E+01, 0.13000E+02, 0.68473E+02, 0.48891E+00, 0.28242E-02
 0.40000E+01, 0.13000E+02, 0.67614E+02, 0.51098E+00, 0.26954E-02
 0.50000E+01, 0.13000E+02, 0.84152E+02, 0.43461E+00, 0.33229E-02
 0.60000E+01, 0.13000E+02, 0.97392E+02, 0.36947E+00, 0.40536E-02
 0.70000E+01, 0.13000E+02, 0.11065E+03, 0.32524E+00, 0.47695E-02
 0.80000E+01, 0.13000E+02, 0.22000E+02, 0.30000E+02, 0.00000E+00
 0.90000E+01, 0.13000E+02, 0.26919E+03, 0.18487E+00, 0.11858E-01
 0.10000E+02, 0.13000E+02, 0.26910E+03, 0.18990E+00, 0.11542E-01
 0.11000E+02, 0.13000E+02, 0.25911E+03, 0.18446E+00, 0.11663E-01
 0.12000E+02, 0.13000E+02, 0.25772E+03, 0.19437E+00, 0.11039E-01
 0.13000E+02, 0.13000E+02, 0.27585E+03, 0.20739E+00, 0.10700E-01
 0.14000E+02, 0.13000E+02, 0.28153E+03, 0.21293E+00, 0.10529E-01
 0.15000E+02, 0.13000E+02, 0.30970E+03, 0.18769E+00, 0.12551E-01
 0.16000E+02, 0.13000E+02, 0.33222E+03, 0.17448E+00, 0.14023E-01
 0.17000E+02, 0.13000E+02, 0.34201E+03, 0.17361E+00, 0.14322E-01
 0.18000E+02, 0.13000E+02, 0.31477E+03, 0.20096E+00, 0.11825E-01
 0.19000E+02, 0.13000E+02, 0.30966E+03, 0.20554E+00, 0.11461E-01
 0.20000E+02, 0.13000E+02, 0.35032E+03, 0.19763E+00, 0.12751E-01
 0.21000E+02, 0.13000E+02, 0.36280E+03, 0.19685E+00, 0.13057E-01
 0.22000E+02, 0.13000E+02, 0.35596E+03, 0.20715E+00, 0.12275E-01
 0.23000E+02, 0.13000E+02, 0.31273E+03, 0.22632E+00, 0.10463E-01
 0.24000E+02, 0.13000E+02, 0.31097E+03, 0.22814E+00, 0.10349E-01
 0.25000E+02, 0.13000E+02, 0.34056E+03, 0.21639E+00, 0.11463E-01
 0.26000E+02, 0.13000E+02, 0.39043E+03, 0.20318E+00, 0.13200E-01
 0.27000E+02, 0.13000E+02, 0.38872E+03, 0.21290E+00, 0.12565E-01
 0.28000E+02, 0.13000E+02, 0.40466E+03, 0.21221E+00, 0.12910E-01
 0.29000E+02, 0.13000E+02, 0.38979E+03, 0.24083E+00, 0.11126E-01
 0.30000E+02, 0.13000E+02, 0.40528E+03, 0.24824E+00, 0.11046E-01
 0.31000E+02, 0.13000E+02, 0.49991E+03, 0.24416E+00, 0.12797E-01
 0.32000E+02, 0.13000E+02, 0.51603E+03, 0.25998E+00, 0.12269E-01
 0.33000E+02, 0.13000E+02, 0.51254E+03, 0.25553E+00, 0.12427E-01
 0.34000E+02, 0.13000E+02, 0.47854E+03, 0.28889E+00, 0.10517E-01
 0.35000E+02, 0.13000E+02, 0.43450E+03, 0.35553E+00, 0.80448E-02
 0.36000E+02, 0.13000E+02, 0.47872E+03, 0.36148E+00, 0.84069E-02
 0.37000E+02, 0.13000E+02, 0.65741E+03, 0.22755E+00, 0.16529E-01
 0.38000E+02, 0.13000E+02, 0.82142E+03, 0.18482E+00, 0.23937E-01
 0.39000E+02, 0.13000E+02, 0.89422E+03, 0.20036E+00, 0.23549E-01
 0.40000E+02, 0.13000E+02, 0.95201E+03, 0.20286E+00, 0.24411E-01
 0.41000E+02, 0.13000E+02, 0.10135E+04, 0.23002E+00, 0.22608E-01
 0.42000E+02, 0.13000E+02, 0.11081E+04, 0.19044E+00, 0.29315E-01
 0.43000E+02, 0.13000E+02, 0.11646E+04, 0.20502E+00, 0.28344E-01
 0.44000E+02, 0.13000E+02, 0.11291E+04, 0.21204E+00, 0.26729E-01
 0.45000E+02, 0.13000E+02, 0.10416E+04, 0.21126E+00, 0.25154E-01
 0.46000E+02, 0.13000E+02, 0.10146E+04, 0.26305E+00, 0.19786E-01
 0.47000E+02, 0.13000E+02, 0.10054E+04, 0.24961E+00, 0.20703E-01
 0.48000E+02, 0.13000E+02, 0.98500E+03, 0.22853E+00, 0.22252E-01
 0.49000E+02, 0.13000E+02, 0.94314E+03, 0.21492E+00, 0.22874E-01
 0.50000E+02, 0.13000E+02, 0.90210E+03, 0.20995E+00, 0.22625E-01
 0.51000E+02, 0.13000E+02, 0.84596E+03, 0.19277E+00, 0.23464E-01
 0.52000E+02, 0.13000E+02, 0.77844E+03, 0.17343E+00, 0.24508E-01
 0.53000E+02, 0.13000E+02, 0.71815E+03, 0.16266E+00, 0.24632E-01
 0.54000E+02, 0.13000E+02, 0.68738E+03, 0.19448E+00, 0.19963E-01
 0.55000E+02, 0.13000E+02, 0.72272E+03, 0.22419E+00, 0.17954E-01
 0.56000E+02, 0.13000E+02, 0.76652E+03, 0.22144E+00, 0.18976E-01
 0.57000E+02, 0.13000E+02, 0.72414E+03, 0.22449E+00, 0.17956E-01
 0.58000E+02, 0.13000E+02, 0.71834E+03, 0.22708E+00, 0.17647E-01
 0.59000E+02, 0.13000E+02, 0.67459E+03, 0.29175E+00, 0.13130E-01
 0.60000E+02, 0.13000E+02, 0.65348E+03, 0.32518E+00, 0.11518E-01
 0.61000E+02, 0.13000E+02, 0.61815E+03, 0.34869E+00, 0.10332E-01
 0.62000E+02, 0.13000E+02, 0.54855E+03, 0.27574E+00, 0.12044E-01
 0.63000E+02, 0.13000E+02, 0.55268E+03, 0.25818E+00, 0.12928E-01
 0.64000E+02, 0.13000E+02, 0.56391E+03, 0.26772E+00, 0.12637E-01
 0.65000E+02, 0.13000E+02, 0.55452E+03, 0.27533E+00, 0.12150E-01
 0.00000E+00, 0.14000E+02, 0.69408E+02, 0.40895E+00, 0.33857E-02
 0.10000E+01, 0.14000E+02, 0.67540E+02, 0.44534E+00, 0.30921E-02
 0.20000E+01, 0.14000E+02, 0.79269E+02, 0.39512E+00, 0.36050E-02
 0.30000E+01, 0.14000E+02, 0.82767E+02, 0.39980E+00, 0.35982E-02
 0.40000E+01, 0.14000E+02, 0.74140E+02, 0.49596E+00, 0.28303E-02
 0.50000E+01, 0.14000E+02, 0.76688E+02, 0.49653E+00, 0.28477E-02
 0.60000E+01, 0.14000E+02, 0.10797E+03, 0.34053E+00, 0.45237E-02
 0.70000E+01, 0.14000E+02, 0.19509E+03, 0.20092E+00, 0.94193E-02
 0.80000E+01, 0.14000E+02, 0.22000E+02, 0.30000E+02, 0.00000E+00
 0.90000E+01, 0.14000E+02, 0.26817E+03, 0.18375E+00, 0.11907E-01
 0.10000E+02, 0.14000E+02, 0.27188E+03, 0.18933E+00, 0.11635E-01
 0.11000E+02, 0.14000E+02, 0.26600E+03, 0.18644E+00, 0.11688E-01
 0.12000E+02, 0.14000E+02, 0.28847E+03, 0.19230E+00, 0.11804E-01
 0.13000E+02, 0.14000E+02, 0.29203E+03, 0.18428E+00, 0.12396E-01
 0.14000E+02, 0.14000E+02, 0.28915E+03, 0.18919E+00, 0.12013E-01
 0.15000E+02, 0.14000E+02, 0.32463E+03, 0.17042E+00, 0.14177E-01
 0.16000E+02, 0.14000E+02, 0.34121E+03, 0.16569E+00, 0.14986E-01
 0.17000E+02, 0.14000E+02, 0.33329E+03, 0.17724E+00, 0.13829E-01
 0.18000E+02, 0.14000E+02, 0.33575E+03, 0.18533E+00, 0.13279E-01
 0.19000E+02, 0.14000E+02, 0.33228E+03, 0.18730E+00, 0.13065E-01
 0.20000E+02, 0.14000E+02, 0.34499E+03, 0.18365E+00, 0.13605E-01
 0.21000E+02, 0.14000E+02, 0.35954E+03, 0.18413E+00, 0.13888E-01
 0.22000E+02, 0.14000E+02, 0.32647E+03, 0.20141E+00, 0.12033E-01
 0.23000E+02, 0.14000E+02, 0.32312E+03, 0.21542E+00, 0.11187E-01
 0.24000E+02, 0.14000E+02, 0.39275E+03, 0.17337E+00, 0.15524E-01
 0.25000E+02, 0.14000E+02, 0.40281E+03, 0.18212E+00, 0.15001E-01
 0.26000E+02, 0.14000E+02, 0.43385E+03, 0.18415E+00, 0.15517E-01
 0.27000E+02, 0.14000E+02, 0.43292E+03, 0.19738E+00, 0.14458E-01
 0.28000E+02, 0.14000E+02, 0.41054E+03, 0.22117E+00, 0.12494E-01
 0.29000E+02, 0.14000E+02, 0.39450E+03, 0.23918E+00, 0.11282E-01
 0.30000E+02, 0.14000E+02, 0.39392E+03, 0.25601E+00, 0.10532E-01
 0.31000E+02, 0.14000E+02, 0.45136E+03, 0.26996E+00, 0.10848E-01
 0.32000E+02, 0.14000E+02, 0.41767E+03, 0.30523E+00, 0.91478E-02
 0.33000E+02, 0.14000E+02, 0.42621E+03, 0.33106E+00, 0.85383E-02
 0.34000E+02, 0.14000E+02, 0.38885E+03, 0.35599E+00, 0.75161E-02
 0.35000E+02, 0.14000E+02, 0.68339E+03, 0.16559E+00, 0.23348E-01
 0.36000E+02, 0.14000E+02, 0.75783E+03, 0.13970E+00, 0.29828E-01
 0.37000E+02, 0.14000E+02, 0.81231E+03, 0.15840E+00, 0.27697E-01
 0.38000E+02, 0.14000E+02, 0.72833E+03, 0.24837E+00, 0.16297E-01
 0.39000E+02, 0.14000E+02, 0.69600E+03, 0.32605E+00, 0.12014E-01
 0.40000E+02, 0.14000E+02, 0.93388E+03, 0.23766E+00, 0.20527E-01
 0.41000E+02, 0.14000E+02, 0.11060E+04, 0.22896E+00, 0.24347E-01
 0.42000E+02, 0.14000E+02, 0.11583E+04, 0.25202E+00, 0.22957E-01
 0.43000E+02, 0.14000E+02, 0.11279E+04, 0.20003E+00, 0.28310E-01
 0.44000E+02, 0.14000E+02, 0.10590E+04, 0.23647E+00, 0.22769E-01
 0.45000E+02, 0.14000E+02, 0.99470E+03, 0.21390E+00, 0.23957E-01
 0.46000E+02, 0.14000E+02, 0.97951E+03, 0.23222E+00, 0.21802E-01
 0.47000E+02, 0.14000E+02, 0.98420E+03, 0.23596E+00, 0.21538E-01
 0.48000E+02, 0.14000E+02, 0.96854E+03, 0.23731E+00, 0.21148E-01
 0.49000E+02, 0.14000E+02, 0.93110E+03, 0.22307E+00, 0.21820E-01
 0.50000E+02, 0.14000E+02, 0.88421E+03, 0.19811E+00, 0.23612E-01
 0.51000E+02, 0.14000E+02, 0.83965E+03, 0.18849E+00, 0.23862E-01
 0.52000E+02, 0.14000E+02, 0.80097E+03, 0.17782E+00, 0.24415E-01
 0.53000E+02, 0.14000E+02, 0.75783E+03, 0.17243E+00, 0.24166E-01
 0.54000E+02, 0.14000E+02, 0.68440E+03, 0.18630E+00, 0.20774E-01
 0.55000E+02, 0.14000E+02, 0.71525E+03, 0.19094E+00, 0.20923E-01
 0.56000E+02, 0.14000E+02, 0.69433E+03, 0.21324E+00, 0.18338E-01
 0.57000E+02, 0.14000E+02, 0.69363E+03, 0.23247E+00, 0.16809E-01
 0.58000E+02, 0.14000E+02, 0.68342E+03, 0.23106E+00, 0.16733E-01
 0.59000E+02, 0.14000E+02, 0.69417E+03, 0.26619E+00, 0.14688E-01
 0.60000E+02, 0.14000E+02, 0.66130E+03, 0.27591E+00, 0.13689E-01
 0.61000E+02, 0.14000E+02, 0.60627E+03, 0.31475E+00, 0.11293E-01
 0.62000E+02, 0.14000E+02, 0.58154E+03, 0.30799E+00, 0.11216E-01
 0.63000E+02, 0.14000E+02, 0.58000E+03, 0.30519E+00, 0.11299E-01
 0.64000E+02, 0.14000E+02, 0.56459E+03, 0.28074E+00, 0.12061E-01
 0.65000E+02, 0.14000E+02, 0.55243E+03, 0.27054E+00, 0.12334E-01
 0.00000E+00, 0.15000E+02, 0.69313E+02, 0.39493E+00, 0.35049E-02
 0.10000E+01, 0.15000E+02, 0.67428E+02, 0.44135E+00, 0.31190E-02
 0.20000E+01, 0.15000E+02, 0.75565E+02, 0.39773E+00, 0.35437E-02
 0.30000E+01, 0.15000E+02, 0.99618E+02, 0.31775E+00, 0.47416E-02
 0.40000E+01, 0.15000E+02, 0.11359E+03, 0.30118E+00, 0.51901E-02
 0.50000E+01, 0.15000E+02, 0.13115E+03, 0.26699E+00, 0.61205E-02
 0.60000E+01, 0.15000E+02, 0.15614E+03, 0.23177E+00, 0.74865E-02
 0.70000E+01, 0.15000E+02, 0.17452E+03, 0.21274E+00, 0.85052E-02
 0.80000E+01, 0.15000E+02, 0.22000E+02, 0.30000E+02, 0.00000E+00
 0.90000E+01, 0.15000E+02, 0.27283E+03, 0.18368E+00, 0.12014E-01
 0.10000E+02, 0.15000E+02, 0.27550E+03, 0.19741E+00, 0.11233E-01
 0.11000E+02, 0.15000E+02, 0.28194E+03, 0.19678E+00, 0.11402E-01
 0.12000E+02, 0.15000E+02, 0.28436E+03, 0.19119E+00, 0.11786E-01
 0.13000E+02, 0.15000E+02, 0.29141E+03, 0.18200E+00, 0.12538E-01
 0.14000E+02, 0.15000E+02, 0.30740E+03, 0.17251E+00, 0.13602E-01
 0.15000E+02, 0.15000E+02, 0.29858E+03, 0.17555E+00, 0.13163E-01
 0.16000E+02, 0.15000E+02, 0.34943E+03, 0.15977E+00, 0.15749E-01
 0.17000E+02, 0.15000E+02, 0.36409E+03, 0.16142E+00, 0.15956E-01
 0.18000E+02, 0.15000E+02, 0.36956E+03, 0.17011E+00, 0.15271E-01
 0.19000E+02, 0.15000E+02, 0.36266E+03, 0.18146E+00, 0.14162E-01
 0.20000E+02, 0.15000E+02, 0.36592E+03, 0.18592E+00, 0.13893E-01
 0.21000E+02, 0.15000E+02, 0.36847E+03, 0.18365E+00, 0.14121E-01
 0.22000E+02, 0.15000E+02, 0.36123E+03, 0.19192E+00, 0.13360E-01
 0.23000E+02, 0.15000E+02, 0.33555E+03, 0.21238E+00, 0.11585E-01
 0.24000E+02, 0.15000E+02, 0.35712E+03, 0.19229E+00, 0.13248E-01
 0.25000E+02, 0.15000E+02, 0.36397E+03, 0.19503E+00, 0.13204E-01
 0.26000E+02, 0.15000E+02, 0.37325E+03, 0.20544E+00, 0.12717E-01
 0.27000E+02, 0.15000E+02, 0.43883E+03, 0.19310E+00, 0.14902E-01
 0.28000E+02, 0.15000E+02, 0.45379E+03, 0.20667E+00, 0.14216E-01
 0.29000E+02, 0.15000E+02, 0.44080E+03, 0.22501E+00, 0.12825E-01
 0.30000E+02, 0.15000E+02, 0.41038E+03, 0.24962E+00, 0.11068E-01
 0.31000E+02, 0.15000E+02, 0.39113E+03, 0.28459E+00, 0.94343E-02
 0.32000E+02, 0.15000E+02, 0.43860E+03, 0.29666E+00, 0.96973E-02
 0.33000E+02, 0.15000E+02, 0.44225E+03, 0.29708E+00, 0.97332E-02
 0.34000E+02, 0.15000E+02, 0.56160E+03, 0.23536E+00, 0.14335E-01
 0.35000E+02, 0.15000E+02, 0.74311E+03, 0.16609E+00, 0.24731E-01
 0.36000E+02, 0.15000E+02, 0.83034E+03, 0.16156E+00, 0.27607E-01
 0.37000E+02, 0.15000E+02, 0.81570E+03, 0.19356E+00, 0.22736E-01
 0.38000E+02, 0.15000E+02, 0.60204E+03, 0.28096E+00, 0.12590E-01
 0.39000E+02, 0.15000E+02, 0.77876E+03, 0.26917E+00, 0.15795E-01
 0.40000E+02, 0.15000E+02, 0.10007E+04, 0.18124E+00, 0.28408E-01
 0.41000E+02, 0.15000E+02, 0.97471E+03, 0.28005E+00, 0.18010E-01
 0.42000E+02, 0.15000E+02, 0.11479E+04, 0.23434E+00, 0.24511E-01
 0.43000E+02, 0.15000E+02, 0.10805E+04, 0.21556E+00, 0.25381E-01
 0.44000E+02, 0.15000E+02, 0.10002E+04, 0.23109E+00, 0.22271E-01
 0.45000E+02, 0.15000E+02, 0.96379E+03, 0.24539E+00, 0.20374E-01
 0.46000E+02, 0.15000E+02, 0.95356E+03, 0.24195E+00, 0.20492E-01
 0.47000E+02, 0.15000E+02, 0.95130E+03, 0.25287E+00, 0.19572E-01
 0.48000E+02, 0.15000E+02, 0.93149E+03, 0.22470E+00, 0.21668E-01
 0.49000E+02, 0.15000E+02, 0.91092E+03, 0.22140E+00, 0.21616E-01
 0.50000E+02, 0.15000E+02, 0.86491E+03, 0.19598E+00, 0.23471E-01
 0.51000E+02, 0.15000E+02, 0.81953E+03, 0.19539E+00, 0.22603E-01
 0.52000E+02, 0.15000E+02, 0.81019E+03, 0.24620E+00, 0.17785E-01
 0.53000E+02, 0.15000E+02, 0.77571E+03, 0.20457E+00, 0.20723E-01
 0.54000E+02, 0.15000E+02, 0.75075E+03, 0.20780E+00, 0.19915E-01
 0.55000E+02, 0.15000E+02, 0.72861E+03, 0.20630E+00, 0.19626E-01
 0.56000E+02, 0.15000E+02, 0.72042E+03, 0.24370E+00, 0.16478E-01
 0.57000E+02, 0.15000E+02, 0.69653E+03, 0.25766E+00, 0.15211E-01
 0.58000E+02, 0.15000E+02, 0.68306E+03, 0.22395E+00, 0.17258E-01
 0.59000E+02, 0.15000E+02, 0.67344E+03, 0.20744E+00, 0.18443E-01
 0.60000E+02, 0.15000E+02, 0.65729E+03, 0.23691E+00, 0.15874E-01
 0.61000E+02, 0.15000E+02, 0.60169E+03, 0.30556E+00, 0.11572E-01
 0.62000E+02, 0.15000E+02, 0.58561E+03, 0.30843E+00, 0.11254E-01
 0.63000E+02, 0.15000E+02, 0.58904E+03, 0.28162E+00, 0.12374E-01
 0.64000E+02, 0.15000E+02, 0.55262E+03, 0.23749E+00, 0.14054E-01
 0.65000E+02, 0.15000E+02, 0.53532E+03, 0.26238E+00, 0.12454E-01
 0.00000E+00, 0.16000E+02, 0.63956E+02, 0.48766E+00, 0.27940E-02
 0.10000E+01, 0.16000E+02, 0.65070E+02, 0.50721E+00, 0.26952E-02
 0.20000E+01, 0.16000E+02, 0.65610E+02, 0.50767E+00, 0.26970E-02
 0.30000E+01, 0.16000E+02, 0.69850E+02, 0.48209E+00, 0.28757E-02
 0.40000E+01, 0.16000E+02, 0.74565E+02, 0.46852E+00, 0.29997E-02
 0.50000E+01, 0.16000E+02, 0.80077E+02, 0.46053E+00, 0.31001E-02
 0.60000E+01, 0.16000E+02, 0.78207E+02, 0.48161E+00, 0.29487E-02
 0.70000E+01, 0.16000E+02, 0.15411E+03, 0.24187E+00, 0.71400E-02
 0.80000E+01, 0.16000E+02, 0.22000E+02, 0.30000E+02, 0.00000E+00
 0.90000E+01, 0.16000E+02, 0.27486E+03, 0.17759E+00, 0.12472E-01
 0.10000E+02, 0.16000E+02, 0.28337E+03, 0.17925E+00, 0.12548E-01
 0.11000E+02, 0.16000E+02, 0.28407E+03, 0.18418E+00, 0.12228E-01
 0.12000E+02, 0.16000E+02, 0.28062E+03, 0.19085E+00, 0.11728E-01
 0.13000E+02, 0.16000E+02, 0.28997E+03, 0.18012E+00, 0.12636E-01
 0.14000E+02, 0.16000E+02, 0.32662E+03, 0.16501E+00, 0.14691E-01
 0.15000E+02, 0.16000E+02, 0.30216E+03, 0.17874E+00, 0.13009E-01
 0.16000E+02, 0.16000E+02, 0.30328E+03, 0.18659E+00, 0.12486E-01
 0.17000E+02, 0.16000E+02, 0.33540E+03, 0.17474E+00, 0.14076E-01
 0.18000E+02, 0.16000E+02, 0.34932E+03, 0.17357E+00, 0.14495E-01
 0.19000E+02, 0.16000E+02, 0.36033E+03, 0.17299E+00, 0.14801E-01
 0.20000E+02, 0.16000E+02, 0.35658E+03, 0.18731E+00, 0.13589E-01
 0.21000E+02, 0.16000E+02, 0.35739E+03, 0.18955E+00, 0.13446E-01
 0.22000E+02, 0.16000E+02, 0.36653E+03, 0.18410E+00, 0.14044E-01
 0.23000E+02, 0.16000E+02, 0.33267E+03, 0.21583E+00, 0.11345E-01
 0.24000E+02, 0.16000E+02, 0.34493E+03, 0.21512E+00, 0.11613E-01
 0.25000E+02, 0.16000E+02, 0.35618E+03, 0.21089E+00, 0.12061E-01
 0.26000E+02, 0.16000E+02, 0.35273E+03, 0.21076E+00, 0.12003E-01
 0.27000E+02, 0.16000E+02, 0.42066E+03, 0.18619E+00, 0.15062E-01
 0.28000E+02, 0.16000E+02, 0.50990E+03, 0.17046E+00, 0.18567E-01
 0.29000E+02, 0.16000E+02, 0.48276E+03, 0.19640E+00, 0.15556E-01
 0.30000E+02, 0.16000E+02, 0.41384E+03, 0.24504E+00, 0.11332E-01
 0.31000E+02, 0.16000E+02, 0.42446E+03, 0.26441E+00, 0.10664E-01
 0.32000E+02, 0.16000E+02, 0.43298E+03, 0.28461E+00, 0.10028E-01
 0.33000E+02, 0.16000E+02, 0.51445E+03, 0.24417E+00, 0.13037E-01
 0.34000E+02, 0.16000E+02, 0.59190E+03, 0.21998E+00, 0.15894E-01
 0.35000E+02, 0.16000E+02, 0.65114E+03, 0.20815E+00, 0.17947E-01
 0.36000E+02, 0.16000E+02, 0.79751E+03, 0.20117E+00, 0.21511E-01
 0.37000E+02, 0.16000E+02, 0.66884E+03, 0.27466E+00, 0.13862E-01
 0.38000E+02, 0.16000E+02, 0.54873E+03, 0.32093E+00, 0.10351E-01
 0.39000E+02, 0.16000E+02, 0.96056E+03, 0.18255E+00, 0.27316E-01
 0.40000E+02, 0.16000E+02, 0.98281E+03, 0.18422E+00, 0.27556E-01
 0.41000E+02, 0.16000E+02, 0.10477E+04, 0.19995E+00, 0.26699E-01
 0.42000E+02, 0.16000E+02, 0.10272E+04, 0.21896E+00, 0.24004E-01
 0.43000E+02, 0.16000E+02, 0.10034E+04, 0.20461E+00, 0.25217E-01
 0.44000E+02, 0.16000E+02, 0.95113E+03, 0.20080E+00, 0.24643E-01
 0.45000E+02, 0.16000E+02, 0.90539E+03, 0.19510E+00, 0.24416E-01
 0.46000E+02, 0.16000E+02, 0.93804E+03, 0.27945E+00, 0.17518E-01
 0.47000E+02, 0.16000E+02, 0.93717E+03, 0.29589E+00, 0.16533E-01
 0.48000E+02, 0.16000E+02, 0.91610E+03, 0.23838E+00, 0.20164E-01
 0.49000E+02, 0.16000E+02, 0.89094E+03, 0.23123E+00, 0.20348E-01
 0.50000E+02, 0.16000E+02, 0.83489E+03, 0.20529E+00, 0.21815E-01
 0.51000E+02, 0.16000E+02, 0.81287E+03, 0.19281E+00, 0.22765E-01
 0.52000E+02, 0.16000E+02, 0.79919E+03, 0.25003E+00, 0.17335E-01
 0.53000E+02, 0.16000E+02, 0.77139E+03, 0.23773E+00, 0.17759E-01
 0.54000E+02, 0.16000E+02, 0.75359E+03, 0.22565E+00, 0.18391E-01
 0.55000E+02, 0.16000E+02, 0.72526E+03, 0.21163E+00, 0.19068E-01
 0.56000E+02, 0.16000E+02, 0.70502E+03, 0.21253E+00, 0.18603E-01
 0.57000E+02, 0.16000E+02, 0.68358E+03, 0.23853E+00, 0.16212E-01
 0.58000E+02, 0.16000E+02, 0.66912E+03, 0.21663E+00, 0.17581E-01
 0.59000E+02, 0.16000E+02, 0.67579E+03, 0.24531E+00, 0.15635E-01
 0.60000E+02, 0.16000E+02, 0.63828E+03, 0.26717E+00, 0.13788E-01
 0.61000E+02, 0.16000E+02, 0.59724E+03, 0.31103E+00, 0.11311E-01
 0.62000E+02, 0.16000E+02, 0.58748E+03, 0.30025E+00, 0.11585E-01
 0.63000E+02, 0.16000E+02, 0.57828E+03, 0.25058E+00, 0.13733E-01
 0.64000E+02, 0.16000E+02, 0.52704E+03, 0.35531E+00, 0.91025E-02
 0.65000E+02, 0.16000E+02, 0.52927E+03, 0.29983E+00, 0.10817E-01
 0.00000E+00, 0.17000E+02, 0.64284E+02, 0.48349E+00, 0.28209E-02
 0.10000E+01, 0.17000E+02, 0.64866E+02, 0.52575E+00, 0.25986E-02
 0.20000E+01, 0.17000E+02, 0.64831E+02, 0.54241E+00, 0.25185E-02
 0.30000E+01, 0.17000E+02, 0.62086E+02, 0.57962E+00, 0.23377E-02
 0.40000E+01, 0.17000E+02, 0.59632E+02, 0.61317E+00, 0.21936E-02
 0.50000E+01, 0.17000E+02, 0.73441E+02, 0.49864E+00, 0.28093E-02
 0.60000E+01, 0.17000E+02, 0.88817E+02, 0.40499E+00, 0.36124E-02
 0.70000E+01, 0.17000E+02, 0.10270E+03, 0.34545E+00, 0.43976E-02
 0.80000E+01, 0.17000E+02, 0.22000E+02, 0.30000E+02, 0.00000E+00
 0.90000E+01, 0.17000E+02, 0.27939E+03, 0.17832E+00, 0.12524E-01
 0.10000E+02, 0.17000E+02, 0.28306E+03, 0.17499E+00, 0.12847E-01
 0.11000E+02, 0.17000E+02, 0.28546E+03, 0.16975E+00, 0.13301E-01
 0.12000E+02, 0.17000E+02, 0.27758E+03, 0.17348E+00, 0.12832E-01
 0.13000E+02, 0.17000E+02, 0.28379E+03, 0.17644E+00, 0.12758E-01
 0.14000E+02, 0.17000E+02, 0.28583E+03, 0.17675E+00, 0.12783E-01
 0.15000E+02, 0.17000E+02, 0.28784E+03, 0.17504E+00, 0.12954E-01
 0.16000E+02, 0.17000E+02, 0.29156E+03, 0.17841E+00, 0.12794E-01
 0.17000E+02, 0.17000E+02, 0.31187E+03, 0.18292E+00, 0.12927E-01
 0.18000E+02, 0.17000E+02, 0.33755E+03, 0.17729E+00, 0.13923E-01
 0.19000E+02, 0.17000E+02, 0.34830E+03, 0.17552E+00, 0.14311E-01
 0.20000E+02, 0.17000E+02, 0.34743E+03, 0.18224E+00, 0.13764E-01
 0.21000E+02, 0.17000E+02, 0.35542E+03, 0.18866E+00, 0.13466E-01
 0.22000E+02, 0.17000E+02, 0.35379E+03, 0.19629E+00, 0.12909E-01
 0.23000E+02, 0.17000E+02, 0.35119E+03, 0.20167E+00, 0.12513E-01
 0.24000E+02, 0.17000E+02, 0.37372E+03, 0.16821E+00, 0.15544E-01
 0.25000E+02, 0.17000E+02, 0.36678E+03, 0.16758E+00, 0.15434E-01
 0.26000E+02, 0.17000E+02, 0.33116E+03, 0.19191E+00, 0.12728E-01
 0.27000E+02, 0.17000E+02, 0.39744E+03, 0.17623E+00, 0.15380E-01
 0.28000E+02, 0.17000E+02, 0.46958E+03, 0.15998E+00, 0.18764E-01
 0.29000E+02, 0.17000E+02, 0.44447E+03, 0.18964E+00, 0.15295E-01
 0.30000E+02, 0.17000E+02, 0.45334E+03, 0.21451E+00, 0.13688E-01
 0.31000E+02, 0.17000E+02, 0.45027E+03, 0.23073E+00, 0.12673E-01
 0.32000E+02, 0.17000E+02, 0.45325E+03, 0.26792E+00, 0.10958E-01
 0.33000E+02, 0.17000E+02, 0.48452E+03, 0.26961E+00, 0.11359E-01
 0.34000E+02, 0.17000E+02, 0.55206E+03, 0.24591E+00, 0.13563E-01
 0.35000E+02, 0.17000E+02, 0.66423E+03, 0.19210E+00, 0.19722E-01
 0.36000E+02, 0.17000E+02, 0.82495E+03, 0.21462E+00, 0.20680E-01
 0.37000E+02, 0.17000E+02, 0.71243E+03, 0.26533E+00, 0.15014E-01
 0.38000E+02, 0.17000E+02, 0.87835E+03, 0.20481E+00, 0.22724E-01
 0.39000E+02, 0.17000E+02, 0.85649E+03, 0.17477E+00, 0.26125E-01
 0.40000E+02, 0.17000E+02, 0.88846E+03, 0.18745E+00, 0.25047E-01
 0.41000E+02, 0.17000E+02, 0.93599E+03, 0.20996E+00, 0.23276E-01
 0.42000E+02, 0.17000E+02, 0.94082E+03, 0.20537E+00, 0.23892E-01
 0.43000E+02, 0.17000E+02, 0.93314E+03, 0.21461E+00, 0.22718E-01
 0.44000E+02, 0.17000E+02, 0.96867E+03, 0.22104E+00, 0.22708E-01
 0.45000E+02, 0.17000E+02, 0.91975E+03, 0.20598E+00, 0.23408E-01
 0.46000E+02, 0.17000E+02, 0.92475E+03, 0.26317E+00, 0.18398E-01
 0.47000E+02, 0.17000E+02, 0.90596E+03, 0.26393E+00, 0.18057E-01
 0.48000E+02, 0.17000E+02, 0.88816E+03, 0.24927E+00, 0.18830E-01
 0.49000E+02, 0.17000E+02, 0.83629E+03, 0.21842E+00, 0.20530E-01
 0.50000E+02, 0.17000E+02, 0.79008E+03, 0.20555E+00, 0.20907E-01
 0.51000E+02, 0.17000E+02, 0.81484E+03, 0.20018E+00, 0.21967E-01
 0.52000E+02, 0.17000E+02, 0.76881E+03, 0.23914E+00, 0.17611E-01
 0.53000E+02, 0.17000E+02, 0.73035E+03, 0.21476E+00, 0.18886E-01
 0.54000E+02, 0.17000E+02, 0.72447E+03, 0.22641E+00, 0.17809E-01
 0.55000E+02, 0.17000E+02, 0.71403E+03, 0.22674E+00, 0.17597E-01
 0.56000E+02, 0.17000E+02, 0.67822E+03, 0.21125E+00, 0.18202E-01
 0.57000E+02, 0.17000E+02, 0.66450E+03, 0.20096E+00, 0.18859E-01
 0.58000E+02, 0.17000E+02, 0.67345E+03, 0.21559E+00, 0.17746E-01
 0.59000E+02, 0.17000E+02, 0.63689E+03, 0.33069E+00, 0.11123E-01
 0.60000E+02, 0.17000E+02, 0.59948E+03, 0.33104E+00, 0.10654E-01
 0.61000E+02, 0.17000E+02, 0.59116E+03, 0.26413E+00, 0.13226E-01
 0.62000E+02, 0.17000E+02, 0.57626E+03, 0.31901E+00, 0.10762E-01
 0.63000E+02, 0.17000E+02, 0.57024E+03, 0.28731E+00, 0.11865E-01
 0.64000E+02, 0.17000E+02, 0.52441E+03, 0.37256E+00, 0.86525E-02
 0.65000E+02, 0.17000E+02, 0.50882E+03, 0.39208E+00, 0.80611E-02
 0.00000E+00, 0.18000E+02, 0.62216E+02, 0.48874E+00, 0.27734E-02
 0.10000E+01, 0.18000E+02, 0.65810E+02, 0.51182E+00, 0.26768E-02
 0.20000E+01, 0.18000E+02, 0.66334E+02, 0.52134E+00, 0.26319E-02
 0.30000E+01, 0.18000E+02, 0.66066E+02, 0.53966E+00, 0.25406E-02
 0.40000E+01, 0.18000E+02, 0.65796E+02, 0.54656E+00, 0.25065E-02
 0.50000E+01, 0.18000E+02, 0.70568E+02, 0.50143E+00, 0.27706E-02
 0.60000E+01, 0.18000E+02, 0.73529E+02, 0.47137E+00, 0.29726E-02
 0.70000E+01, 0.18000E+02, 0.64885E+02, 0.50856E+00, 0.26866E-02
 0.80000E+01, 0.18000E+02, 0.22000E+02, 0.30000E+02, 0.00000E+00
 0.90000E+01, 0.18000E+02, 0.28516E+03, 0.18608E+00, 0.12127E-01
 0.10000E+02, 0.18000E+02, 0.28474E+03, 0.17931E+00, 0.12575E-01
 0.11000E+02, 0.18000E+02, 0.27859E+03, 0.17290E+00, 0.12898E-01
 0.12000E+02, 0.18000E+02, 0.26140E+03, 0.17430E+00, 0.12395E-01
 0.13000E+02, 0.18000E+02, 0.27658E+03, 0.17397E+00, 0.12771E-01
 0.14000E+02, 0.18000E+02, 0.27867E+03, 0.17808E+00, 0.12524E-01
 0.15000E+02, 0.18000E+02, 0.26394E+03, 0.18085E+00, 0.12004E-01
 0.16000E+02, 0.18000E+02, 0.25353E+03, 0.18250E+00, 0.11664E-01
 0.17000E+02, 0.18000E+02, 0.27953E+03, 0.17434E+00, 0.12813E-01
 0.18000E+02, 0.18000E+02, 0.30039E+03, 0.18222E+00, 0.12722E-01
 0.19000E+02, 0.18000E+02, 0.34249E+03, 0.18339E+00, 0.13569E-01
 0.20000E+02, 0.18000E+02, 0.34921E+03, 0.18550E+00, 0.13560E-01
 0.21000E+02, 0.18000E+02, 0.33752E+03, 0.19562E+00, 0.12617E-01
 0.22000E+02, 0.18000E+02, 0.28908E+03, 0.22036E+00, 0.10312E-01
 0.23000E+02, 0.18000E+02, 0.28276E+03, 0.20976E+00, 0.10712E-01
 0.24000E+02, 0.18000E+02, 0.34550E+03, 0.13635E+00, 0.18339E-01
 0.25000E+02, 0.18000E+02, 0.34072E+03, 0.14352E+00, 0.17288E-01
 0.26000E+02, 0.18000E+02, 0.42966E+03, 0.12117E+00, 0.23443E-01
 0.27000E+02, 0.18000E+02, 0.46692E+03, 0.12540E+00, 0.23853E-01
 0.28000E+02, 0.18000E+02, 0.45425E+03, 0.14618E+00, 0.20112E-01
 0.29000E+02, 0.18000E+02, 0.39191E+03, 0.19982E+00, 0.13453E-01
 0.30000E+02, 0.18000E+02, 0.39540E+03, 0.21274E+00, 0.12702E-01
 0.31000E+02, 0.18000E+02, 0.40893E+03, 0.21605E+00, 0.12760E-01
 0.32000E+02, 0.18000E+02, 0.50059E+03, 0.18297E+00, 0.17092E-01
 0.33000E+02, 0.18000E+02, 0.66780E+03, 0.12918E+00, 0.29440E-01
 0.34000E+02, 0.18000E+02, 0.73639E+03, 0.13485E+00, 0.30259E-01
 0.35000E+02, 0.18000E+02, 0.77442E+03, 0.14227E+00, 0.29761E-01
 0.36000E+02, 0.18000E+02, 0.86876E+03, 0.17334E+00, 0.26627E-01
 0.37000E+02, 0.18000E+02, 0.79117E+03, 0.24131E+00, 0.17827E-01
 0.38000E+02, 0.18000E+02, 0.87603E+03, 0.17838E+00, 0.26039E-01
 0.39000E+02, 0.18000E+02, 0.78567E+03, 0.17009E+00, 0.25160E-01
 0.40000E+02, 0.18000E+02, 0.82108E+03, 0.18220E+00, 0.24274E-01
 0.41000E+02, 0.18000E+02, 0.87391E+03, 0.19026E+00, 0.24368E-01
 0.42000E+02, 0.18000E+02, 0.88508E+03, 0.19413E+00, 0.24115E-01
 0.43000E+02, 0.18000E+02, 0.91196E+03, 0.18538E+00, 0.25839E-01
 0.44000E+02, 0.18000E+02, 0.95347E+03, 0.18464E+00, 0.26851E-01
 0.45000E+02, 0.18000E+02, 0.99836E+03, 0.22645E+00, 0.22694E-01
 0.46000E+02, 0.18000E+02, 0.90144E+03, 0.24230E+00, 0.19593E-01
 0.47000E+02, 0.18000E+02, 0.85663E+03, 0.28510E+00, 0.16017E-01
 0.48000E+02, 0.18000E+02, 0.81600E+03, 0.22017E+00, 0.19994E-01
 0.49000E+02, 0.18000E+02, 0.80508E+03, 0.20679E+00, 0.21075E-01
 0.50000E+02, 0.18000E+02, 0.79779E+03, 0.22139E+00, 0.19552E-01
 0.51000E+02, 0.18000E+02, 0.77188E+03, 0.25369E+00, 0.16650E-01
 0.52000E+02, 0.18000E+02, 0.73866E+03, 0.24208E+00, 0.16894E-01
 0.53000E+02, 0.18000E+02, 0.71140E+03, 0.24284E+00, 0.16387E-01
 0.54000E+02, 0.18000E+02, 0.68266E+03, 0.21730E+00, 0.17779E-01
 0.55000E+02, 0.18000E+02, 0.65396E+03, 0.21496E+00, 0.17432E-01
 0.56000E+02, 0.18000E+02, 0.60300E+03, 0.17986E+00, 0.19689E-01
 0.57000E+02, 0.18000E+02, 0.61766E+03, 0.19635E+00, 0.18337E-01
 0.58000E+02, 0.18000E+02, 0.62667E+03, 0.24300E+00, 0.14967E-01
 0.59000E+02, 0.18000E+02, 0.60633E+03, 0.29066E+00, 0.12230E-01
 0.60000E+02, 0.18000E+02, 0.56857E+03, 0.36354E+00, 0.93582E-02
 0.61000E+02, 0.18000E+02, 0.55320E+03, 0.37325E+00, 0.89484E-02
 0.62000E+02, 0.18000E+02, 0.56302E+03, 0.37895E+00, 0.89185E-02
 0.63000E+02, 0.18000E+02, 0.56050E+03, 0.30760E+00, 0.10954E-01
 0.64000E+02, 0.18000E+02, 0.52001E+03, 0.39238E+00, 0.81701E-02
 0.65000E+02, 0.18000E+02, 0.51600E+03, 0.39984E+00, 0.79772E-02
 0.00000E+00, 0.19000E+02, 0.51794E+02, 0.50945E+00, 0.25780E-02
 0.10000E+01, 0.19000E+02, 0.68804E+02, 0.45267E+00, 0.30533E-02
 0.20000E+01, 0.19000E+02, 0.70614E+02, 0.45350E+00, 0.30638E-02
 0.30000E+01, 0.19000E+02, 0.73554E+02, 0.43276E+00, 0.32381E-02
 0.40000E+01, 0.19000E+02, 0.76565E+02, 0.42038E+00, 0.33624E-02
 0.50000E+01, 0.19000E+02, 0.76153E+02, 0.43198E+00, 0.32682E-02
 0.60000E+01, 0.19000E+02, 0.72803E+02, 0.44881E+00, 0.31155E-02
 0.70000E+01, 0.19000E+02, 0.68372E+02, 0.46715E+00, 0.29549E-02
 0.80000E+01, 0.19000E+02, 0.22000E+02, 0.30000E+02, 0.00000E+00
 0.90000E+01, 0.19000E+02, 0.28796E+03, 0.18293E+00, 0.12398E-01
 0.10000E+02, 0.19000E+02, 0.27383E+03, 0.17923E+00, 0.12335E-01
 0.11000E+02, 0.19000E+02, 0.27196E+03, 0.17469E+00, 0.12613E-01
 0.12000E+02, 0.19000E+02, 0.24962E+03, 0.17308E+00, 0.12208E-01
 0.13000E+02, 0.19000E+02, 0.27335E+03, 0.17599E+00, 0.12551E-01
 0.14000E+02, 0.19000E+02, 0.27655E+03, 0.17833E+00, 0.12459E-01
 0.15000E+02, 0.19000E+02, 0.25457E+03, 0.18246E+00, 0.11690E-01
 0.16000E+02, 0.19000E+02, 0.25681E+03, 0.17882E+00, 0.11978E-01
 0.17000E+02, 0.19000E+02, 0.29325E+03, 0.17461E+00, 0.13110E-01
 0.18000E+02, 0.19000E+02, 0.28414E+03, 0.18414E+00, 0.12232E-01
 0.19000E+02, 0.19000E+02, 0.27840E+02, 0.75722E+01, 0.16066E-03
 0.20000E+02, 0.19000E+02, 0.27049E+02, 0.30000E+02, 0.39746E-04
 0.21000E+02, 0.19000E+02, 0.27800E+02, 0.88970E+01, 0.13672E-03
 0.22000E+02, 0.19000E+02, 0.36416E+02, 0.16205E+01, 0.77210E-03
 0.23000E+02, 0.19000E+02, 0.37620E+02, 0.13354E+01, 0.94061E-03
 0.24000E+02, 0.19000E+02, 0.41472E+02, 0.12694E+01, 0.10018E-02
 0.25000E+02, 0.19000E+02, 0.28496E+02, 0.57022E+01, 0.21381E-03
 0.26000E+02, 0.19000E+02, 0.28036E+02, 0.11072E+02, 0.10994E-03
 0.27000E+02, 0.19000E+02, 0.56595E+02, 0.88088E+00, 0.15130E-02
 0.28000E+02, 0.19000E+02, 0.98009E+02, 0.44273E+00, 0.33885E-02
 0.29000E+02, 0.19000E+02, 0.34333E+02, 0.23049E+01, 0.53919E-03
 0.30000E+02, 0.19000E+02, 0.43317E+02, 0.21321E+01, 0.59993E-03
 0.31000E+02, 0.19000E+02, 0.38095E+02, 0.18752E+01, 0.67087E-03
 0.32000E+02, 0.19000E+02, 0.41868E+02, 0.19017E+01, 0.66955E-03
 0.33000E+02, 0.19000E+02, 0.44647E+02, 0.19691E+01, 0.65231E-03
 0.34000E+02, 0.19000E+02, 0.45366E+02, 0.20508E+01, 0.62775E-03
 0.35000E+02, 0.19000E+02, 0.46502E+02, 0.22321E+01, 0.57883E-03
 0.36000E+02, 0.19000E+02, 0.69557E+02, 0.11916E+01, 0.11624E-02
 0.37000E+02, 0.19000E+02, 0.27417E+03, 0.36480E+00, 0.60640E-02
 0.38000E+02, 0.19000E+02, 0.95707E+02, 0.80442E+00, 0.18533E-02
 0.39000E+02, 0.19000E+02, 0.64940E+02, 0.12009E+01, 0.11379E-02
 0.40000E+02, 0.19000E+02, 0.64708E+02, 0.11730E+01, 0.11641E-02
 0.41000E+02, 0.19000E+02, 0.39218E+02, 0.77827E+01, 0.16222E-03
 0.42000E+02, 0.19000E+02, 0.39201E+02, 0.50857E+01, 0.24824E-03
 0.43000E+02, 0.19000E+02, 0.73170E+02, 0.11385E+01, 0.12295E-02
 0.44000E+02, 0.19000E+02, 0.20231E+03, 0.56775E+00, 0.33848E-02
 0.45000E+02, 0.19000E+02, 0.19400E+03, 0.63892E+00, 0.29553E-02
 0.46000E+02, 0.19000E+02, 0.70454E+02, 0.16965E+01, 0.81863E-03
 0.47000E+02, 0.19000E+02, 0.53655E+02, 0.25430E+01, 0.51941E-03
 0.48000E+02, 0.19000E+02, 0.40535E+03, 0.25577E+00, 0.10722E-01
 0.49000E+02, 0.19000E+02, 0.42717E+03, 0.27099E+00, 0.10445E-01
 0.50000E+02, 0.19000E+02, 0.43564E+03, 0.26043E+00, 0.11000E-01
 0.51000E+02, 0.19000E+02, 0.43987E+03, 0.24496E+00, 0.11765E-01
 0.52000E+02, 0.19000E+02, 0.45829E+03, 0.24204E+00, 0.12214E-01
 0.53000E+02, 0.19000E+02, 0.46209E+03, 0.24695E+00, 0.12034E-01
 0.54000E+02, 0.19000E+02, 0.50854E+03, 0.34475E+00, 0.91646E-02
 0.55000E+02, 0.19000E+02, 0.55198E+03, 0.54484E+00, 0.61211E-02
 0.56000E+02, 0.19000E+02, 0.54882E+03, 0.87327E+00, 0.38044E-02
 0.57000E+02, 0.19000E+02, 0.52425E+03, 0.10192E+01, 0.31624E-02
 0.58000E+02, 0.19000E+02, 0.53100E+03, 0.15381E+01, 0.21132E-02
 0.59000E+02, 0.19000E+02, 0.22000E+02, 0.30000E+02, 0.00000E+00
 0.60000E+02, 0.19000E+02, 0.49690E+03, 0.64778E+00, 0.48047E-02
 0.61000E+02, 0.19000E+02, 0.53349E+03, 0.47029E+00, 0.69324E-02
 0.62000E+02, 0.19000E+02, 0.54052E+03, 0.51097E+00, 0.64362E-02
 0.63000E+02, 0.19000E+02, 0.52361E+03, 0.39447E+00, 0.81639E-02
 0.64000E+02, 0.19000E+02, 0.51765E+03, 0.40725E+00, 0.78484E-02
 0.65000E+02, 0.19000E+02, 0.52139E+03, 0.34129E+00, 0.94094E-02
 0.00000E+00, 0.20000E+02, 0.46356E+02, 0.72554E+00, 0.17799E-02
 0.10000E+01, 0.20000E+02, 0.52894E+02, 0.66307E+00, 0.19874E-02
 0.20000E+01, 0.20000E+02, 0.48731E+02, 0.79649E+00, 0.16334E-02
 0.30000E+01, 0.20000E+02, 0.48757E+02, 0.80790E+00, 0.16105E-02
 0.40000E+01, 0.20000E+02, 0.65284E+02, 0.53571E+00, 0.25534E-02
 0.50000E+01, 0.20000E+02, 0.72891E+02, 0.51724E+00, 0.27041E-02
 0.60000E+01, 0.20000E+02, 0.90342E+02, 0.44518E+00, 0.33001E-02
 0.70000E+01, 0.20000E+02, 0.16505E+03, 0.25755E+00, 0.68768E-02
 0.80000E+01, 0.20000E+02, 0.22000E+02, 0.30000E+02, 0.00000E+00
 0.90000E+01, 0.20000E+02, 0.28203E+03, 0.17801E+00, 0.12606E-01
 0.10000E+02, 0.20000E+02, 0.24549E+03, 0.18263E+00, 0.11478E-01
 0.11000E+02, 0.20000E+02, 0.23233E+03, 0.18905E+00, 0.10807E-01
 0.12000E+02, 0.20000E+02, 0.25020E+03, 0.17333E+00, 0.12204E-01
 0.13000E+02, 0.20000E+02, 0.24502E+03, 0.17721E+00, 0.11819E-01
 0.14000E+02, 0.20000E+02, 0.25727E+03, 0.18011E+00, 0.11903E-01
 0.15000E+02, 0.20000E+02, 0.24533E+03, 0.18159E+00, 0.11540E-01
 0.16000E+02, 0.20000E+02, 0.26085E+03, 0.17631E+00, 0.12241E-01
 0.17000E+02, 0.20000E+02, 0.25026E+03, 0.17697E+00, 0.11955E-01
 0.18000E+02, 0.20000E+02, 0.22771E+03, 0.18794E+00, 0.10771E-01
 0.19000E+02, 0.20000E+02, 0.39849E+02, 0.15203E+01, 0.83211E-03
 0.20000E+02, 0.20000E+02, 0.32088E+02, 0.34053E+01, 0.36229E-03
 0.21000E+02, 0.20000E+02, 0.36779E+02, 0.16085E+01, 0.77880E-03
 0.22000E+02, 0.20000E+02, 0.41808E+02, 0.11140E+01, 0.11427E-02
 0.23000E+02, 0.20000E+02, 0.42790E+02, 0.12371E+01, 0.10322E-02
 0.24000E+02, 0.20000E+02, 0.38264E+02, 0.14851E+01, 0.84754E-03
 0.25000E+02, 0.20000E+02, 0.27486E+02, 0.54945E+01, 0.22115E-03
 0.26000E+02, 0.20000E+02, 0.34068E+02, 0.31798E+01, 0.39051E-03
 0.27000E+02, 0.20000E+02, 0.43720E+02, 0.15945E+01, 0.80324E-03
 0.28000E+02, 0.20000E+02, 0.51370E+02, 0.10759E+01, 0.12191E-02
 0.29000E+02, 0.20000E+02, 0.51048E+02, 0.12540E+01, 0.10450E-02
 0.30000E+02, 0.20000E+02, 0.40391E+02, 0.18067E+01, 0.70141E-03
 0.31000E+02, 0.20000E+02, 0.37812E+02, 0.18861E+01, 0.66639E-03
 0.32000E+02, 0.20000E+02, 0.48672E+02, 0.16299E+01, 0.79806E-03
 0.33000E+02, 0.20000E+02, 0.48451E+02, 0.16618E+01, 0.78221E-03
 0.34000E+02, 0.20000E+02, 0.46221E+02, 0.17807E+01, 0.72490E-03
 0.35000E+02, 0.20000E+02, 0.46429E+02, 0.18140E+01, 0.71208E-03
 0.36000E+02, 0.20000E+02, 0.46092E+02, 0.18539E+01, 0.69601E-03
 0.37000E+02, 0.20000E+02, 0.87609E+02, 0.86390E+00, 0.16878E-02
 0.38000E+02, 0.20000E+02, 0.13651E+03, 0.52256E+00, 0.31686E-02
 0.39000E+02, 0.20000E+02, 0.97479E+02, 0.72459E+00, 0.20674E-02
 0.40000E+02, 0.20000E+02, 0.69567E+02, 0.11077E+01, 0.12506E-02
 0.41000E+02, 0.20000E+02, 0.47586E+02, 0.19690E+01, 0.65837E-03
 0.42000E+02, 0.20000E+02, 0.46742E+02, 0.17502E+01, 0.73875E-03
 0.43000E+02, 0.20000E+02, 0.68726E+02, 0.11906E+01, 0.11606E-02
 0.44000E+02, 0.20000E+02, 0.13036E+03, 0.75548E+00, 0.21588E-02
 0.45000E+02, 0.20000E+02, 0.12064E+03, 0.85213E+00, 0.18678E-02
 0.46000E+02, 0.20000E+02, 0.86771E+02, 0.12018E+01, 0.12104E-02
 0.47000E+02, 0.20000E+02, 0.70253E+02, 0.13420E+01, 0.10343E-02
 0.48000E+02, 0.20000E+02, 0.40632E+03, 0.21472E+00, 0.12790E-01
 0.49000E+02, 0.20000E+02, 0.41558E+03, 0.20021E+00, 0.13904E-01
 0.50000E+02, 0.20000E+02, 0.41596E+03, 0.17031E+00, 0.16355E-01
 0.51000E+02, 0.20000E+02, 0.41769E+03, 0.16670E+00, 0.16751E-01
 0.52000E+02, 0.20000E+02, 0.43447E+03, 0.17451E+00, 0.16389E-01
 0.53000E+02, 0.20000E+02, 0.51197E+03, 0.27084E+00, 0.11716E-01
 0.54000E+02, 0.20000E+02, 0.61493E+03, 0.67963E+00, 0.52815E-02
 0.55000E+02, 0.20000E+02, 0.54957E+03, 0.45661E+00, 0.72825E-02
 0.56000E+02, 0.20000E+02, 0.53708E+03, 0.48361E+00, 0.67716E-02
 0.57000E+02, 0.20000E+02, 0.53428E+03, 0.68085E+00, 0.47933E-02
 0.58000E+02, 0.20000E+02, 0.57258E+03, 0.19002E+01, 0.17989E-02
 0.59000E+02, 0.20000E+02, 0.22000E+02, 0.30000E+02, 0.00000E+00
 0.60000E+02, 0.20000E+02, 0.47707E+03, 0.51392E+00, 0.59003E-02
 0.61000E+02, 0.20000E+02, 0.50523E+03, 0.52114E+00, 0.60369E-02
 0.62000E+02, 0.20000E+02, 0.52500E+03, 0.47710E+00, 0.67617E-02
 0.63000E+02, 0.20000E+02, 0.52136E+03, 0.39036E+00, 0.82265E-02
 0.64000E+02, 0.20000E+02, 0.52821E+03, 0.52221E+00, 0.62025E-02
 0.65000E+02, 0.20000E+02, 0.52818E+03, 0.58584E+00, 0.55286E-02
 0.00000E+00, 0.21000E+02, 0.42368E+02, 0.78546E+00, 0.16236E-02
 0.10000E+01, 0.21000E+02, 0.47467E+02, 0.80182E+00, 0.16162E-02
 0.20000E+01, 0.21000E+02, 0.45850E+02, 0.89770E+00, 0.14363E-02
 0.30000E+01, 0.21000E+02, 0.43030E+02, 0.10052E+01, 0.12714E-02
 0.40000E+01, 0.21000E+02, 0.47345E+02, 0.86448E+00, 0.14985E-02
 0.50000E+01, 0.21000E+02, 0.69765E+02, 0.54038E+00, 0.25649E-02
 0.60000E+01, 0.21000E+02, 0.79911E+02, 0.49911E+00, 0.28591E-02
 0.70000E+01, 0.21000E+02, 0.87546E+02, 0.45824E+00, 0.31815E-02
 0.80000E+01, 0.21000E+02, 0.22000E+02, 0.30000E+02, 0.00000E+00
 0.90000E+01, 0.21000E+02, 0.26690E+03, 0.17615E+00, 0.12391E-01
 0.10000E+02, 0.21000E+02, 0.23595E+03, 0.18619E+00, 0.11052E-01
 0.11000E+02, 0.21000E+02, 0.22066E+03, 0.19214E+00, 0.10388E-01
 0.12000E+02, 0.21000E+02, 0.25271E+03, 0.17519E+00, 0.12132E-01
 0.13000E+02, 0.21000E+02, 0.25390E+03, 0.17568E+00, 0.12126E-01
 0.14000E+02, 0.21000E+02, 0.22656E+03, 0.18673E+00, 0.10817E-01
 0.15000E+02, 0.21000E+02, 0.21413E+03, 0.19365E+00, 0.10170E-01
 0.16000E+02, 0.21000E+02, 0.23144E+03, 0.18583E+00, 0.10975E-01
 0.17000E+02, 0.21000E+02, 0.22672E+03, 0.18153E+00, 0.11130E-01
 0.18000E+02, 0.21000E+02, 0.19986E+03, 0.20484E+00, 0.93334E-02
 0.19000E+02, 0.21000E+02, 0.61308E+02, 0.71313E+00, 0.18956E-02
 0.20000E+02, 0.21000E+02, 0.32995E+02, 0.20561E+01, 0.60182E-03
 0.21000E+02, 0.21000E+02, 0.39034E+02, 0.12471E+01, 0.10118E-02
 0.22000E+02, 0.21000E+02, 0.39490E+02, 0.12484E+01, 0.10122E-02
 0.23000E+02, 0.21000E+02, 0.45911E+02, 0.11057E+01, 0.11663E-02
 0.24000E+02, 0.21000E+02, 0.41814E+02, 0.14233E+01, 0.89441E-03
 0.25000E+02, 0.21000E+02, 0.36158E+02, 0.18759E+01, 0.66644E-03
 0.26000E+02, 0.21000E+02, 0.26521E+02, 0.71222E+01, 0.17006E-03
 0.27000E+02, 0.21000E+02, 0.27332E+02, 0.66229E+01, 0.18338E-03
 0.28000E+02, 0.21000E+02, 0.27323E+02, 0.62851E+01, 0.19323E-03
 0.29000E+02, 0.21000E+02, 0.36187E+02, 0.23411E+01, 0.53405E-03
 0.30000E+02, 0.21000E+02, 0.36763E+02, 0.18279E+01, 0.68529E-03
 0.31000E+02, 0.21000E+02, 0.39380E+02, 0.18016E+01, 0.70116E-03
 0.32000E+02, 0.21000E+02, 0.46498E+02, 0.17186E+01, 0.75175E-03
 0.33000E+02, 0.21000E+02, 0.52934E+02, 0.14584E+01, 0.90370E-03
 0.34000E+02, 0.21000E+02, 0.48802E+02, 0.16002E+01, 0.81319E-03
 0.35000E+02, 0.21000E+02, 0.55382E+02, 0.13870E+01, 0.95738E-03
 0.36000E+02, 0.21000E+02, 0.52667E+02, 0.15168E+01, 0.86819E-03
 0.37000E+02, 0.21000E+02, 0.76770E+02, 0.93383E+00, 0.15145E-02
 0.38000E+02, 0.21000E+02, 0.81910E+02, 0.87259E+00, 0.16446E-02
 0.39000E+02, 0.21000E+02, 0.71338E+02, 0.10156E+01, 0.13710E-02
 0.40000E+02, 0.21000E+02, 0.59183E+02, 0.12517E+01, 0.10731E-02
 0.41000E+02, 0.21000E+02, 0.48256E+02, 0.16173E+01, 0.80323E-03
 0.42000E+02, 0.21000E+02, 0.53615E+02, 0.13580E+01, 0.97255E-03
 0.43000E+02, 0.21000E+02, 0.75128E+02, 0.11033E+01, 0.12759E-02
 0.44000E+02, 0.21000E+02, 0.67710E+02, 0.12773E+01, 0.10786E-02
 0.45000E+02, 0.21000E+02, 0.67829E+02, 0.13298E+01, 0.10364E-02
 0.46000E+02, 0.21000E+02, 0.59765E+02, 0.15025E+01, 0.89556E-03
 0.47000E+02, 0.21000E+02, 0.59052E+02, 0.14843E+01, 0.90462E-03
 0.48000E+02, 0.21000E+02, 0.40166E+03, 0.18431E+00, 0.14798E-01
 0.49000E+02, 0.21000E+02, 0.40716E+03, 0.18089E+00, 0.15201E-01
 0.50000E+02, 0.21000E+02, 0.40146E+03, 0.16245E+00, 0.16785E-01
 0.51000E+02, 0.21000E+02, 0.40245E+03, 0.16844E+00, 0.16212E-01
 0.52000E+02, 0.21000E+02, 0.40711E+03, 0.17693E+00, 0.15540E-01
 0.53000E+02, 0.21000E+02, 0.48918E+03, 0.24260E+00, 0.12701E-01
 0.54000E+02, 0.21000E+02, 0.69749E+03, 0.96808E+00, 0.40525E-02
 0.55000E+02, 0.21000E+02, 0.76721E+03, 0.61389E+01, 0.68496E-03
 0.56000E+02, 0.21000E+02, 0.69003E+03, 0.13567E+01, 0.28695E-02
 0.57000E+02, 0.21000E+02, 0.61253E+03, 0.65938E+00, 0.54290E-02
 0.58000E+02, 0.21000E+02, 0.59192E+03, 0.82038E+00, 0.42620E-02
 0.59000E+02, 0.21000E+02, 0.22000E+02, 0.30000E+02, 0.00000E+00
 0.60000E+02, 0.21000E+02, 0.48074E+03, 0.43013E+00, 0.70842E-02
 0.61000E+02, 0.21000E+02, 0.52210E+03, 0.53665E+00, 0.59895E-02
 0.62000E+02, 0.21000E+02, 0.53935E+03, 0.66047E+00, 0.49722E-02
 0.63000E+02, 0.21000E+02, 0.52793E+03, 0.51076E+00, 0.63392E-02
 0.64000E+02, 0.21000E+02, 0.54626E+03, 0.78656E+00, 0.42107E-02
 0.65000E+02, 0.21000E+02, 0.54520E+03, 0.10791E+01, 0.30653E-02
 0.00000E+00, 0.22000E+02, 0.42345E+02, 0.81693E+00, 0.15609E-02
 0.10000E+01, 0.22000E+02, 0.44650E+02, 0.88766E+00, 0.14471E-02
 0.20000E+01, 0.22000E+02, 0.45934E+02, 0.87902E+00, 0.14672E-02
 0.30000E+01, 0.22000E+02, 0.45455E+02, 0.90270E+00, 0.14266E-02
 0.40000E+01, 0.22000E+02, 0.47267E+02, 0.84867E+00, 0.15260E-02
 0.50000E+01, 0.22000E+02, 0.65414E+02, 0.55330E+00, 0.24732E-02
 0.60000E+01, 0.22000E+02, 0.76083E+02, 0.49382E+00, 0.28584E-02
 0.70000E+01, 0.22000E+02, 0.69772E+02, 0.55264E+00, 0.25080E-02
 0.80000E+01, 0.22000E+02, 0.22000E+02, 0.30000E+02, 0.00000E+00
 0.90000E+01, 0.22000E+02, 0.24957E+03, 0.18230E+00, 0.11589E-01
 0.10000E+02, 0.22000E+02, 0.22029E+03, 0.19170E+00, 0.10404E-01
 0.11000E+02, 0.22000E+02, 0.21239E+03, 0.19481E+00, 0.10074E-01
 0.12000E+02, 0.22000E+02, 0.15695E+03, 0.23271E+00, 0.74701E-02
 0.13000E+02, 0.22000E+02, 0.25832E+03, 0.17449E+00, 0.12311E-01
 0.14000E+02, 0.22000E+02, 0.21082E+03, 0.19810E+00, 0.98745E-02
 0.15000E+02, 0.22000E+02, 0.21274E+03, 0.19696E+00, 0.99710E-02
 0.16000E+02, 0.22000E+02, 0.21201E+03, 0.19563E+00, 0.10024E-01
 0.17000E+02, 0.22000E+02, 0.17844E+03, 0.21728E+00, 0.84004E-02
 0.18000E+02, 0.22000E+02, 0.19475E+03, 0.21595E+00, 0.87577E-02
 0.19000E+02, 0.22000E+02, 0.55544E+02, 0.77252E+00, 0.17197E-02
 0.20000E+02, 0.22000E+02, 0.34627E+02, 0.17070E+01, 0.72877E-03
 0.21000E+02, 0.22000E+02, 0.36641E+02, 0.15245E+01, 0.82136E-03
 0.22000E+02, 0.22000E+02, 0.36623E+02, 0.15097E+01, 0.82934E-03
 0.23000E+02, 0.22000E+02, 0.41567E+02, 0.99735E+00, 0.12754E-02
 0.24000E+02, 0.22000E+02, 0.46065E+02, 0.10688E+01, 0.12071E-02
 0.25000E+02, 0.22000E+02, 0.36720E+02, 0.18986E+01, 0.65965E-03
 0.26000E+02, 0.22000E+02, 0.29348E+02, 0.41444E+01, 0.29501E-03
 0.27000E+02, 0.22000E+02, 0.27095E+02, 0.61211E+01, 0.19826E-03
 0.28000E+02, 0.22000E+02, 0.24189E+02, 0.17025E+02, 0.70588E-04
 0.29000E+02, 0.22000E+02, 0.28675E+02, 0.46329E+01, 0.26332E-03
 0.30000E+02, 0.22000E+02, 0.34271E+02, 0.21483E+01, 0.57840E-03
 0.31000E+02, 0.22000E+02, 0.37986E+02, 0.18990E+01, 0.66222E-03
 0.32000E+02, 0.22000E+02, 0.44349E+02, 0.17554E+01, 0.73104E-03
 0.33000E+02, 0.22000E+02, 0.53312E+02, 0.14256E+01, 0.92560E-03
 0.34000E+02, 0.22000E+02, 0.51600E+02, 0.14491E+01, 0.90578E-03
 0.35000E+02, 0.22000E+02, 0.59314E+02, 0.12490E+01, 0.10759E-02
 0.36000E+02, 0.22000E+02, 0.61099E+02, 0.12141E+01, 0.11128E-02
 0.37000E+02, 0.22000E+02, 0.85590E+02, 0.81335E+00, 0.17827E-02
 0.38000E+02, 0.22000E+02, 0.88085E+02, 0.78798E+00, 0.18529E-02
 0.39000E+02, 0.22000E+02, 0.55605E+02, 0.12963E+01, 0.10251E-02
 0.40000E+02, 0.22000E+02, 0.51882E+02, 0.14022E+01, 0.93692E-03
 0.41000E+02, 0.22000E+02, 0.51893E+02, 0.14052E+01, 0.93496E-03
 0.42000E+02, 0.22000E+02, 0.48435E+02, 0.15043E+01, 0.86404E-03
 0.43000E+02, 0.22000E+02, 0.48184E+02, 0.16151E+01, 0.80417E-03
 0.44000E+02, 0.22000E+02, 0.49282E+02, 0.15957E+01, 0.81671E-03
 0.45000E+02, 0.22000E+02, 0.46367E+02, 0.17596E+01, 0.73393E-03
 0.46000E+02, 0.22000E+02, 0.44282E+02, 0.20816E+01, 0.61637E-03
 0.47000E+02, 0.22000E+02, 0.44056E+02, 0.22395E+01, 0.57249E-03
 0.48000E+02, 0.22000E+02, 0.38359E+03, 0.20324E+00, 0.13060E-01
 0.49000E+02, 0.22000E+02, 0.39120E+03, 0.18011E+00, 0.14908E-01
 0.50000E+02, 0.22000E+02, 0.38707E+03, 0.17951E+00, 0.14866E-01
 0.51000E+02, 0.22000E+02, 0.38453E+03, 0.18289E+00, 0.14534E-01
 0.52000E+02, 0.22000E+02, 0.38930E+03, 0.19215E+00, 0.13935E-01
 0.53000E+02, 0.22000E+02, 0.45920E+03, 0.22759E+00, 0.13006E-01
 0.54000E+02, 0.22000E+02, 0.66064E+03, 0.59408E+00, 0.63530E-02
 0.55000E+02, 0.22000E+02, 0.78135E+03, 0.18998E+02, 0.22435E-03
 0.56000E+02, 0.22000E+02, 0.76787E+03, 0.69776E+01, 0.60302E-03
 0.57000E+02, 0.22000E+02, 0.76024E+03, 0.66824E+01, 0.62504E-03
 0.58000E+02, 0.22000E+02, 0.71785E+03, 0.33335E+01, 0.12016E-02
 0.59000E+02, 0.22000E+02, 0.22000E+02, 0.30000E+02, 0.00000E+00
 0.60000E+02, 0.22000E+02, 0.46756E+03, 0.41326E+00, 0.72444E-02
 0.61000E+02, 0.22000E+02, 0.52794E+03, 0.66670E+00, 0.48566E-02
 0.62000E+02, 0.22000E+02, 0.56447E+03, 0.10484E+01, 0.32293E-02
 0.63000E+02, 0.22000E+02, 0.56476E+03, 0.10613E+01, 0.31912E-02
 0.64000E+02, 0.22000E+02, 0.56040E+03, 0.10529E+01, 0.31997E-02
 0.65000E+02, 0.22000E+02, 0.55482E+03, 0.10247E+01, 0.32657E-02
 0.00000E+00, 0.23000E+02, 0.42421E+02, 0.83790E+00, 0.15222E-02
 0.10000E+01, 0.23000E+02, 0.43087E+02, 0.89988E+00, 0.14204E-02
 0.20000E+01, 0.23000E+02, 0.46853E+02, 0.82055E+00, 0.15763E-02
 0.30000E+01, 0.23000E+02, 0.50237E+02, 0.75386E+00, 0.17338E-02
 0.40000E+01, 0.23000E+02, 0.51125E+02, 0.73989E+00, 0.17714E-02
 0.50000E+01, 0.23000E+02, 0.58381E+02, 0.60341E+00, 0.22207E-02
 0.60000E+01, 0.23000E+02, 0.66165E+02, 0.52212E+00, 0.26267E-02
 0.70000E+01, 0.23000E+02, 0.59409E+02, 0.58616E+00, 0.22931E-02
 0.80000E+01, 0.23000E+02, 0.22000E+02, 0.30000E+02, 0.00000E+00
 0.90000E+01, 0.23000E+02, 0.25329E+03, 0.18239E+00, 0.11666E-01
 0.10000E+02, 0.23000E+02, 0.19143E+03, 0.21505E+00, 0.87318E-02
 0.11000E+02, 0.23000E+02, 0.16303E+03, 0.23154E+00, 0.76141E-02
 0.12000E+02, 0.23000E+02, 0.16030E+03, 0.23181E+00, 0.75576E-02
 0.13000E+02, 0.23000E+02, 0.21266E+03, 0.19205E+00, 0.10224E-01
 0.14000E+02, 0.23000E+02, 0.19320E+03, 0.20793E+00, 0.90652E-02
 0.15000E+02, 0.23000E+02, 0.20388E+03, 0.20290E+00, 0.95025E-02
 0.16000E+02, 0.23000E+02, 0.14439E+03, 0.25194E+00, 0.66985E-02
 0.17000E+02, 0.23000E+02, 0.13475E+03, 0.26185E+00, 0.62962E-02
 0.18000E+02, 0.23000E+02, 0.17390E+03, 0.23581E+00, 0.76625E-02
 0.19000E+02, 0.23000E+02, 0.80080E+02, 0.45277E+00, 0.31532E-02
 0.20000E+02, 0.23000E+02, 0.38030E+02, 0.12977E+01, 0.96921E-03
 0.21000E+02, 0.23000E+02, 0.38518E+02, 0.12731E+01, 0.98946E-03
 0.22000E+02, 0.23000E+02, 0.38390E+02, 0.13276E+01, 0.94850E-03
 0.23000E+02, 0.23000E+02, 0.41729E+02, 0.10286E+01, 0.12374E-02
 0.24000E+02, 0.23000E+02, 0.44814E+02, 0.10884E+01, 0.11807E-02
 0.25000E+02, 0.23000E+02, 0.44507E+02, 0.11993E+01, 0.10706E-02
 0.26000E+02, 0.23000E+02, 0.33011E+02, 0.27109E+01, 0.45648E-03
 0.27000E+02, 0.23000E+02, 0.25947E+02, 0.75445E+01, 0.16024E-03
 0.28000E+02, 0.23000E+02, 0.24559E+02, 0.17243E+02, 0.69785E-04
 0.29000E+02, 0.23000E+02, 0.22661E+02, 0.30000E+02, 0.11429E-04
 0.30000E+02, 0.23000E+02, 0.39497E+02, 0.17005E+01, 0.74312E-03
 0.31000E+02, 0.23000E+02, 0.43851E+02, 0.16667E+01, 0.76876E-03
 0.32000E+02, 0.23000E+02, 0.44067E+02, 0.16645E+01, 0.77029E-03
 0.33000E+02, 0.23000E+02, 0.49225E+02, 0.15349E+01, 0.84893E-03
 0.34000E+02, 0.23000E+02, 0.54018E+02, 0.13620E+01, 0.97089E-03
 0.35000E+02, 0.23000E+02, 0.63174E+02, 0.11252E+01, 0.12081E-02
 0.36000E+02, 0.23000E+02, 0.64318E+02, 0.10980E+01, 0.12422E-02
 0.37000E+02, 0.23000E+02, 0.71470E+02, 0.95177E+00, 0.14635E-02
 0.38000E+02, 0.23000E+02, 0.60212E+02, 0.11560E+01, 0.11656E-02
 0.39000E+02, 0.23000E+02, 0.56634E+02, 0.12291E+01, 0.10845E-02
 0.40000E+02, 0.23000E+02, 0.56799E+02, 0.12131E+01, 0.10993E-02
 0.41000E+02, 0.23000E+02, 0.48315E+02, 0.15489E+01, 0.83884E-03
 0.42000E+02, 0.23000E+02, 0.46919E+02, 0.16174E+01, 0.79986E-03
 0.43000E+02, 0.23000E+02, 0.48777E+02, 0.16024E+01, 0.81203E-03
 0.44000E+02, 0.23000E+02, 0.55771E+02, 0.13322E+01, 0.99793E-03
 0.45000E+02, 0.23000E+02, 0.61624E+02, 0.11878E+01, 0.11391E-02
 0.46000E+02, 0.23000E+02, 0.54850E+02, 0.13442E+01, 0.98623E-03
 0.47000E+02, 0.23000E+02, 0.42924E+02, 0.21979E+01, 0.58123E-03
 0.48000E+02, 0.23000E+02, 0.37956E+03, 0.25274E+00, 0.10438E-01
 0.49000E+02, 0.23000E+02, 0.38508E+03, 0.26489E+00, 0.10044E-01
 0.50000E+02, 0.23000E+02, 0.37801E+03, 0.23206E+00, 0.11341E-01
 0.51000E+02, 0.23000E+02, 0.37163E+03, 0.24261E+00, 0.10742E-01
 0.52000E+02, 0.23000E+02, 0.37452E+03, 0.23003E+00, 0.11380E-01
 0.53000E+02, 0.23000E+02, 0.42735E+03, 0.24250E+00, 0.11675E-01
 0.54000E+02, 0.23000E+02, 0.70047E+03, 0.10813E+01, 0.36393E-02
 0.55000E+02, 0.23000E+02, 0.77387E+03, 0.28371E+02, 0.14916E-03
 0.56000E+02, 0.23000E+02, 0.77790E+03, 0.24774E+02, 0.17147E-03
 0.57000E+02, 0.23000E+02, 0.74993E+03, 0.11381E+02, 0.36335E-03
 0.58000E+02, 0.23000E+02, 0.72841E+03, 0.10962E+02, 0.36929E-03
 0.59000E+02, 0.23000E+02, 0.22000E+02, 0.30000E+02, 0.00000E+00
 0.60000E+02, 0.23000E+02, 0.48114E+03, 0.61721E+00, 0.49395E-02
 0.61000E+02, 0.23000E+02, 0.49397E+03, 0.59781E+00, 0.51866E-02
 0.62000E+02, 0.23000E+02, 0.51299E+03, 0.63449E+00, 0.50078E-02
 0.63000E+02, 0.23000E+02, 0.52740E+03, 0.74822E+00, 0.43245E-02
 0.64000E+02, 0.23000E+02, 0.51670E+03, 0.71124E+00, 0.44885E-02
 0.65000E+02, 0.23000E+02, 0.52166E+03, 0.75508E+00, 0.42545E-02
 0.00000E+00, 0.24000E+02, 0.41644E+02, 0.81321E+00, 0.15646E-02
 0.10000E+01, 0.24000E+02, 0.44810E+02, 0.79839E+00, 0.16097E-02
 0.20000E+01, 0.24000E+02, 0.48538E+02, 0.75723E+00, 0.17171E-02
 0.30000E+01, 0.24000E+02, 0.52518E+02, 0.66131E+00, 0.19904E-02
 0.40000E+01, 0.24000E+02, 0.54106E+02, 0.64723E+00, 0.20436E-02
 0.50000E+01, 0.24000E+02, 0.54340E+02, 0.64860E+00, 0.20408E-02
 0.60000E+01, 0.24000E+02, 0.49587E+02, 0.73704E+00, 0.17698E-02
 0.70000E+01, 0.24000E+02, 0.46117E+02, 0.80839E+00, 0.15963E-02
 0.80000E+01, 0.24000E+02, 0.22000E+02, 0.30000E+02, 0.00000E+00
 0.90000E+01, 0.24000E+02, 0.25201E+03, 0.18147E+00, 0.11697E-01
 0.10000E+02, 0.24000E+02, 0.19170E+03, 0.22286E+00, 0.84304E-02
 0.11000E+02, 0.24000E+02, 0.14337E+03, 0.25922E+00, 0.64944E-02
 0.12000E+02, 0.24000E+02, 0.16851E+03, 0.22312E+00, 0.80008E-02
 0.13000E+02, 0.24000E+02, 0.24353E+03, 0.17914E+00, 0.11658E-01
 0.14000E+02, 0.24000E+02, 0.18708E+03, 0.21309E+00, 0.87295E-02
 0.15000E+02, 0.24000E+02, 0.18968E+03, 0.21273E+00, 0.87937E-02
 0.16000E+02, 0.24000E+02, 0.16029E+03, 0.23590E+00, 0.74265E-02
 0.17000E+02, 0.24000E+02, 0.15050E+03, 0.24359E+00, 0.70296E-02
 0.18000E+02, 0.24000E+02, 0.16983E+03, 0.23165E+00, 0.77292E-02
 0.19000E+02, 0.24000E+02, 0.44502E+02, 0.10280E+01, 0.12489E-02
 0.20000E+02, 0.24000E+02, 0.40383E+02, 0.11797E+01, 0.10742E-02
 0.21000E+02, 0.24000E+02, 0.37558E+02, 0.13057E+01, 0.96181E-03
 0.22000E+02, 0.24000E+02, 0.41194E+02, 0.10615E+01, 0.11970E-02
 0.23000E+02, 0.24000E+02, 0.39010E+02, 0.12122E+01, 0.10409E-02
 0.24000E+02, 0.24000E+02, 0.42002E+02, 0.10252E+01, 0.12425E-02
 0.25000E+02, 0.24000E+02, 0.42632E+02, 0.11576E+01, 0.11026E-02
 0.26000E+02, 0.24000E+02, 0.36378E+02, 0.19669E+01, 0.63605E-03
 0.27000E+02, 0.24000E+02, 0.34968E+02, 0.21841E+01, 0.57019E-03
 0.28000E+02, 0.24000E+02, 0.30150E+02, 0.34889E+01, 0.35136E-03
 0.29000E+02, 0.24000E+02, 0.24327E+02, 0.16614E+02, 0.72371E-04
 0.30000E+02, 0.24000E+02, 0.42911E+02, 0.15142E+01, 0.84366E-03
 0.31000E+02, 0.24000E+02, 0.45589E+02, 0.15769E+01, 0.81699E-03
 0.32000E+02, 0.24000E+02, 0.45786E+02, 0.15500E+01, 0.83166E-03
 0.33000E+02, 0.24000E+02, 0.48230E+02, 0.14617E+01, 0.88869E-03
 0.34000E+02, 0.24000E+02, 0.54904E+02, 0.13036E+01, 0.10171E-02
 0.35000E+02, 0.24000E+02, 0.58893E+02, 0.11683E+01, 0.11488E-02
 0.36000E+02, 0.24000E+02, 0.67731E+02, 0.98657E+00, 0.13965E-02
 0.37000E+02, 0.24000E+02, 0.64690E+02, 0.10490E+01, 0.13018E-02
 0.38000E+02, 0.24000E+02, 0.62485E+02, 0.10793E+01, 0.12569E-02
 0.39000E+02, 0.24000E+02, 0.62260E+02, 0.10809E+01, 0.12542E-02
 0.40000E+02, 0.24000E+02, 0.54804E+02, 0.12742E+01, 0.10403E-02
 0.41000E+02, 0.24000E+02, 0.46476E+02, 0.16634E+01, 0.77666E-03
 0.42000E+02, 0.24000E+02, 0.50141E+02, 0.14616E+01, 0.89401E-03
 0.43000E+02, 0.24000E+02, 0.57747E+02, 0.12126E+01, 0.11030E-02
 0.44000E+02, 0.24000E+02, 0.67930E+02, 0.10035E+01, 0.13738E-02
 0.45000E+02, 0.24000E+02, 0.77768E+02, 0.88554E+00, 0.16017E-02
 0.46000E+02, 0.24000E+02, 0.58501E+02, 0.11691E+01, 0.11466E-02
 0.47000E+02, 0.24000E+02, 0.73182E+02, 0.91912E+00, 0.15230E-02
 0.48000E+02, 0.24000E+02, 0.37895E+03, 0.28368E+00, 0.92910E-02
 0.49000E+02, 0.24000E+02, 0.37797E+03, 0.32020E+00, 0.82190E-02
 0.50000E+02, 0.24000E+02, 0.37685E+03, 0.37829E+00, 0.69449E-02
 0.51000E+02, 0.24000E+02, 0.37540E+03, 0.36186E+00, 0.72440E-02
 0.52000E+02, 0.24000E+02, 0.38896E+03, 0.33375E+00, 0.80184E-02
 0.53000E+02, 0.24000E+02, 0.43017E+03, 0.33442E+00, 0.85003E-02
 0.54000E+02, 0.24000E+02, 0.62951E+03, 0.73546E+00, 0.49607E-02
 0.55000E+02, 0.24000E+02, 0.68884E+03, 0.26209E+01, 0.14836E-02
 0.56000E+02, 0.24000E+02, 0.66998E+03, 0.23519E+01, 0.16208E-02
 0.57000E+02, 0.24000E+02, 0.66671E+03, 0.30935E+01, 0.12280E-02
 0.58000E+02, 0.24000E+02, 0.63128E+03, 0.22558E+01, 0.16205E-02
 0.59000E+02, 0.24000E+02, 0.22000E+02, 0.30000E+02, 0.00000E+00
 0.60000E+02, 0.24000E+02, 0.45844E+03, 0.90891E+00, 0.32533E-02
 0.61000E+02, 0.24000E+02, 0.44685E+03, 0.57994E+00, 0.50180E-02
 0.62000E+02, 0.24000E+02, 0.46392E+03, 0.59786E+00, 0.49829E-02
 0.63000E+02, 0.24000E+02, 0.47992E+03, 0.69902E+00, 0.43543E-02
 0.64000E+02, 0.24000E+02, 0.48083E+03, 0.62515E+00, 0.48748E-02
 0.65000E+02, 0.24000E+02, 0.48859E+03, 0.70911E+00, 0.43418E-02
 0.00000E+00, 0.25000E+02, 0.35084E+02, 0.95973E+00, 0.12981E-02
 0.10000E+01, 0.25000E+02, 0.43240E+02, 0.79399E+00, 0.16106E-02
 0.20000E+01, 0.25000E+02, 0.45374E+02, 0.73543E+00, 0.17506E-02
 0.30000E+01, 0.25000E+02, 0.49007E+02, 0.66273E+00, 0.19647E-02
 0.40000E+01, 0.25000E+02, 0.52638E+02, 0.61247E+00, 0.21499E-02
 0.50000E+01, 0.25000E+02, 0.53794E+02, 0.60775E+00, 0.21743E-02
 0.60000E+01, 0.25000E+02, 0.51840E+02, 0.66580E+00, 0.19729E-02
 0.70000E+01, 0.25000E+02, 0.46196E+02, 0.77366E+00, 0.16683E-02
 0.80000E+01, 0.25000E+02, 0.22000E+02, 0.30000E+02, 0.00000E+00
 0.90000E+01, 0.25000E+02, 0.18642E+03, 0.21200E+00, 0.87617E-02
 0.10000E+02, 0.25000E+02, 0.19129E+03, 0.21695E+00, 0.86528E-02
 0.11000E+02, 0.25000E+02, 0.16844E+03, 0.22718E+00, 0.78566E-02
 0.12000E+02, 0.25000E+02, 0.23418E+03, 0.18080E+00, 0.11341E-01
 0.13000E+02, 0.25000E+02, 0.26458E+03, 0.17408E+00, 0.12485E-01
 0.14000E+02, 0.25000E+02, 0.22783E+03, 0.18965E+00, 0.10677E-01
 0.15000E+02, 0.25000E+02, 0.18900E+03, 0.21125E+00, 0.88423E-02
 0.16000E+02, 0.25000E+02, 0.18653E+03, 0.21786E+00, 0.85282E-02
 0.17000E+02, 0.25000E+02, 0.16415E+03, 0.23215E+00, 0.76136E-02
 0.18000E+02, 0.25000E+02, 0.17102E+03, 0.22538E+00, 0.79654E-02
 0.19000E+02, 0.25000E+02, 0.36957E+02, 0.13833E+01, 0.90609E-03
 0.20000E+02, 0.25000E+02, 0.34929E+02, 0.15530E+01, 0.80182E-03
 0.21000E+02, 0.25000E+02, 0.32929E+02, 0.17216E+01, 0.71858E-03
 0.22000E+02, 0.25000E+02, 0.38787E+02, 0.11353E+01, 0.11105E-02
 0.23000E+02, 0.25000E+02, 0.42873E+02, 0.93478E+00, 0.13664E-02
 0.24000E+02, 0.25000E+02, 0.40573E+02, 0.12609E+01, 0.10056E-02
 0.25000E+02, 0.25000E+02, 0.41256E+02, 0.14447E+01, 0.87960E-03
 0.26000E+02, 0.25000E+02, 0.41026E+02, 0.14403E+01, 0.88164E-03
 0.27000E+02, 0.25000E+02, 0.40129E+02, 0.13528E+01, 0.93603E-03
 0.28000E+02, 0.25000E+02, 0.33466E+02, 0.24894E+01, 0.49782E-03
 0.29000E+02, 0.25000E+02, 0.30668E+02, 0.30062E+01, 0.40848E-03
 0.30000E+02, 0.25000E+02, 0.44281E+02, 0.15361E+01, 0.83524E-03
 0.31000E+02, 0.25000E+02, 0.46104E+02, 0.15107E+01, 0.85418E-03
 0.32000E+02, 0.25000E+02, 0.42740E+02, 0.18166E+01, 0.70282E-03
 0.33000E+02, 0.25000E+02, 0.47187E+02, 0.14082E+01, 0.91943E-03
 0.34000E+02, 0.25000E+02, 0.53221E+02, 0.12730E+01, 0.10362E-02
 0.35000E+02, 0.25000E+02, 0.60946E+02, 0.11010E+01, 0.12264E-02
 0.36000E+02, 0.25000E+02, 0.66540E+02, 0.95799E+00, 0.14332E-02
 0.37000E+02, 0.25000E+02, 0.72314E+02, 0.88968E+00, 0.15695E-02
 0.38000E+02, 0.25000E+02, 0.66607E+02, 0.98527E+00, 0.13938E-02
 0.39000E+02, 0.25000E+02, 0.61252E+02, 0.10927E+01, 0.12369E-02
 0.40000E+02, 0.25000E+02, 0.57854E+02, 0.11915E+01, 0.11228E-02
 0.41000E+02, 0.25000E+02, 0.58834E+02, 0.11525E+01, 0.11642E-02
 0.42000E+02, 0.25000E+02, 0.57469E+02, 0.11600E+01, 0.11519E-02
 0.43000E+02, 0.25000E+02, 0.77526E+02, 0.82758E+00, 0.17127E-02
 0.44000E+02, 0.25000E+02, 0.97016E+02, 0.69471E+00, 0.21536E-02
 0.45000E+02, 0.25000E+02, 0.90390E+02, 0.71882E+00, 0.20441E-02
 0.46000E+02, 0.25000E+02, 0.88884E+02, 0.70308E+00, 0.20812E-02
 0.47000E+02, 0.25000E+02, 0.66800E+02, 0.97034E+00, 0.14160E-02
 0.48000E+02, 0.25000E+02, 0.37917E+03, 0.26642E+00, 0.98963E-02
 0.49000E+02, 0.25000E+02, 0.37318E+03, 0.38819E+00, 0.67297E-02
 0.50000E+02, 0.25000E+02, 0.37541E+03, 0.42574E+00, 0.61571E-02
 0.51000E+02, 0.25000E+02, 0.38536E+03, 0.47437E+00, 0.56107E-02
 0.52000E+02, 0.25000E+02, 0.39549E+03, 0.49660E+00, 0.54421E-02
 0.53000E+02, 0.25000E+02, 0.49823E+03, 0.62800E+00, 0.49646E-02
 0.54000E+02, 0.25000E+02, 0.55088E+03, 0.94327E+00, 0.35309E-02
 0.55000E+02, 0.25000E+02, 0.53469E+03, 0.13505E+01, 0.24177E-02
 0.56000E+02, 0.25000E+02, 0.55660E+03, 0.13019E+01, 0.25759E-02
 0.57000E+02, 0.25000E+02, 0.53277E+03, 0.98660E+00, 0.33016E-02
 0.58000E+02, 0.25000E+02, 0.58141E+03, 0.21196E+01, 0.16296E-02
 0.59000E+02, 0.25000E+02, 0.22000E+02, 0.30000E+02, 0.00000E+00
 0.60000E+02, 0.25000E+02, 0.43357E+03, 0.86385E+00, 0.33066E-02
 0.61000E+02, 0.25000E+02, 0.41147E+03, 0.54006E+00, 0.51237E-02
 0.62000E+02, 0.25000E+02, 0.43563E+03, 0.59724E+00, 0.47967E-02
 0.63000E+02, 0.25000E+02, 0.44904E+03, 0.60251E+00, 0.48447E-02
 0.64000E+02, 0.25000E+02, 0.45699E+03, 0.59455E+00, 0.49636E-02
 0.65000E+02, 0.25000E+02, 0.46375E+03, 0.60308E+00, 0.49387E-02
 0.00000E+00, 0.26000E+02, 0.13614E+03, 0.21187E+00, 0.78079E-02
 0.10000E+01, 0.26000E+02, 0.14120E+03, 0.20989E+00, 0.79790E-02
 0.20000E+01, 0.26000E+02, 0.14571E+03, 0.20903E+00, 0.80991E-02
 0.30000E+01, 0.26000E+02, 0.15244E+03, 0.20618E+00, 0.83428E-02
 0.40000E+01, 0.26000E+02, 0.15035E+03, 0.20475E+00, 0.83602E-02
 0.50000E+01, 0.26000E+02, 0.15043E+03, 0.20221E+00, 0.84667E-02
 0.60000E+01, 0.26000E+02, 0.14774E+03, 0.20230E+00, 0.84089E-02
 0.70000E+01, 0.26000E+02, 0.22000E+02, 0.30000E+02, 0.00000E+00
 0.80000E+01, 0.26000E+02, 0.21888E+03, 0.18551E+00, 0.10720E-01
 0.90000E+01, 0.26000E+02, 0.18405E+03, 0.21597E+00, 0.85564E-02
 0.10000E+02, 0.26000E+02, 0.18650E+03, 0.21864E+00, 0.84970E-02
 0.11000E+02, 0.26000E+02, 0.19310E+03, 0.20822E+00, 0.90505E-02
 0.12000E+02, 0.26000E+02, 0.22064E+03, 0.18777E+00, 0.10629E-01
 0.13000E+02, 0.26000E+02, 0.26249E+03, 0.17392E+00, 0.12448E-01
 0.14000E+02, 0.26000E+02, 0.20161E+03, 0.20291E+00, 0.94570E-02
 0.15000E+02, 0.26000E+02, 0.20058E+03, 0.20336E+00, 0.94156E-02
 0.16000E+02, 0.26000E+02, 0.19600E+03, 0.21101E+00, 0.89864E-02
 0.17000E+02, 0.26000E+02, 0.19436E+03, 0.21389E+00, 0.88343E-02
 0.18000E+02, 0.26000E+02, 0.18462E+03, 0.20940E+00, 0.88360E-02
 0.19000E+02, 0.26000E+02, 0.55594E+02, 0.63735E+00, 0.20848E-02
 0.20000E+02, 0.26000E+02, 0.43659E+02, 0.97414E+00, 0.13145E-02
 0.21000E+02, 0.26000E+02, 0.46919E+02, 0.81178E+00, 0.15936E-02
 0.22000E+02, 0.26000E+02, 0.52540E+02, 0.65947E+00, 0.19961E-02
 0.23000E+02, 0.26000E+02, 0.51391E+02, 0.66982E+00, 0.19583E-02
 0.24000E+02, 0.26000E+02, 0.43908E+02, 0.87562E+00, 0.14635E-02
 0.25000E+02, 0.26000E+02, 0.41537E+02, 0.10850E+01, 0.11723E-02
 0.26000E+02, 0.26000E+02, 0.40664E+02, 0.10938E+01, 0.11596E-02
 0.27000E+02, 0.26000E+02, 0.40508E+02, 0.12417E+01, 0.10210E-02
 0.28000E+02, 0.26000E+02, 0.38220E+02, 0.17364E+01, 0.72478E-03
 0.29000E+02, 0.26000E+02, 0.34591E+02, 0.21676E+01, 0.57383E-03
 0.30000E+02, 0.26000E+02, 0.47178E+02, 0.13705E+01, 0.94468E-03
 0.31000E+02, 0.26000E+02, 0.47991E+02, 0.13690E+01, 0.94814E-03
 0.32000E+02, 0.26000E+02, 0.43572E+02, 0.17343E+01, 0.73812E-03
 0.33000E+02, 0.26000E+02, 0.47367E+02, 0.13929E+01, 0.93008E-03
 0.34000E+02, 0.26000E+02, 0.49030E+02, 0.13269E+01, 0.98137E-03
 0.35000E+02, 0.26000E+02, 0.53070E+02, 0.11967E+01, 0.11018E-02
 0.36000E+02, 0.26000E+02, 0.57670E+02, 0.11042E+01, 0.12109E-02
 0.37000E+02, 0.26000E+02, 0.62903E+02, 0.10262E+01, 0.13235E-02
 0.38000E+02, 0.26000E+02, 0.60943E+02, 0.10811E+01, 0.12491E-02
 0.39000E+02, 0.26000E+02, 0.85945E+02, 0.74366E+00, 0.19517E-02
 0.40000E+02, 0.26000E+02, 0.89418E+02, 0.71442E+00, 0.20512E-02
 0.41000E+02, 0.26000E+02, 0.87757E+02, 0.73842E+00, 0.19755E-02
 0.42000E+02, 0.26000E+02, 0.81008E+02, 0.77655E+00, 0.18433E-02
 0.43000E+02, 0.26000E+02, 0.11249E+03, 0.59899E+00, 0.26022E-02
 0.44000E+02, 0.26000E+02, 0.16380E+03, 0.44816E+00, 0.39408E-02
 0.45000E+02, 0.26000E+02, 0.12901E+03, 0.52785E+00, 0.30794E-02
 0.46000E+02, 0.26000E+02, 0.15042E+03, 0.44588E+00, 0.38395E-02
 0.47000E+02, 0.26000E+02, 0.12354E+03, 0.50941E+00, 0.31475E-02
 0.48000E+02, 0.26000E+02, 0.38387E+03, 0.27847E+00, 0.95361E-02
 0.49000E+02, 0.26000E+02, 0.40769E+03, 0.39270E+00, 0.70075E-02
 0.50000E+02, 0.26000E+02, 0.41714E+03, 0.42360E+00, 0.65865E-02
 0.51000E+02, 0.26000E+02, 0.41749E+03, 0.42411E+00, 0.65819E-02
 0.52000E+02, 0.26000E+02, 0.41286E+03, 0.48255E+00, 0.57460E-02
 0.53000E+02, 0.26000E+02, 0.44682E+03, 0.61308E+00, 0.47465E-02
 0.54000E+02, 0.26000E+02, 0.48627E+03, 0.64604E+00, 0.47511E-02
 0.55000E+02, 0.26000E+02, 0.51540E+03, 0.83773E+00, 0.38046E-02
 0.56000E+02, 0.26000E+02, 0.52923E+03, 0.94371E+00, 0.34365E-02
 0.57000E+02, 0.26000E+02, 0.53995E+03, 0.12646E+01, 0.25987E-02
 0.58000E+02, 0.26000E+02, 0.56324E+03, 0.35183E+01, 0.96085E-03
 0.59000E+02, 0.26000E+02, 0.22000E+02, 0.30000E+02, 0.00000E+00
 0.60000E+02, 0.26000E+02, 0.45818E+03, 0.99330E+00, 0.29759E-02
 0.61000E+02, 0.26000E+02, 0.44209E+03, 0.66357E+00, 0.43566E-02
 0.62000E+02, 0.26000E+02, 0.44421E+03, 0.52398E+00, 0.55335E-02
 0.63000E+02, 0.26000E+02, 0.44532E+03, 0.48100E+00, 0.60372E-02
 0.64000E+02, 0.26000E+02, 0.45268E+03, 0.54534E+00, 0.53795E-02
 0.65000E+02, 0.26000E+02, 0.46008E+03, 0.57680E+00, 0.51379E-02
 0.00000E+00, 0.27000E+02, 0.13606E+03, 0.21173E+00, 0.78115E-02
 0.10000E+01, 0.27000E+02, 0.14414E+03, 0.20939E+00, 0.80549E-02
 0.20000E+01, 0.27000E+02, 0.15228E+03, 0.20875E+00, 0.82371E-02
 0.30000E+01, 0.27000E+02, 0.16306E+03, 0.20472E+00, 0.86121E-02
 0.40000E+01, 0.27000E+02, 0.15283E+03, 0.20551E+00, 0.83778E-02
 0.50000E+01, 0.27000E+02, 0.15212E+03, 0.20255E+00, 0.84859E-02
 0.60000E+01, 0.27000E+02, 0.14888E+03, 0.20061E+00, 0.85031E-02
 0.70000E+01, 0.27000E+02, 0.22000E+02, 0.30000E+02, 0.00000E+00
 0.80000E+01, 0.27000E+02, 0.19934E+03, 0.19792E+00, 0.96490E-02
 0.90000E+01, 0.27000E+02, 0.18701E+03, 0.20217E+00, 0.91997E-02
 0.10000E+02, 0.27000E+02, 0.19997E+03, 0.19441E+00, 0.98365E-02
 0.11000E+02, 0.27000E+02, 0.21436E+03, 0.19075E+00, 0.10330E-01
 0.12000E+02, 0.27000E+02, 0.20512E+03, 0.19378E+00, 0.99757E-02
 0.13000E+02, 0.27000E+02, 0.24137E+03, 0.18050E+00, 0.11521E-01
 0.14000E+02, 0.27000E+02, 0.17811E+03, 0.20472E+00, 0.89095E-02
 0.15000E+02, 0.27000E+02, 0.15254E+03, 0.23802E+00, 0.72287E-02
 0.16000E+02, 0.27000E+02, 0.16012E+03, 0.22824E+00, 0.76728E-02
 0.17000E+02, 0.27000E+02, 0.19042E+03, 0.21491E+00, 0.87182E-02
 0.18000E+02, 0.27000E+02, 0.19344E+03, 0.20678E+00, 0.91202E-02
 0.19000E+02, 0.27000E+02, 0.24102E+02, 0.30000E+02, 0.11069E-04
 0.20000E+02, 0.27000E+02, 0.28635E+02, 0.46765E+01, 0.26083E-03
 0.21000E+02, 0.27000E+02, 0.34579E+02, 0.17527E+01, 0.70964E-03
 0.22000E+02, 0.27000E+02, 0.39602E+02, 0.11066E+01, 0.11424E-02
 0.23000E+02, 0.27000E+02, 0.36168E+02, 0.13087E+01, 0.95533E-03
 0.24000E+02, 0.27000E+02, 0.35273E+02, 0.13433E+01, 0.92802E-03
 0.25000E+02, 0.27000E+02, 0.28646E+02, 0.27109E+01, 0.44996E-03
 0.26000E+02, 0.27000E+02, 0.22993E+02, 0.30000E+02, 0.19882E-04
 0.27000E+02, 0.27000E+02, 0.22608E+02, 0.30000E+02, 0.16685E-05
 0.28000E+02, 0.27000E+02, 0.23054E+02, 0.30000E+02, 0.25674E-05
 0.29000E+02, 0.27000E+02, 0.26875E+02, 0.37070E+01, 0.32712E-03
 0.30000E+02, 0.27000E+02, 0.58156E+02, 0.90402E+00, 0.14813E-02
 0.31000E+02, 0.27000E+02, 0.60709E+02, 0.86778E+00, 0.15550E-02
 0.32000E+02, 0.27000E+02, 0.62786E+02, 0.86164E+00, 0.15758E-02
 0.33000E+02, 0.27000E+02, 0.62630E+02, 0.94780E+00, 0.14319E-02
 0.34000E+02, 0.27000E+02, 0.54848E+02, 0.11177E+01, 0.11861E-02
 0.35000E+02, 0.27000E+02, 0.60123E+02, 0.10517E+01, 0.12808E-02
 0.36000E+02, 0.27000E+02, 0.50414E+02, 0.14033E+01, 0.93197E-03
 0.37000E+02, 0.27000E+02, 0.43103E+02, 0.20002E+01, 0.63905E-03
 0.38000E+02, 0.27000E+02, 0.38328E+02, 0.25394E+01, 0.49576E-03
 0.39000E+02, 0.27000E+02, 0.37865E+02, 0.28671E+01, 0.43844E-03
 0.40000E+02, 0.27000E+02, 0.36625E+02, 0.33770E+01, 0.37076E-03
 0.41000E+02, 0.27000E+02, 0.39152E+02, 0.29308E+01, 0.43069E-03
 0.42000E+02, 0.27000E+02, 0.38671E+02, 0.29891E+01, 0.42164E-03
 0.43000E+02, 0.27000E+02, 0.39567E+02, 0.29987E+01, 0.42149E-03
 0.44000E+02, 0.27000E+02, 0.41636E+02, 0.28942E+01, 0.43961E-03
 0.45000E+02, 0.27000E+02, 0.39380E+02, 0.32992E+01, 0.38288E-03
 0.46000E+02, 0.27000E+02, 0.30614E+02, 0.23932E+02, 0.51302E-04
 0.47000E+02, 0.27000E+02, 0.29308E+02, 0.30000E+02, 0.32680E-08
 0.48000E+02, 0.27000E+02, 0.30382E+03, 0.19531E+00, 0.11940E-01
 0.49000E+02, 0.27000E+02, 0.29902E+03, 0.19669E+00, 0.11758E-01
 0.50000E+02, 0.27000E+02, 0.28195E+03, 0.22480E+00, 0.99806E-02
 0.51000E+02, 0.27000E+02, 0.25626E+03, 0.24788E+00, 0.86325E-02
 0.52000E+02, 0.27000E+02, 0.24581E+03, 0.27004E+00, 0.77674E-02
 0.53000E+02, 0.27000E+02, 0.24434E+03, 0.27615E+00, 0.75742E-02
 0.54000E+02, 0.27000E+02, 0.24018E+03, 0.29076E+00, 0.71357E-02
 0.55000E+02, 0.27000E+02, 0.26497E+03, 0.30866E+00, 0.70465E-02
 0.56000E+02, 0.27000E+02, 0.28456E+03, 0.30872E+00, 0.73017E-02
 0.57000E+02, 0.27000E+02, 0.32323E+03, 0.29300E+00, 0.82268E-02
 0.58000E+02, 0.27000E+02, 0.35898E+03, 0.27932E+00, 0.91473E-02
 0.59000E+02, 0.27000E+02, 0.22000E+02, 0.30000E+02, 0.00000E+00
 0.60000E+02, 0.27000E+02, 0.42306E+03, 0.47184E+00, 0.59638E-02
 0.61000E+02, 0.27000E+02, 0.45547E+03, 0.40940E+00, 0.71933E-02
 0.62000E+02, 0.27000E+02, 0.47646E+03, 0.38250E+00, 0.79209E-02
 0.63000E+02, 0.27000E+02, 0.45637E+03, 0.37964E+00, 0.77668E-02
 0.64000E+02, 0.27000E+02, 0.45735E+03, 0.49131E+00, 0.60096E-02
 0.65000E+02, 0.27000E+02, 0.45997E+03, 0.56443E+00, 0.52498E-02
 0.00000E+00, 0.28000E+02, 0.13275E+03, 0.21210E+00, 0.77350E-02
 0.10000E+01, 0.28000E+02, 0.13286E+03, 0.21216E+00, 0.77348E-02
 0.20000E+01, 0.28000E+02, 0.13001E+03, 0.21217E+00, 0.76803E-02
 0.30000E+01, 0.28000E+02, 0.16600E+03, 0.20121E+00, 0.88214E-02
 0.40000E+01, 0.28000E+02, 0.16722E+03, 0.20233E+00, 0.87971E-02
 0.50000E+01, 0.28000E+02, 0.17043E+03, 0.20221E+00, 0.88665E-02
 0.60000E+01, 0.28000E+02, 0.15474E+03, 0.20054E+00, 0.86241E-02
 0.70000E+01, 0.28000E+02, 0.14729E+03, 0.19822E+00, 0.85729E-02
 0.80000E+01, 0.28000E+02, 0.22000E+02, 0.30000E+02, 0.00000E+00
 0.90000E+01, 0.28000E+02, 0.18465E+03, 0.17868E+00, 0.10356E-01
 0.10000E+02, 0.28000E+02, 0.19535E+03, 0.19326E+00, 0.97982E-02
 0.11000E+02, 0.28000E+02, 0.21235E+03, 0.18930E+00, 0.10366E-01
 0.12000E+02, 0.28000E+02, 0.21402E+03, 0.18833E+00, 0.10455E-01
 0.13000E+02, 0.28000E+02, 0.19368E+03, 0.19438E+00, 0.97069E-02
 0.14000E+02, 0.28000E+02, 0.17867E+03, 0.19915E+00, 0.91698E-02
 0.15000E+02, 0.28000E+02, 0.16249E+03, 0.23001E+00, 0.76552E-02
 0.16000E+02, 0.28000E+02, 0.16561E+03, 0.22403E+00, 0.79158E-02
 0.17000E+02, 0.28000E+02, 0.18746E+03, 0.21299E+00, 0.87406E-02
 0.18000E+02, 0.28000E+02, 0.19122E+03, 0.20617E+00, 0.91040E-02
 0.19000E+02, 0.28000E+02, 0.24052E+02, 0.21497E+02, 0.55880E-04
 0.20000E+02, 0.28000E+02, 0.26323E+02, 0.58526E+01, 0.20682E-03
 0.21000E+02, 0.28000E+02, 0.27538E+02, 0.39702E+01, 0.30611E-03
 0.22000E+02, 0.28000E+02, 0.29207E+02, 0.26137E+01, 0.46757E-03
 0.23000E+02, 0.28000E+02, 0.33819E+02, 0.15606E+01, 0.79502E-03
 0.24000E+02, 0.28000E+02, 0.35940E+02, 0.13489E+01, 0.92616E-03
 0.25000E+02, 0.28000E+02, 0.32695E+02, 0.17591E+01, 0.70271E-03
 0.26000E+02, 0.28000E+02, 0.30397E+02, 0.22406E+01, 0.54756E-03
 0.27000E+02, 0.28000E+02, 0.31761E+02, 0.19336E+01, 0.63735E-03
 0.28000E+02, 0.28000E+02, 0.35332E+02, 0.13392E+01, 0.93105E-03
 0.29000E+02, 0.28000E+02, 0.45496E+02, 0.75480E+00, 0.17063E-02
 0.30000E+02, 0.28000E+02, 0.56973E+02, 0.99802E+00, 0.13369E-02
 0.31000E+02, 0.28000E+02, 0.59816E+02, 0.95916E+00, 0.14031E-02
 0.32000E+02, 0.28000E+02, 0.58225E+02, 0.10700E+01, 0.12518E-02
 0.33000E+02, 0.28000E+02, 0.60219E+02, 0.10513E+01, 0.12816E-02
 0.34000E+02, 0.28000E+02, 0.63654E+02, 0.10267E+01, 0.13259E-02
 0.35000E+02, 0.28000E+02, 0.59557E+02, 0.11436E+01, 0.11758E-02
 0.36000E+02, 0.28000E+02, 0.50884E+02, 0.14800E+01, 0.88491E-03
 0.37000E+02, 0.28000E+02, 0.39112E+02, 0.24270E+01, 0.52003E-03
 0.38000E+02, 0.28000E+02, 0.33517E+02, 0.33177E+01, 0.37360E-03
 0.39000E+02, 0.28000E+02, 0.33442E+02, 0.33897E+01, 0.36557E-03
 0.40000E+02, 0.28000E+02, 0.31933E+02, 0.36859E+01, 0.33455E-03
 0.41000E+02, 0.28000E+02, 0.33718E+02, 0.39614E+01, 0.31310E-03
 0.42000E+02, 0.28000E+02, 0.33065E+02, 0.46180E+01, 0.26801E-03
 0.43000E+02, 0.28000E+02, 0.31330E+02, 0.68174E+01, 0.18052E-03
 0.44000E+02, 0.28000E+02, 0.33571E+02, 0.48239E+01, 0.25699E-03
 0.45000E+02, 0.28000E+02, 0.32087E+02, 0.65009E+01, 0.18978E-03
 0.46000E+02, 0.28000E+02, 0.26488E+02, 0.30000E+02, 0.16511E-05
 0.47000E+02, 0.28000E+02, 0.26515E+02, 0.30000E+02, 0.31586E-06
 0.48000E+02, 0.28000E+02, 0.25289E+03, 0.21849E+00, 0.97311E-02
 0.49000E+02, 0.28000E+02, 0.24822E+03, 0.21503E+00, 0.97998E-02
 0.50000E+02, 0.28000E+02, 0.25693E+03, 0.23608E+00, 0.90753E-02
 0.51000E+02, 0.28000E+02, 0.24651E+03, 0.27185E+00, 0.77263E-02
 0.52000E+02, 0.28000E+02, 0.25338E+03, 0.28631E+00, 0.74330E-02
 0.53000E+02, 0.28000E+02, 0.25872E+03, 0.28743E+00, 0.74791E-02
 0.54000E+02, 0.28000E+02, 0.24769E+03, 0.31463E+00, 0.66908E-02
 0.55000E+02, 0.28000E+02, 0.24288E+03, 0.32797E+00, 0.63595E-02
 0.56000E+02, 0.28000E+02, 0.24838E+03, 0.34017E+00, 0.61968E-02
 0.57000E+02, 0.28000E+02, 0.23661E+03, 0.34994E+00, 0.58878E-02
 0.58000E+02, 0.28000E+02, 0.33931E+03, 0.33068E+00, 0.74860E-02
 0.59000E+02, 0.28000E+02, 0.22000E+02, 0.30000E+02, 0.00000E+00
 0.60000E+02, 0.28000E+02, 0.45809E+03, 0.70777E+00, 0.41759E-02
 0.61000E+02, 0.28000E+02, 0.46781E+03, 0.68155E+00, 0.43942E-02
 0.62000E+02, 0.28000E+02, 0.52645E+03, 0.28171E+00, 0.11472E-01
 0.63000E+02, 0.28000E+02, 0.50605E+03, 0.25310E+00, 0.12443E-01
 0.64000E+02, 0.28000E+02, 0.45621E+03, 0.45860E+00, 0.64282E-02
 0.65000E+02, 0.28000E+02, 0.45657E+03, 0.60133E+00, 0.49048E-02
 0.00000E+00, 0.29000E+02, 0.22000E+02, 0.30000E+02, 0.00000E+00
 0.10000E+01, 0.29000E+02, 0.22000E+02, 0.30000E+02, 0.00000E+00
 0.20000E+01, 0.29000E+02, 0.22000E+02, 0.30000E+02, 0.00000E+00
 0.30000E+01, 0.29000E+02, 0.22000E+02, 0.30000E+02, 0.00000E+00
 0.40000E+01, 0.29000E+02, 0.22000E+02, 0.30000E+02, 0.00000E+00
 0.50000E+01, 0.29000E+02, 0.22000E+02, 0.30000E+02, 0.00000E+00
 0.60000E+01, 0.29000E+02, 0.22000E+02, 0.30000E+02, 0.00000E+00
 0.70000E+01, 0.29000E+02, 0.22000E+02, 0.30000E+02, 0.00000E+00
 0.80000E+01, 0.29000E+02, 0.22000E+02, 0.30000E+02, 0.00000E+00
 0.90000E+01, 0.29000E+02, 0.17635E+03, 0.16709E+00, 0.10873E-01
 0.10000E+02, 0.29000E+02, 0.18801E+03, 0.18204E+00, 0.10239E-01
 0.11000E+02, 0.29000E+02, 0.20894E+03, 0.18865E+00, 0.10329E-01
 0.12000E+02, 0.29000E+02, 0.22020E+03, 0.18570E+00, 0.10738E-01
 0.13000E+02, 0.29000E+02, 0.20473E+03, 0.19095E+00, 0.10115E-01
 0.14000E+02, 0.29000E+02, 0.18164E+03, 0.19680E+00, 0.93404E-02
 0.15000E+02, 0.29000E+02, 0.17401E+03, 0.21646E+00, 0.83496E-02
 0.16000E+02, 0.29000E+02, 0.17834E+03, 0.21143E+00, 0.86312E-02
 0.17000E+02, 0.29000E+02, 0.18325E+03, 0.20809E+00, 0.88650E-02
 0.18000E+02, 0.29000E+02, 0.18478E+03, 0.20632E+00, 0.89709E-02
 0.19000E+02, 0.29000E+02, 0.28997E+02, 0.31203E+01, 0.39138E-03
 0.20000E+02, 0.29000E+02, 0.26257E+02, 0.48432E+01, 0.24986E-03
 0.21000E+02, 0.29000E+02, 0.28016E+02, 0.31610E+01, 0.38509E-03
 0.22000E+02, 0.29000E+02, 0.31722E+02, 0.19431E+01, 0.63417E-03
 0.23000E+02, 0.29000E+02, 0.33982E+02, 0.16632E+01, 0.74636E-03
 0.24000E+02, 0.29000E+02, 0.32363E+02, 0.19766E+01, 0.62473E-03
 0.25000E+02, 0.29000E+02, 0.34122E+02, 0.15997E+01, 0.77637E-03
 0.26000E+02, 0.29000E+02, 0.35135E+02, 0.14611E+01, 0.85278E-03
 0.27000E+02, 0.29000E+02, 0.38188E+02, 0.11718E+01, 0.10739E-02
 0.28000E+02, 0.29000E+02, 0.42888E+02, 0.88407E+00, 0.14449E-02
 0.29000E+02, 0.29000E+02, 0.47792E+02, 0.69825E+00, 0.18578E-02
 0.30000E+02, 0.29000E+02, 0.46865E+02, 0.14233E+01, 0.90879E-03
 0.31000E+02, 0.29000E+02, 0.41578E+02, 0.17780E+01, 0.71545E-03
 0.32000E+02, 0.29000E+02, 0.43598E+02, 0.16461E+01, 0.77772E-03
 0.33000E+02, 0.29000E+02, 0.58656E+02, 0.10854E+01, 0.12355E-02
 0.34000E+02, 0.29000E+02, 0.59145E+02, 0.11283E+01, 0.11904E-02
 0.35000E+02, 0.29000E+02, 0.47764E+02, 0.15196E+01, 0.85355E-03
 0.36000E+02, 0.29000E+02, 0.43009E+02, 0.19563E+01, 0.65319E-03
 0.37000E+02, 0.29000E+02, 0.36603E+02, 0.26962E+01, 0.46434E-03
 0.38000E+02, 0.29000E+02, 0.30028E+02, 0.39145E+01, 0.31304E-03
 0.39000E+02, 0.29000E+02, 0.30674E+02, 0.39366E+01, 0.31194E-03
 0.40000E+02, 0.29000E+02, 0.30946E+02, 0.42546E+01, 0.28889E-03
 0.41000E+02, 0.29000E+02, 0.30717E+02, 0.60531E+01, 0.20290E-03
 0.42000E+02, 0.29000E+02, 0.28966E+02, 0.14606E+02, 0.83604E-04
 0.43000E+02, 0.29000E+02, 0.27868E+02, 0.25184E+02, 0.48310E-04
 0.44000E+02, 0.29000E+02, 0.30108E+02, 0.99151E+01, 0.12362E-03
 0.45000E+02, 0.29000E+02, 0.32149E+02, 0.67917E+01, 0.18169E-03
 0.46000E+02, 0.29000E+02, 0.30877E+02, 0.96058E+01, 0.12792E-03
 0.47000E+02, 0.29000E+02, 0.32546E+02, 0.80934E+01, 0.15266E-03
 0.48000E+02, 0.29000E+02, 0.22290E+03, 0.25749E+00, 0.77866E-02
 0.49000E+02, 0.29000E+02, 0.23077E+03, 0.23651E+00, 0.86118E-02
 0.50000E+02, 0.29000E+02, 0.24207E+03, 0.25708E+00, 0.81001E-02
 0.51000E+02, 0.29000E+02, 0.24752E+03, 0.30247E+00, 0.69576E-02
 0.52000E+02, 0.29000E+02, 0.24953E+03, 0.31047E+00, 0.68045E-02
 0.53000E+02, 0.29000E+02, 0.24104E+03, 0.32532E+00, 0.63884E-02
 0.54000E+02, 0.29000E+02, 0.23604E+03, 0.34886E+00, 0.58993E-02
 0.55000E+02, 0.29000E+02, 0.23433E+03, 0.36255E+00, 0.56575E-02
 0.56000E+02, 0.29000E+02, 0.22567E+03, 0.37599E+00, 0.53622E-02
 0.57000E+02, 0.29000E+02, 0.21903E+03, 0.38432E+00, 0.51762E-02
 0.58000E+02, 0.29000E+02, 0.31608E+03, 0.34406E+00, 0.69221E-02
 0.59000E+02, 0.29000E+02, 0.22000E+02, 0.30000E+02, 0.00000E+00
 0.60000E+02, 0.29000E+02, 0.50743E+03, 0.69199E+00, 0.45593E-02
 0.61000E+02, 0.29000E+02, 0.54667E+03, 0.38508E+00, 0.86050E-02
 0.62000E+02, 0.29000E+02, 0.54680E+03, 0.42237E+00, 0.78465E-02
 0.63000E+02, 0.29000E+02, 0.48850E+03, 0.47712E+00, 0.64522E-02
 0.64000E+02, 0.29000E+02, 0.46628E+03, 0.43642E+00, 0.68480E-02
 0.65000E+02, 0.29000E+02, 0.45435E+03, 0.59516E+00, 0.49406E-02
 0.00000E+00, 0.30000E+02, 0.88824E+02, 0.30000E+00, 0.48767E-02
 0.10000E+01, 0.30000E+02, 0.80880E+02, 0.32626E+00, 0.43859E-02
 0.20000E+01, 0.30000E+02, 0.91268E+02, 0.28611E+00, 0.51481E-02
 0.30000E+01, 0.30000E+02, 0.79576E+02, 0.32879E+00, 0.43361E-02
 0.40000E+01, 0.30000E+02, 0.62583E+02, 0.43932E+00, 0.30888E-02
 0.50000E+01, 0.30000E+02, 0.59969E+02, 0.43092E+00, 0.31245E-02
 0.60000E+01, 0.30000E+02, 0.10759E+03, 0.26496E+00, 0.58079E-02
 0.70000E+01, 0.30000E+02, 0.11650E+03, 0.25665E+00, 0.61363E-02
 0.80000E+01, 0.30000E+02, 0.23125E+03, 0.13137E+00, 0.15519E-01
 0.90000E+01, 0.30000E+02, 0.17291E+03, 0.17226E+00, 0.10466E-01
 0.10000E+02, 0.30000E+02, 0.17047E+03, 0.17369E+00, 0.10323E-01
 0.11000E+02, 0.30000E+02, 0.19505E+03, 0.18720E+00, 0.10109E-01
 0.12000E+02, 0.30000E+02, 0.20747E+03, 0.19294E+00, 0.10068E-01
 0.13000E+02, 0.30000E+02, 0.21489E+03, 0.19089E+00, 0.10333E-01
 0.14000E+02, 0.30000E+02, 0.18489E+03, 0.19891E+00, 0.93072E-02
 0.15000E+02, 0.30000E+02, 0.18606E+03, 0.20164E+00, 0.92047E-02
 0.16000E+02, 0.30000E+02, 0.19035E+03, 0.20163E+00, 0.92912E-02
 0.17000E+02, 0.30000E+02, 0.19043E+03, 0.20243E+00, 0.92560E-02
 0.18000E+02, 0.30000E+02, 0.17704E+03, 0.20611E+00, 0.88282E-02
 0.19000E+02, 0.30000E+02, 0.58785E+02, 0.61603E+00, 0.21779E-02
 0.20000E+02, 0.30000E+02, 0.32071E+02, 0.19972E+01, 0.61770E-03
 0.21000E+02, 0.30000E+02, 0.31178E+02, 0.21251E+01, 0.57882E-03
 0.22000E+02, 0.30000E+02, 0.29817E+02, 0.30002E+01, 0.40815E-03
 0.23000E+02, 0.30000E+02, 0.29629E+02, 0.30811E+01, 0.39719E-03
 0.24000E+02, 0.30000E+02, 0.31161E+02, 0.23183E+01, 0.53055E-03
 0.25000E+02, 0.30000E+02, 0.34967E+02, 0.15924E+01, 0.78208E-03
 0.26000E+02, 0.30000E+02, 0.36058E+02, 0.15703E+01, 0.79590E-03
 0.27000E+02, 0.30000E+02, 0.36687E+02, 0.14525E+01, 0.86218E-03
 0.28000E+02, 0.30000E+02, 0.45118E+02, 0.81865E+00, 0.15714E-02
 0.29000E+02, 0.30000E+02, 0.51943E+02, 0.59253E+00, 0.22175E-02
 0.30000E+02, 0.30000E+02, 0.42344E+02, 0.16668E+01, 0.76505E-03
 0.31000E+02, 0.30000E+02, 0.43015E+02, 0.16422E+01, 0.77816E-03
 0.32000E+02, 0.30000E+02, 0.46766E+02, 0.14416E+01, 0.89695E-03
 0.33000E+02, 0.30000E+02, 0.61788E+02, 0.10743E+01, 0.12602E-02
 0.34000E+02, 0.30000E+02, 0.52157E+02, 0.13552E+01, 0.97025E-03
 0.35000E+02, 0.30000E+02, 0.47481E+02, 0.15911E+01, 0.81447E-03
 0.36000E+02, 0.30000E+02, 0.37754E+02, 0.25123E+01, 0.50019E-03
 0.37000E+02, 0.30000E+02, 0.30285E+02, 0.38686E+01, 0.31702E-03
 0.38000E+02, 0.30000E+02, 0.30023E+02, 0.42311E+01, 0.28961E-03
 0.39000E+02, 0.30000E+02, 0.30607E+02, 0.46023E+01, 0.26676E-03
 0.40000E+02, 0.30000E+02, 0.30353E+02, 0.58169E+01, 0.21089E-03
 0.41000E+02, 0.30000E+02, 0.30823E+02, 0.78494E+01, 0.15652E-03
 0.42000E+02, 0.30000E+02, 0.28862E+02, 0.12437E+02, 0.98151E-04
 0.43000E+02, 0.30000E+02, 0.27036E+02, 0.22234E+02, 0.54569E-04
 0.44000E+02, 0.30000E+02, 0.28690E+02, 0.14288E+02, 0.85384E-04
 0.45000E+02, 0.30000E+02, 0.30238E+02, 0.12748E+02, 0.96189E-04
 0.46000E+02, 0.30000E+02, 0.32024E+02, 0.97100E+01, 0.12703E-03
 0.47000E+02, 0.30000E+02, 0.35319E+02, 0.49114E+01, 0.25386E-03
 0.48000E+02, 0.30000E+02, 0.23532E+03, 0.31278E+00, 0.65705E-02
 0.49000E+02, 0.30000E+02, 0.22470E+03, 0.29199E+00, 0.68913E-02
 0.50000E+02, 0.30000E+02, 0.23990E+03, 0.31198E+00, 0.66469E-02
 0.51000E+02, 0.30000E+02, 0.23408E+03, 0.33184E+00, 0.61780E-02
 0.52000E+02, 0.30000E+02, 0.23122E+03, 0.33266E+00, 0.61281E-02
 0.53000E+02, 0.30000E+02, 0.25361E+03, 0.30198E+00, 0.70502E-02
 0.54000E+02, 0.30000E+02, 0.25182E+03, 0.32174E+00, 0.65948E-02
 0.55000E+02, 0.30000E+02, 0.24422E+03, 0.35409E+00, 0.59055E-02
 0.56000E+02, 0.30000E+02, 0.24869E+03, 0.35643E+00, 0.59176E-02
 0.57000E+02, 0.30000E+02, 0.22754E+03, 0.39755E+00, 0.50904E-02
 0.58000E+02, 0.30000E+02, 0.30984E+03, 0.36283E+00, 0.64942E-02
 0.59000E+02, 0.30000E+02, 0.22000E+02, 0.30000E+02, 0.00000E+00
 0.60000E+02, 0.30000E+02, 0.76060E+03, 0.44254E+00, 0.94415E-02
 0.61000E+02, 0.30000E+02, 0.70375E+03, 0.45632E+00, 0.86528E-02
 0.62000E+02, 0.30000E+02, 0.67118E+03, 0.41238E+00, 0.92555E-02
 0.63000E+02, 0.30000E+02, 0.50895E+03, 0.42528E+00, 0.74331E-02
 0.64000E+02, 0.30000E+02, 0.50252E+03, 0.31815E+00, 0.98541E-02
 0.65000E+02, 0.30000E+02, 0.48580E+03, 0.34851E+00, 0.88020E-02
 0.00000E+00, 0.31000E+02, 0.37308E+02, 0.10869E+01, 0.11545E-02
 0.10000E+01, 0.31000E+02, 0.10360E+03, 0.25828E+00, 0.58958E-02
 0.20000E+01, 0.31000E+02, 0.91763E+02, 0.28487E+00, 0.51775E-02
 0.30000E+01, 0.31000E+02, 0.83958E+02, 0.31047E+00, 0.46490E-02
 0.40000E+01, 0.31000E+02, 0.71184E+02, 0.36842E+00, 0.37775E-02
 0.50000E+01, 0.31000E+02, 0.74716E+02, 0.32810E+00, 0.42853E-02
 0.60000E+01, 0.31000E+02, 0.10984E+03, 0.26547E+00, 0.58312E-02
 0.70000E+01, 0.31000E+02, 0.11968E+03, 0.24567E+00, 0.64628E-02
 0.80000E+01, 0.31000E+02, 0.23048E+03, 0.13632E+00, 0.14932E-01
 0.90000E+01, 0.31000E+02, 0.18418E+03, 0.16842E+00, 0.10975E-01
 0.10000E+02, 0.31000E+02, 0.17792E+03, 0.17406E+00, 0.10474E-01
 0.11000E+02, 0.31000E+02, 0.17680E+03, 0.17499E+00, 0.10393E-01
 0.12000E+02, 0.31000E+02, 0.16886E+03, 0.16701E+00, 0.10697E-01
 0.13000E+02, 0.31000E+02, 0.21627E+03, 0.19098E+00, 0.10358E-01
 0.14000E+02, 0.31000E+02, 0.19567E+03, 0.19662E+00, 0.96375E-02
 0.15000E+02, 0.31000E+02, 0.19148E+03, 0.19366E+00, 0.96971E-02
 0.16000E+02, 0.31000E+02, 0.19086E+03, 0.19695E+00, 0.95222E-02
 0.17000E+02, 0.31000E+02, 0.18823E+03, 0.19877E+00, 0.93816E-02
 0.18000E+02, 0.31000E+02, 0.16654E+03, 0.19946E+00, 0.89097E-02
 0.19000E+02, 0.31000E+02, 0.86547E+02, 0.37262E+00, 0.39016E-02
 0.20000E+02, 0.31000E+02, 0.34305E+02, 0.17328E+01, 0.71715E-03
 0.21000E+02, 0.31000E+02, 0.31082E+02, 0.24662E+01, 0.49860E-03
 0.22000E+02, 0.31000E+02, 0.28972E+02, 0.37082E+01, 0.32930E-03
 0.23000E+02, 0.31000E+02, 0.33868E+02, 0.18599E+01, 0.66720E-03
 0.24000E+02, 0.31000E+02, 0.32927E+02, 0.19355E+01, 0.63916E-03
 0.25000E+02, 0.31000E+02, 0.29521E+02, 0.36953E+01, 0.33105E-03
 0.26000E+02, 0.31000E+02, 0.30816E+02, 0.33053E+01, 0.37170E-03
 0.27000E+02, 0.31000E+02, 0.36589E+02, 0.14727E+01, 0.85007E-03
 0.28000E+02, 0.31000E+02, 0.50223E+02, 0.67119E+00, 0.19473E-02
 0.29000E+02, 0.31000E+02, 0.56114E+02, 0.52638E+00, 0.25283E-02
 0.30000E+02, 0.31000E+02, 0.40985E+02, 0.17847E+01, 0.71144E-03
 0.31000E+02, 0.31000E+02, 0.45996E+02, 0.14492E+01, 0.89009E-03
 0.32000E+02, 0.31000E+02, 0.74161E+02, 0.80159E+00, 0.17512E-02
 0.33000E+02, 0.31000E+02, 0.61718E+02, 0.10798E+01, 0.12534E-02
 0.34000E+02, 0.31000E+02, 0.40677E+02, 0.20646E+01, 0.61439E-03
 0.35000E+02, 0.31000E+02, 0.40714E+02, 0.21452E+01, 0.59137E-03
 0.36000E+02, 0.31000E+02, 0.36109E+02, 0.30009E+01, 0.41654E-03
 0.37000E+02, 0.31000E+02, 0.30703E+02, 0.46677E+01, 0.26311E-03
 0.38000E+02, 0.31000E+02, 0.30033E+02, 0.52593E+01, 0.23300E-03
 0.39000E+02, 0.31000E+02, 0.29535E+02, 0.66220E+01, 0.18475E-03
 0.40000E+02, 0.31000E+02, 0.29364E+02, 0.88116E+01, 0.13876E-03
 0.41000E+02, 0.31000E+02, 0.29685E+02, 0.10133E+02, 0.12079E-03
 0.42000E+02, 0.31000E+02, 0.28078E+02, 0.12184E+02, 0.99925E-04
 0.43000E+02, 0.31000E+02, 0.27766E+02, 0.14144E+02, 0.85988E-04
 0.44000E+02, 0.31000E+02, 0.29777E+02, 0.10497E+02, 0.11665E-03
 0.45000E+02, 0.31000E+02, 0.30729E+02, 0.11546E+02, 0.10638E-03
 0.46000E+02, 0.31000E+02, 0.32256E+02, 0.13588E+02, 0.90842E-04
 0.47000E+02, 0.31000E+02, 0.34984E+02, 0.74548E+01, 0.16706E-03
 0.48000E+02, 0.31000E+02, 0.25137E+03, 0.28793E+00, 0.73630E-02
 0.49000E+02, 0.31000E+02, 0.22875E+03, 0.32406E+00, 0.62599E-02
 0.50000E+02, 0.31000E+02, 0.22374E+03, 0.33951E+00, 0.59154E-02
 0.51000E+02, 0.31000E+02, 0.22234E+03, 0.35248E+00, 0.56817E-02
 0.52000E+02, 0.31000E+02, 0.22538E+03, 0.35039E+00, 0.57506E-02
 0.53000E+02, 0.31000E+02, 0.22098E+03, 0.35263E+00, 0.56636E-02
 0.54000E+02, 0.31000E+02, 0.24994E+03, 0.31262E+00, 0.67629E-02
 0.55000E+02, 0.31000E+02, 0.25461E+03, 0.29992E+00, 0.71122E-02
 0.56000E+02, 0.31000E+02, 0.27430E+03, 0.29860E+00, 0.74103E-02
 0.57000E+02, 0.31000E+02, 0.27224E+03, 0.35691E+00, 0.61762E-02
 0.58000E+02, 0.31000E+02, 0.27807E+03, 0.37910E+00, 0.58769E-02
 0.59000E+02, 0.31000E+02, 0.22000E+02, 0.30000E+02, 0.00000E+00
 0.60000E+02, 0.31000E+02, 0.10327E+04, 0.20230E+00, 0.26090E-01
 0.61000E+02, 0.31000E+02, 0.75753E+03, 0.30331E+00, 0.13735E-01
 0.62000E+02, 0.31000E+02, 0.57584E+03, 0.40032E+00, 0.85717E-02
 0.63000E+02, 0.31000E+02, 0.52826E+03, 0.37213E+00, 0.87043E-02
 0.64000E+02, 0.31000E+02, 0.48182E+03, 0.43663E+00, 0.69888E-02
 0.65000E+02, 0.31000E+02, 0.47345E+03, 0.38978E+00, 0.77419E-02
 0.00000E+00, 0.32000E+02, 0.33132E+02, 0.14584E+01, 0.84883E-03
 0.10000E+01, 0.32000E+02, 0.93932E+02, 0.28180E+00, 0.52650E-02
 0.20000E+01, 0.32000E+02, 0.10365E+03, 0.25408E+00, 0.59941E-02
 0.30000E+01, 0.32000E+02, 0.80505E+02, 0.32211E+00, 0.44377E-02
 0.40000E+01, 0.32000E+02, 0.71954E+02, 0.36592E+00, 0.38119E-02
 0.50000E+01, 0.32000E+02, 0.77468E+02, 0.31748E+00, 0.44636E-02
 0.60000E+01, 0.32000E+02, 0.11243E+03, 0.26460E+00, 0.58899E-02
 0.70000E+01, 0.32000E+02, 0.12260E+03, 0.24339E+00, 0.65720E-02
 0.80000E+01, 0.32000E+02, 0.22069E+03, 0.14257E+00, 0.14000E-01
 0.90000E+01, 0.32000E+02, 0.19877E+03, 0.16290E+00, 0.11710E-01
 0.10000E+02, 0.32000E+02, 0.18353E+03, 0.17050E+00, 0.10826E-01
 0.11000E+02, 0.32000E+02, 0.17469E+03, 0.17568E+00, 0.10303E-01
 0.12000E+02, 0.32000E+02, 0.17350E+03, 0.16943E+00, 0.10655E-01
 0.13000E+02, 0.32000E+02, 0.20163E+03, 0.18485E+00, 0.10381E-01
 0.14000E+02, 0.32000E+02, 0.19212E+03, 0.19249E+00, 0.97697E-02
 0.15000E+02, 0.32000E+02, 0.18324E+03, 0.19159E+00, 0.96282E-02
 0.16000E+02, 0.32000E+02, 0.18175E+03, 0.19287E+00, 0.95330E-02
 0.17000E+02, 0.32000E+02, 0.17736E+03, 0.19522E+00, 0.93272E-02
 0.18000E+02, 0.32000E+02, 0.16286E+03, 0.18791E+00, 0.93784E-02
 0.19000E+02, 0.32000E+02, 0.11172E+03, 0.27850E+00, 0.55855E-02
 0.20000E+02, 0.32000E+02, 0.47570E+02, 0.83669E+00, 0.15493E-02
 0.21000E+02, 0.32000E+02, 0.35590E+02, 0.15757E+01, 0.79197E-03
 0.22000E+02, 0.32000E+02, 0.34517E+02, 0.17764E+01, 0.70004E-03
 0.23000E+02, 0.32000E+02, 0.36608E+02, 0.15397E+01, 0.81315E-03
 0.24000E+02, 0.32000E+02, 0.36348E+02, 0.15453E+01, 0.80952E-03
 0.25000E+02, 0.32000E+02, 0.38905E+02, 0.11934E+01, 0.10569E-02
 0.26000E+02, 0.32000E+02, 0.29780E+02, 0.33729E+01, 0.36301E-03
 0.27000E+02, 0.32000E+02, 0.40764E+02, 0.11026E+01, 0.11508E-02
 0.28000E+02, 0.32000E+02, 0.55377E+02, 0.57186E+00, 0.23220E-02
 0.29000E+02, 0.32000E+02, 0.59826E+02, 0.47592E+00, 0.28278E-02
 0.30000E+02, 0.32000E+02, 0.37495E+02, 0.22738E+01, 0.55220E-03
 0.31000E+02, 0.32000E+02, 0.45279E+02, 0.15506E+01, 0.83001E-03
 0.32000E+02, 0.32000E+02, 0.73547E+02, 0.81220E+00, 0.17253E-02
 0.33000E+02, 0.32000E+02, 0.71711E+02, 0.87604E+00, 0.15911E-02
 0.34000E+02, 0.32000E+02, 0.35057E+02, 0.30905E+01, 0.40309E-03
 0.35000E+02, 0.32000E+02, 0.38888E+02, 0.25024E+01, 0.50399E-03
 0.36000E+02, 0.32000E+02, 0.44658E+02, 0.23076E+01, 0.55666E-03
 0.37000E+02, 0.32000E+02, 0.50156E+02, 0.21379E+01, 0.61123E-03
 0.38000E+02, 0.32000E+02, 0.30925E+02, 0.68763E+01, 0.17873E-03
 0.39000E+02, 0.32000E+02, 0.28848E+02, 0.10019E+02, 0.12184E-03
 0.40000E+02, 0.32000E+02, 0.28400E+02, 0.10758E+02, 0.11330E-03
 0.41000E+02, 0.32000E+02, 0.28079E+02, 0.10994E+02, 0.11074E-03
 0.42000E+02, 0.32000E+02, 0.28824E+02, 0.10012E+02, 0.12190E-03
 0.43000E+02, 0.32000E+02, 0.33119E+02, 0.63557E+01, 0.19477E-03
 0.44000E+02, 0.32000E+02, 0.34171E+02, 0.62384E+01, 0.19911E-03
 0.45000E+02, 0.32000E+02, 0.31765E+02, 0.99135E+01, 0.12432E-03
 0.46000E+02, 0.32000E+02, 0.30495E+02, 0.22344E+02, 0.54926E-04
 0.47000E+02, 0.32000E+02, 0.33808E+02, 0.15896E+02, 0.78051E-04
 0.48000E+02, 0.32000E+02, 0.25270E+03, 0.32406E+00, 0.65586E-02
 0.49000E+02, 0.32000E+02, 0.24409E+03, 0.36096E+00, 0.57918E-02
 0.50000E+02, 0.32000E+02, 0.23866E+03, 0.36190E+00, 0.57161E-02
 0.51000E+02, 0.32000E+02, 0.22263E+03, 0.35579E+00, 0.56321E-02
 0.52000E+02, 0.32000E+02, 0.21162E+03, 0.37003E+00, 0.52951E-02
 0.53000E+02, 0.32000E+02, 0.22588E+03, 0.32562E+00, 0.61944E-02
 0.54000E+02, 0.32000E+02, 0.23856E+03, 0.31019E+00, 0.66676E-02
 0.55000E+02, 0.32000E+02, 0.25790E+03, 0.29600E+00, 0.72515E-02
 0.56000E+02, 0.32000E+02, 0.28388E+03, 0.32777E+00, 0.68689E-02
 0.57000E+02, 0.32000E+02, 0.28524E+03, 0.33865E+00, 0.66645E-02
 0.58000E+02, 0.32000E+02, 0.26685E+03, 0.40458E+00, 0.53948E-02
 0.59000E+02, 0.32000E+02, 0.22000E+02, 0.30000E+02, 0.00000E+00
 0.60000E+02, 0.32000E+02, 0.78611E+03, 0.34689E+00, 0.12342E-01
 0.61000E+02, 0.32000E+02, 0.54987E+03, 0.62016E+00, 0.53640E-02
 0.62000E+02, 0.32000E+02, 0.52944E+03, 0.44900E+00, 0.72247E-02
 0.63000E+02, 0.32000E+02, 0.56457E+03, 0.28385E+00, 0.11929E-01
 0.64000E+02, 0.32000E+02, 0.50273E+03, 0.43270E+00, 0.72474E-02
 0.65000E+02, 0.32000E+02, 0.45226E+03, 0.51958E+00, 0.56430E-02
 0.00000E+00, 0.33000E+02, 0.31099E+02, 0.17814E+01, 0.69031E-03
 0.10000E+01, 0.33000E+02, 0.93158E+02, 0.28472E+00, 0.52000E-02
 0.20000E+01, 0.33000E+02, 0.10676E+03, 0.24625E+00, 0.62356E-02
 0.30000E+01, 0.33000E+02, 0.81261E+02, 0.31950E+00, 0.44835E-02
 0.40000E+01, 0.33000E+02, 0.75739E+02, 0.34575E+00, 0.40786E-02
 0.50000E+01, 0.33000E+02, 0.79403E+02, 0.31127E+00, 0.45779E-02
 0.60000E+01, 0.33000E+02, 0.11979E+03, 0.24913E+00, 0.63750E-02
 0.70000E+01, 0.33000E+02, 0.15613E+03, 0.20275E+00, 0.85578E-02
 0.80000E+01, 0.33000E+02, 0.23844E+03, 0.13842E+00, 0.14938E-01
 0.90000E+01, 0.33000E+02, 0.20517E+03, 0.16410E+00, 0.11781E-01
 0.10000E+02, 0.33000E+02, 0.18538E+03, 0.17172E+00, 0.10792E-01
 0.11000E+02, 0.33000E+02, 0.17771E+03, 0.17333E+00, 0.10514E-01
 0.12000E+02, 0.33000E+02, 0.17419E+03, 0.16807E+00, 0.10758E-01
 0.13000E+02, 0.33000E+02, 0.18610E+03, 0.17410E+00, 0.10662E-01
 0.14000E+02, 0.33000E+02, 0.19272E+03, 0.18692E+00, 0.10074E-01
 0.15000E+02, 0.33000E+02, 0.17886E+03, 0.18902E+00, 0.96652E-02
 0.16000E+02, 0.33000E+02, 0.17201E+03, 0.19066E+00, 0.94370E-02
 0.17000E+02, 0.33000E+02, 0.16801E+03, 0.19449E+00, 0.91679E-02
 0.18000E+02, 0.33000E+02, 0.16482E+03, 0.18287E+00, 0.96800E-02
 0.19000E+02, 0.33000E+02, 0.96977E+02, 0.31490E+00, 0.47507E-02
 0.20000E+02, 0.33000E+02, 0.71139E+02, 0.45221E+00, 0.30772E-02
 0.21000E+02, 0.33000E+02, 0.54481E+02, 0.70406E+00, 0.18808E-02
 0.22000E+02, 0.33000E+02, 0.30553E+02, 0.28945E+01, 0.42409E-03
 0.23000E+02, 0.33000E+02, 0.30331E+02, 0.28985E+01, 0.42319E-03
 0.24000E+02, 0.33000E+02, 0.32115E+02, 0.21602E+01, 0.57117E-03
 0.25000E+02, 0.33000E+02, 0.39521E+02, 0.11553E+01, 0.10939E-02
 0.26000E+02, 0.33000E+02, 0.39484E+02, 0.11652E+01, 0.10844E-02
 0.27000E+02, 0.33000E+02, 0.41476E+02, 0.10902E+01, 0.11665E-02
 0.28000E+02, 0.33000E+02, 0.52714E+02, 0.64476E+00, 0.20428E-02
 0.29000E+02, 0.33000E+02, 0.60899E+02, 0.47014E+00, 0.28718E-02
 0.30000E+02, 0.33000E+02, 0.36800E+02, 0.23761E+01, 0.52723E-03
 0.31000E+02, 0.33000E+02, 0.54455E+02, 0.11849E+01, 0.11175E-02
 0.32000E+02, 0.33000E+02, 0.95814E+02, 0.63153E+00, 0.23614E-02
 0.33000E+02, 0.33000E+02, 0.74199E+02, 0.81731E+00, 0.17177E-02
 0.34000E+02, 0.33000E+02, 0.33645E+02, 0.39033E+01, 0.31768E-03
 0.35000E+02, 0.33000E+02, 0.43123E+02, 0.23715E+01, 0.53904E-03
 0.36000E+02, 0.33000E+02, 0.66503E+02, 0.16267E+01, 0.84391E-03
 0.37000E+02, 0.33000E+02, 0.66216E+02, 0.17445E+01, 0.78629E-03
 0.38000E+02, 0.33000E+02, 0.71259E+02, 0.16026E+01, 0.86861E-03
 0.39000E+02, 0.33000E+02, 0.32555E+02, 0.61199E+01, 0.20190E-03
 0.40000E+02, 0.33000E+02, 0.28967E+02, 0.93628E+01, 0.13042E-03
 0.41000E+02, 0.33000E+02, 0.29325E+02, 0.10685E+02, 0.11442E-03
 0.42000E+02, 0.33000E+02, 0.33894E+02, 0.67997E+01, 0.18251E-03
 0.43000E+02, 0.33000E+02, 0.38377E+02, 0.54339E+01, 0.23172E-03
 0.44000E+02, 0.33000E+02, 0.34775E+02, 0.97348E+01, 0.12785E-03
 0.45000E+02, 0.33000E+02, 0.29970E+02, 0.14362E+02, 0.85308E-04
 0.46000E+02, 0.33000E+02, 0.29855E+02, 0.17152E+02, 0.71401E-04
 0.47000E+02, 0.33000E+02, 0.29633E+02, 0.30000E+02, 0.25392E-04
 0.48000E+02, 0.33000E+02, 0.28516E+03, 0.33680E+00, 0.67002E-02
 0.49000E+02, 0.33000E+02, 0.28221E+03, 0.37234E+00, 0.60285E-02
 0.50000E+02, 0.33000E+02, 0.27019E+03, 0.35650E+00, 0.61601E-02
 0.51000E+02, 0.33000E+02, 0.21659E+03, 0.36077E+00, 0.54867E-02
 0.52000E+02, 0.33000E+02, 0.21154E+03, 0.34214E+00, 0.57258E-02
 0.53000E+02, 0.33000E+02, 0.22643E+03, 0.30988E+00, 0.65161E-02
 0.54000E+02, 0.33000E+02, 0.23942E+03, 0.29881E+00, 0.69333E-02
 0.55000E+02, 0.33000E+02, 0.25871E+03, 0.27366E+00, 0.78553E-02
 0.56000E+02, 0.33000E+02, 0.24012E+03, 0.32528E+00, 0.63779E-02
 0.57000E+02, 0.33000E+02, 0.24360E+03, 0.33271E+00, 0.62777E-02
 0.58000E+02, 0.33000E+02, 0.25557E+03, 0.37159E+00, 0.57510E-02
 0.59000E+02, 0.33000E+02, 0.22000E+02, 0.30000E+02, 0.00000E+00
 0.60000E+02, 0.33000E+02, 0.75463E+03, 0.37142E+00, 0.11184E-01
 0.61000E+02, 0.33000E+02, 0.54703E+03, 0.67167E+00, 0.49355E-02
 0.62000E+02, 0.33000E+02, 0.49502E+03, 0.66384E+00, 0.46770E-02
 0.63000E+02, 0.33000E+02, 0.52988E+03, 0.32496E+00, 0.99882E-02
 0.64000E+02, 0.33000E+02, 0.56746E+03, 0.26315E+00, 0.12911E-01
 0.65000E+02, 0.33000E+02, 0.50320E+03, 0.38550E+00, 0.81398E-02
 0.00000E+00, 0.34000E+02, 0.36190E+02, 0.11852E+01, 0.10549E-02
 0.10000E+01, 0.34000E+02, 0.58017E+02, 0.50325E+00, 0.26597E-02
 0.20000E+01, 0.34000E+02, 0.10766E+03, 0.24335E+00, 0.63251E-02
 0.30000E+01, 0.34000E+02, 0.92570E+02, 0.27929E+00, 0.52926E-02
 0.40000E+01, 0.34000E+02, 0.87109E+02, 0.29717E+00, 0.48999E-02
 0.50000E+01, 0.34000E+02, 0.80419E+02, 0.30940E+00, 0.46189E-02
 0.60000E+01, 0.34000E+02, 0.13381E+03, 0.22943E+00, 0.71693E-02
 0.70000E+01, 0.34000E+02, 0.16994E+03, 0.19494E+00, 0.91868E-02
 0.80000E+01, 0.34000E+02, 0.30535E+03, 0.11898E+00, 0.19651E-01
 0.90000E+01, 0.34000E+02, 0.19371E+03, 0.17096E+00, 0.11038E-01
 0.10000E+02, 0.34000E+02, 0.17608E+03, 0.17865E+00, 0.10164E-01
 0.11000E+02, 0.34000E+02, 0.17645E+03, 0.17053E+00, 0.10656E-01
 0.12000E+02, 0.34000E+02, 0.18760E+03, 0.16402E+00, 0.11354E-01
 0.13000E+02, 0.34000E+02, 0.19181E+03, 0.16679E+00, 0.11268E-01
 0.14000E+02, 0.34000E+02, 0.20785E+03, 0.16884E+00, 0.11514E-01
 0.15000E+02, 0.34000E+02, 0.18675E+03, 0.18150E+00, 0.10241E-01
 0.16000E+02, 0.34000E+02, 0.18942E+03, 0.18128E+00, 0.10313E-01
 0.17000E+02, 0.34000E+02, 0.18408E+03, 0.18398E+00, 0.10045E-01
 0.18000E+02, 0.34000E+02, 0.18580E+03, 0.17351E+00, 0.10691E-01
 0.19000E+02, 0.34000E+02, 0.91755E+02, 0.34365E+00, 0.42918E-02
 0.20000E+02, 0.34000E+02, 0.70746E+02, 0.47230E+00, 0.29430E-02
 0.21000E+02, 0.34000E+02, 0.60162E+02, 0.64946E+00, 0.20743E-02
 0.22000E+02, 0.34000E+02, 0.28864E+02, 0.34714E+01, 0.35164E-03
 0.23000E+02, 0.34000E+02, 0.27475E+02, 0.46555E+01, 0.26100E-03
 0.24000E+02, 0.34000E+02, 0.27311E+02, 0.59464E+01, 0.20423E-03
 0.25000E+02, 0.34000E+02, 0.30915E+02, 0.27561E+01, 0.44592E-03
 0.26000E+02, 0.34000E+02, 0.30630E+02, 0.32052E+01, 0.38307E-03
 0.27000E+02, 0.34000E+02, 0.34006E+02, 0.23768E+01, 0.52233E-03
 0.28000E+02, 0.34000E+02, 0.48850E+02, 0.82357E+00, 0.15803E-02
 0.29000E+02, 0.34000E+02, 0.64458E+02, 0.44071E+00, 0.30962E-02
 0.30000E+02, 0.34000E+02, 0.47305E+02, 0.14747E+01, 0.87832E-03
 0.31000E+02, 0.34000E+02, 0.43639E+02, 0.17122E+01, 0.74779E-03
 0.32000E+02, 0.34000E+02, 0.95698E+02, 0.60464E+00, 0.24656E-02
 0.33000E+02, 0.34000E+02, 0.88340E+02, 0.72883E+00, 0.20047E-02
 0.34000E+02, 0.34000E+02, 0.37938E+02, 0.41815E+01, 0.30070E-03
 0.35000E+02, 0.34000E+02, 0.65128E+02, 0.18265E+01, 0.74859E-03
 0.36000E+02, 0.34000E+02, 0.72611E+02, 0.17076E+01, 0.81841E-03
 0.37000E+02, 0.34000E+02, 0.29688E+03, 0.45253E+00, 0.50912E-02
 0.38000E+02, 0.34000E+02, 0.46655E+03, 0.35875E+00, 0.83337E-02
 0.39000E+02, 0.34000E+02, 0.11932E+03, 0.91117E+00, 0.17410E-02
 0.40000E+02, 0.34000E+02, 0.41274E+02, 0.47016E+01, 0.27030E-03
 0.41000E+02, 0.34000E+02, 0.28391E+02, 0.30000E+02, 0.28647E-04
 0.42000E+02, 0.34000E+02, 0.28757E+02, 0.30000E+02, 0.27431E-04
 0.43000E+02, 0.34000E+02, 0.28360E+02, 0.29478E+02, 0.41342E-04
 0.44000E+02, 0.34000E+02, 0.29285E+02, 0.20718E+02, 0.59000E-04
 0.45000E+02, 0.34000E+02, 0.27464E+02, 0.28079E+02, 0.43272E-04
 0.46000E+02, 0.34000E+02, 0.26764E+02, 0.30000E+02, 0.38214E-05
 0.47000E+02, 0.34000E+02, 0.30970E+02, 0.30000E+02, 0.99202E-06
 0.48000E+02, 0.34000E+02, 0.73479E+03, 0.21770E+00, 0.18713E-01
 0.49000E+02, 0.34000E+02, 0.26033E+03, 0.41186E+00, 0.52354E-02
 0.50000E+02, 0.34000E+02, 0.23518E+03, 0.42108E+00, 0.48793E-02
 0.51000E+02, 0.34000E+02, 0.27162E+03, 0.34008E+00, 0.64746E-02
 0.52000E+02, 0.34000E+02, 0.22185E+03, 0.30856E+00, 0.64841E-02
 0.53000E+02, 0.34000E+02, 0.21936E+03, 0.29952E+00, 0.66460E-02
 0.54000E+02, 0.34000E+02, 0.23844E+03, 0.27485E+00, 0.75231E-02
 0.55000E+02, 0.34000E+02, 0.25281E+03, 0.26983E+00, 0.78785E-02
 0.56000E+02, 0.34000E+02, 0.26561E+03, 0.24630E+00, 0.88412E-02
 0.57000E+02, 0.34000E+02, 0.26439E+03, 0.29277E+00, 0.74209E-02
 0.58000E+02, 0.34000E+02, 0.22859E+03, 0.38418E+00, 0.52786E-02
 0.59000E+02, 0.34000E+02, 0.22000E+02, 0.30000E+02, 0.00000E+00
 0.60000E+02, 0.34000E+02, 0.59751E+03, 0.60372E+00, 0.58290E-02
 0.61000E+02, 0.34000E+02, 0.53276E+03, 0.63597E+00, 0.51219E-02
 0.62000E+02, 0.34000E+02, 0.50259E+03, 0.41977E+00, 0.74694E-02
 0.63000E+02, 0.34000E+02, 0.52273E+03, 0.35668E+00, 0.90187E-02
 0.64000E+02, 0.34000E+02, 0.52762E+03, 0.33283E+00, 0.97242E-02
 0.65000E+02, 0.34000E+02, 0.53593E+03, 0.29331E+00, 0.11149E-01
 0.00000E+00, 0.35000E+02, 0.40425E+02, 0.96088E+00, 0.13190E-02
 0.10000E+01, 0.35000E+02, 0.60094E+02, 0.47577E+00, 0.28310E-02
 0.20000E+01, 0.35000E+02, 0.10236E+03, 0.25331E+00, 0.59917E-02
 0.30000E+01, 0.35000E+02, 0.96996E+02, 0.27133E+00, 0.55139E-02
 0.40000E+01, 0.35000E+02, 0.90853E+02, 0.28673E+00, 0.51312E-02
 0.50000E+01, 0.35000E+02, 0.81841E+02, 0.30683E+00, 0.46763E-02
 0.60000E+01, 0.35000E+02, 0.11022E+03, 0.26312E+00, 0.58890E-02
 0.70000E+01, 0.35000E+02, 0.15460E+03, 0.20917E+00, 0.82653E-02
 0.80000E+01, 0.35000E+02, 0.33090E+03, 0.12194E+00, 0.20022E-01
 0.90000E+01, 0.35000E+02, 0.22862E+03, 0.15204E+00, 0.13339E-01
 0.10000E+02, 0.35000E+02, 0.22792E+03, 0.15245E+00, 0.13285E-01
 0.11000E+02, 0.35000E+02, 0.23302E+03, 0.15462E+00, 0.13232E-01
 0.12000E+02, 0.35000E+02, 0.29367E+03, 0.14931E+00, 0.15344E-01
 0.13000E+02, 0.35000E+02, 0.26066E+03, 0.15590E+00, 0.13839E-01
 0.14000E+02, 0.35000E+02, 0.22691E+03, 0.16568E+00, 0.12199E-01
 0.15000E+02, 0.35000E+02, 0.26783E+03, 0.16216E+00, 0.13484E-01
 0.16000E+02, 0.35000E+02, 0.34768E+03, 0.14471E+00, 0.17340E-01
 0.17000E+02, 0.35000E+02, 0.33185E+03, 0.14878E+00, 0.16436E-01
 0.18000E+02, 0.35000E+02, 0.35541E+03, 0.16101E+00, 0.15779E-01
 0.19000E+02, 0.35000E+02, 0.34796E+03, 0.18005E+00, 0.13943E-01
 0.20000E+02, 0.35000E+02, 0.35157E+03, 0.16316E+00, 0.15476E-01
 0.21000E+02, 0.35000E+02, 0.47362E+03, 0.13900E+00, 0.21715E-01
 0.22000E+02, 0.35000E+02, 0.52451E+03, 0.14734E+00, 0.21881E-01
 0.23000E+02, 0.35000E+02, 0.49735E+03, 0.17295E+00, 0.18006E-01
 0.24000E+02, 0.35000E+02, 0.44017E+03, 0.20624E+00, 0.13979E-01
 0.25000E+02, 0.35000E+02, 0.41340E+03, 0.24860E+00, 0.11162E-01
 0.26000E+02, 0.35000E+02, 0.38141E+03, 0.26917E+00, 0.98289E-02
 0.27000E+02, 0.35000E+02, 0.38011E+03, 0.20164E+00, 0.13095E-01
 0.28000E+02, 0.35000E+02, 0.49888E+03, 0.14863E+00, 0.20994E-01
 0.29000E+02, 0.35000E+02, 0.49622E+03, 0.19853E+00, 0.15663E-01
 0.30000E+02, 0.35000E+02, 0.51937E+03, 0.21732E+00, 0.14740E-01
 0.31000E+02, 0.35000E+02, 0.71047E+03, 0.14151E+00, 0.28094E-01
 0.32000E+02, 0.35000E+02, 0.74520E+03, 0.13469E+00, 0.30558E-01
 0.33000E+02, 0.35000E+02, 0.88037E+03, 0.15957E+00, 0.29217E-01
 0.34000E+02, 0.35000E+02, 0.91898E+03, 0.19773E+00, 0.24368E-01
 0.35000E+02, 0.35000E+02, 0.98595E+03, 0.18649E+00, 0.27289E-01
 0.36000E+02, 0.35000E+02, 0.94382E+03, 0.18479E+00, 0.26619E-01
 0.37000E+02, 0.35000E+02, 0.96660E+03, 0.18349E+00, 0.27309E-01
 0.38000E+02, 0.35000E+02, 0.85975E+03, 0.19444E+00, 0.23550E-01
 0.39000E+02, 0.35000E+02, 0.83274E+03, 0.18776E+00, 0.23806E-01
 0.40000E+02, 0.35000E+02, 0.82754E+03, 0.18179E+00, 0.24472E-01
 0.41000E+02, 0.35000E+02, 0.78719E+03, 0.17614E+00, 0.24331E-01
 0.42000E+02, 0.35000E+02, 0.83162E+03, 0.19116E+00, 0.23358E-01
 0.43000E+02, 0.35000E+02, 0.77414E+03, 0.17337E+00, 0.24415E-01
 0.44000E+02, 0.35000E+02, 0.76191E+03, 0.17518E+00, 0.23881E-01
 0.45000E+02, 0.35000E+02, 0.74874E+03, 0.17775E+00, 0.23236E-01
 0.46000E+02, 0.35000E+02, 0.72143E+03, 0.17469E+00, 0.23012E-01
 0.47000E+02, 0.35000E+02, 0.70494E+03, 0.17258E+00, 0.22906E-01
 0.48000E+02, 0.35000E+02, 0.69446E+03, 0.17804E+00, 0.21967E-01
 0.49000E+02, 0.35000E+02, 0.67793E+03, 0.18921E+00, 0.20316E-01
 0.50000E+02, 0.35000E+02, 0.72327E+03, 0.20347E+00, 0.19793E-01
 0.51000E+02, 0.35000E+02, 0.68309E+03, 0.19579E+00, 0.19741E-01
 0.52000E+02, 0.35000E+02, 0.62487E+03, 0.17717E+00, 0.20487E-01
 0.53000E+02, 0.35000E+02, 0.60965E+03, 0.15877E+00, 0.22473E-01
 0.54000E+02, 0.35000E+02, 0.58151E+03, 0.16024E+00, 0.21558E-01
 0.55000E+02, 0.35000E+02, 0.55884E+03, 0.17980E+00, 0.18703E-01
 0.56000E+02, 0.35000E+02, 0.53823E+03, 0.19935E+00, 0.16450E-01
 0.57000E+02, 0.35000E+02, 0.54582E+03, 0.20247E+00, 0.16349E-01
 0.58000E+02, 0.35000E+02, 0.51792E+03, 0.19729E+00, 0.16206E-01
 0.59000E+02, 0.35000E+02, 0.49234E+03, 0.20847E+00, 0.14841E-01
 0.60000E+02, 0.35000E+02, 0.50622E+03, 0.43125E+00, 0.73045E-02
 0.61000E+02, 0.35000E+02, 0.51336E+03, 0.58945E+00, 0.53930E-02
 0.62000E+02, 0.35000E+02, 0.50563E+03, 0.42192E+00, 0.74604E-02
 0.63000E+02, 0.35000E+02, 0.51966E+03, 0.37698E+00, 0.85002E-02
 0.64000E+02, 0.35000E+02, 0.51672E+03, 0.37039E+00, 0.86194E-02
 0.65000E+02, 0.35000E+02, 0.51457E+03, 0.29920E+00, 0.10641E-01
 0.00000E+00, 0.36000E+02, 0.47864E+02, 0.75315E+00, 0.17228E-02
 0.10000E+01, 0.36000E+02, 0.62191E+02, 0.45471E+00, 0.29808E-02
 0.20000E+01, 0.36000E+02, 0.99086E+02, 0.26068E+00, 0.57714E-02
 0.30000E+01, 0.36000E+02, 0.10206E+03, 0.25879E+00, 0.58602E-02
 0.40000E+01, 0.36000E+02, 0.91982E+02, 0.28226E+00, 0.52285E-02
 0.50000E+01, 0.36000E+02, 0.86607E+02, 0.29788E+00, 0.48815E-02
 0.60000E+01, 0.36000E+02, 0.12024E+03, 0.24700E+00, 0.64374E-02
 0.70000E+01, 0.36000E+02, 0.16108E+03, 0.20259E+00, 0.86635E-02
 0.80000E+01, 0.36000E+02, 0.34814E+03, 0.12055E+00, 0.20831E-01
 0.90000E+01, 0.36000E+02, 0.25776E+03, 0.14821E+00, 0.14479E-01
 0.10000E+02, 0.36000E+02, 0.30834E+03, 0.14251E+00, 0.16492E-01
 0.11000E+02, 0.36000E+02, 0.31171E+03, 0.14553E+00, 0.16243E-01
 0.12000E+02, 0.36000E+02, 0.32678E+03, 0.14983E+00, 0.16184E-01
 0.13000E+02, 0.36000E+02, 0.30596E+03, 0.15605E+00, 0.14999E-01
 0.14000E+02, 0.36000E+02, 0.31043E+03, 0.16031E+00, 0.14713E-01
 0.15000E+02, 0.36000E+02, 0.34460E+03, 0.16474E+00, 0.15156E-01
 0.16000E+02, 0.36000E+02, 0.34798E+03, 0.16468E+00, 0.15245E-01
 0.17000E+02, 0.36000E+02, 0.37006E+03, 0.15676E+00, 0.16584E-01
 0.18000E+02, 0.36000E+02, 0.38925E+03, 0.15881E+00, 0.16859E-01
 0.19000E+02, 0.36000E+02, 0.42581E+03, 0.15571E+00, 0.18144E-01
 0.20000E+02, 0.36000E+02, 0.40148E+03, 0.16307E+00, 0.16721E-01
 0.21000E+02, 0.36000E+02, 0.36768E+03, 0.18077E+00, 0.14328E-01
 0.22000E+02, 0.36000E+02, 0.43287E+03, 0.16833E+00, 0.16952E-01
 0.23000E+02, 0.36000E+02, 0.42369E+03, 0.19438E+00, 0.14490E-01
 0.24000E+02, 0.36000E+02, 0.43388E+03, 0.20851E+00, 0.13705E-01
 0.25000E+02, 0.36000E+02, 0.43320E+03, 0.23286E+00, 0.12260E-01
 0.26000E+02, 0.36000E+02, 0.40914E+03, 0.25596E+00, 0.10774E-01
 0.27000E+02, 0.36000E+02, 0.43584E+03, 0.26583E+00, 0.10780E-01
 0.28000E+02, 0.36000E+02, 0.42882E+03, 0.25122E+00, 0.11294E-01
 0.29000E+02, 0.36000E+02, 0.55774E+03, 0.19887E+00, 0.16887E-01
 0.30000E+02, 0.36000E+02, 0.71283E+03, 0.17578E+00, 0.22671E-01
 0.31000E+02, 0.36000E+02, 0.76922E+03, 0.14109E+00, 0.29862E-01
 0.32000E+02, 0.36000E+02, 0.83123E+03, 0.14382E+00, 0.31036E-01
 0.33000E+02, 0.36000E+02, 0.92722E+03, 0.19342E+00, 0.25083E-01
 0.34000E+02, 0.36000E+02, 0.90014E+03, 0.22652E+00, 0.20935E-01
 0.35000E+02, 0.36000E+02, 0.99460E+03, 0.18647E+00, 0.27479E-01
 0.36000E+02, 0.36000E+02, 0.96746E+03, 0.20018E+00, 0.25049E-01
 0.37000E+02, 0.36000E+02, 0.92915E+03, 0.20246E+00, 0.24003E-01
 0.38000E+02, 0.36000E+02, 0.92948E+03, 0.20297E+00, 0.23949E-01
 0.39000E+02, 0.36000E+02, 0.96268E+03, 0.23061E+00, 0.21660E-01
 0.40000E+02, 0.36000E+02, 0.96547E+03, 0.22416E+00, 0.22333E-01
 0.41000E+02, 0.36000E+02, 0.94183E+03, 0.21602E+00, 0.22733E-01
 0.42000E+02, 0.36000E+02, 0.96136E+03, 0.20695E+00, 0.24111E-01
 0.43000E+02, 0.36000E+02, 0.91599E+03, 0.19770E+00, 0.24311E-01
 0.44000E+02, 0.36000E+02, 0.89670E+03, 0.21108E+00, 0.22401E-01
 0.45000E+02, 0.36000E+02, 0.82923E+03, 0.20724E+00, 0.21500E-01
 0.46000E+02, 0.36000E+02, 0.81961E+03, 0.19979E+00, 0.22107E-01
 0.47000E+02, 0.36000E+02, 0.81641E+03, 0.20330E+00, 0.21662E-01
 0.48000E+02, 0.36000E+02, 0.81619E+03, 0.21300E+00, 0.20671E-01
 0.49000E+02, 0.36000E+02, 0.83733E+03, 0.22672E+00, 0.19797E-01
 0.50000E+02, 0.36000E+02, 0.84419E+03, 0.22337E+00, 0.20218E-01
 0.51000E+02, 0.36000E+02, 0.81077E+03, 0.20810E+00, 0.21052E-01
 0.52000E+02, 0.36000E+02, 0.77375E+03, 0.18615E+00, 0.22731E-01
 0.53000E+02, 0.36000E+02, 0.73704E+03, 0.17120E+00, 0.23850E-01
 0.54000E+02, 0.36000E+02, 0.69124E+03, 0.16316E+00, 0.23891E-01
 0.55000E+02, 0.36000E+02, 0.65709E+03, 0.16846E+00, 0.22319E-01
 0.56000E+02, 0.36000E+02, 0.63348E+03, 0.18965E+00, 0.19322E-01
 0.57000E+02, 0.36000E+02, 0.61204E+03, 0.21867E+00, 0.16361E-01
 0.58000E+02, 0.36000E+02, 0.58778E+03, 0.21611E+00, 0.16102E-01
 0.59000E+02, 0.36000E+02, 0.54089E+03, 0.21748E+00, 0.15129E-01
 0.60000E+02, 0.36000E+02, 0.50291E+03, 0.25055E+00, 0.12519E-01
 0.61000E+02, 0.36000E+02, 0.49406E+03, 0.52263E+00, 0.59333E-02
 0.62000E+02, 0.36000E+02, 0.50025E+03, 0.48288E+00, 0.64735E-02
 0.63000E+02, 0.36000E+02, 0.50529E+03, 0.45232E+00, 0.69560E-02
 0.64000E+02, 0.36000E+02, 0.50942E+03, 0.38425E+00, 0.82317E-02
 0.65000E+02, 0.36000E+02, 0.50416E+03, 0.33804E+00, 0.92940E-02
 0.00000E+00, 0.37000E+02, 0.60968E+02, 0.50412E+00, 0.26788E-02
 0.10000E+01, 0.37000E+02, 0.68994E+02, 0.39324E+00, 0.35166E-02
 0.20000E+01, 0.37000E+02, 0.99597E+02, 0.26115E+00, 0.57689E-02
 0.30000E+01, 0.37000E+02, 0.11514E+03, 0.24078E+00, 0.65180E-02
 0.40000E+01, 0.37000E+02, 0.10810E+03, 0.25407E+00, 0.60650E-02
 0.50000E+01, 0.37000E+02, 0.99724E+02, 0.26972E+00, 0.55876E-02
 0.60000E+01, 0.37000E+02, 0.20498E+03, 0.17410E+00, 0.11100E-01
 0.70000E+01, 0.37000E+02, 0.18961E+03, 0.18260E+00, 0.10243E-01
 0.80000E+01, 0.37000E+02, 0.35774E+03, 0.12202E+00, 0.20898E-01
 0.90000E+01, 0.37000E+02, 0.29391E+03, 0.15038E+00, 0.15240E-01
 0.10000E+02, 0.37000E+02, 0.26518E+03, 0.16024E+00, 0.13579E-01
 0.11000E+02, 0.37000E+02, 0.27669E+03, 0.15930E+00, 0.13950E-01
 0.12000E+02, 0.37000E+02, 0.28910E+03, 0.15896E+00, 0.14296E-01
 0.13000E+02, 0.37000E+02, 0.28350E+03, 0.16252E+00, 0.13844E-01
 0.14000E+02, 0.37000E+02, 0.30516E+03, 0.16541E+00, 0.14131E-01
 0.15000E+02, 0.37000E+02, 0.34281E+03, 0.16218E+00, 0.15351E-01
 0.16000E+02, 0.37000E+02, 0.36761E+03, 0.15403E+00, 0.16814E-01
 0.17000E+02, 0.37000E+02, 0.43593E+03, 0.12768E+00, 0.22446E-01
 0.18000E+02, 0.37000E+02, 0.43102E+03, 0.14939E+00, 0.19052E-01
 0.19000E+02, 0.37000E+02, 0.41912E+03, 0.16003E+00, 0.17484E-01
 0.20000E+02, 0.37000E+02, 0.40387E+03, 0.16760E+00, 0.16327E-01
 0.21000E+02, 0.37000E+02, 0.37358E+03, 0.18694E+00, 0.13983E-01
 0.22000E+02, 0.37000E+02, 0.37112E+03, 0.19681E+00, 0.13231E-01
 0.23000E+02, 0.37000E+02, 0.36312E+03, 0.20555E+00, 0.12511E-01
 0.24000E+02, 0.37000E+02, 0.44505E+03, 0.21223E+00, 0.13678E-01
 0.25000E+02, 0.37000E+02, 0.47237E+03, 0.21807E+00, 0.13818E-01
 0.26000E+02, 0.37000E+02, 0.50658E+03, 0.21382E+00, 0.14739E-01
 0.27000E+02, 0.37000E+02, 0.50530E+03, 0.27495E+00, 0.11443E-01
 0.28000E+02, 0.37000E+02, 0.44796E+03, 0.35312E+00, 0.82540E-02
 0.29000E+02, 0.37000E+02, 0.40298E+03, 0.35840E+00, 0.76249E-02
 0.30000E+02, 0.37000E+02, 0.41305E+03, 0.33756E+00, 0.82163E-02
 0.31000E+02, 0.37000E+02, 0.62450E+03, 0.18358E+00, 0.19763E-01
 0.32000E+02, 0.37000E+02, 0.76402E+03, 0.18733E+00, 0.22378E-01
 0.33000E+02, 0.37000E+02, 0.95089E+03, 0.19159E+00, 0.25823E-01
 0.34000E+02, 0.37000E+02, 0.95932E+03, 0.19491E+00, 0.25558E-01
 0.35000E+02, 0.37000E+02, 0.93069E+03, 0.18483E+00, 0.26326E-01
 0.36000E+02, 0.37000E+02, 0.92487E+03, 0.18252E+00, 0.26529E-01
 0.37000E+02, 0.37000E+02, 0.94631E+03, 0.18951E+00, 0.26008E-01
 0.38000E+02, 0.37000E+02, 0.95712E+03, 0.18839E+00, 0.26395E-01
 0.39000E+02, 0.37000E+02, 0.10110E+04, 0.19540E+00, 0.26562E-01
 0.40000E+02, 0.37000E+02, 0.10524E+04, 0.20574E+00, 0.26041E-01
 0.41000E+02, 0.37000E+02, 0.10269E+04, 0.21185E+00, 0.24803E-01
 0.42000E+02, 0.37000E+02, 0.99359E+03, 0.18972E+00, 0.26986E-01
 0.43000E+02, 0.37000E+02, 0.98713E+03, 0.19612E+00, 0.25974E-01
 0.44000E+02, 0.37000E+02, 0.93015E+03, 0.21970E+00, 0.22137E-01
 0.45000E+02, 0.37000E+02, 0.87482E+03, 0.23526E+00, 0.19723E-01
 0.46000E+02, 0.37000E+02, 0.86849E+03, 0.21944E+00, 0.21028E-01
 0.47000E+02, 0.37000E+02, 0.87313E+03, 0.21908E+00, 0.21148E-01
 0.48000E+02, 0.37000E+02, 0.88448E+03, 0.23313E+00, 0.20070E-01
 0.49000E+02, 0.37000E+02, 0.90006E+03, 0.24345E+00, 0.19478E-01
 0.50000E+02, 0.37000E+02, 0.89731E+03, 0.24109E+00, 0.19622E-01
 0.51000E+02, 0.37000E+02, 0.86805E+03, 0.21077E+00, 0.21884E-01
 0.52000E+02, 0.37000E+02, 0.82607E+03, 0.19445E+00, 0.22849E-01
 0.53000E+02, 0.37000E+02, 0.76646E+03, 0.18993E+00, 0.22123E-01
 0.54000E+02, 0.37000E+02, 0.72253E+03, 0.18330E+00, 0.21955E-01
 0.55000E+02, 0.37000E+02, 0.68194E+03, 0.17381E+00, 0.22210E-01
 0.56000E+02, 0.37000E+02, 0.64652E+03, 0.18423E+00, 0.20177E-01
 0.57000E+02, 0.37000E+02, 0.62465E+03, 0.21692E+00, 0.16728E-01
 0.58000E+02, 0.37000E+02, 0.60077E+03, 0.21199E+00, 0.16663E-01
 0.59000E+02, 0.37000E+02, 0.57061E+03, 0.21649E+00, 0.15753E-01
 0.60000E+02, 0.37000E+02, 0.52714E+03, 0.22493E+00, 0.14381E-01
 0.61000E+02, 0.37000E+02, 0.49751E+03, 0.25047E+00, 0.12436E-01
 0.62000E+02, 0.37000E+02, 0.49087E+03, 0.37215E+00, 0.82979E-02
 0.63000E+02, 0.37000E+02, 0.49009E+03, 0.42409E+00, 0.72741E-02
 0.64000E+02, 0.37000E+02, 0.47815E+03, 0.33242E+00, 0.91349E-02
 0.65000E+02, 0.37000E+02, 0.46427E+03, 0.31776E+00, 0.93799E-02
 0.00000E+00, 0.38000E+02, 0.77621E+02, 0.37123E+00, 0.38191E-02
 0.10000E+01, 0.38000E+02, 0.75393E+02, 0.36621E+00, 0.38468E-02
 0.20000E+01, 0.38000E+02, 0.10455E+03, 0.25556E+00, 0.59734E-02
 0.30000E+01, 0.38000E+02, 0.10916E+03, 0.25417E+00, 0.60796E-02
 0.40000E+01, 0.38000E+02, 0.17800E+03, 0.19072E+00, 0.95612E-02
 0.50000E+01, 0.38000E+02, 0.18410E+03, 0.18550E+00, 0.99630E-02
 0.60000E+01, 0.38000E+02, 0.24986E+03, 0.15810E+00, 0.13370E-01
 0.70000E+01, 0.38000E+02, 0.28895E+03, 0.14774E+00, 0.15377E-01
 0.80000E+01, 0.38000E+02, 0.35333E+03, 0.13714E+00, 0.18464E-01
 0.90000E+01, 0.38000E+02, 0.31276E+03, 0.15478E+00, 0.15300E-01
 0.10000E+02, 0.38000E+02, 0.30484E+03, 0.15926E+00, 0.14668E-01
 0.11000E+02, 0.38000E+02, 0.31312E+03, 0.16108E+00, 0.14711E-01
 0.12000E+02, 0.38000E+02, 0.29300E+03, 0.17200E+00, 0.13304E-01
 0.13000E+02, 0.38000E+02, 0.30341E+03, 0.17514E+00, 0.13306E-01
 0.14000E+02, 0.38000E+02, 0.35293E+03, 0.16156E+00, 0.15663E-01
 0.15000E+02, 0.38000E+02, 0.38559E+03, 0.16072E+00, 0.16566E-01
 0.16000E+02, 0.38000E+02, 0.36928E+03, 0.16047E+00, 0.16181E-01
 0.17000E+02, 0.38000E+02, 0.43224E+03, 0.14715E+00, 0.19375E-01
 0.18000E+02, 0.38000E+02, 0.44404E+03, 0.18272E+00, 0.15864E-01
 0.19000E+02, 0.38000E+02, 0.44731E+03, 0.19043E+00, 0.15292E-01
 0.20000E+02, 0.38000E+02, 0.43728E+03, 0.19310E+00, 0.14870E-01
 0.21000E+02, 0.38000E+02, 0.45030E+03, 0.19509E+00, 0.14988E-01
 0.22000E+02, 0.38000E+02, 0.41212E+03, 0.20052E+00, 0.13813E-01
 0.23000E+02, 0.38000E+02, 0.39160E+03, 0.20575E+00, 0.13059E-01
 0.24000E+02, 0.38000E+02, 0.35178E+03, 0.22487E+00, 0.11233E-01
 0.25000E+02, 0.38000E+02, 0.37056E+03, 0.27572E+00, 0.94361E-02
 0.26000E+02, 0.38000E+02, 0.49279E+03, 0.28386E+00, 0.10906E-01
 0.27000E+02, 0.38000E+02, 0.56097E+03, 0.23750E+00, 0.14195E-01
 0.28000E+02, 0.38000E+02, 0.54880E+03, 0.29142E+00, 0.11400E-01
 0.29000E+02, 0.38000E+02, 0.52069E+03, 0.33818E+00, 0.94878E-02
 0.30000E+02, 0.38000E+02, 0.51321E+03, 0.39214E+00, 0.81051E-02
 0.31000E+02, 0.38000E+02, 0.46833E+03, 0.46395E+00, 0.64596E-02
 0.32000E+02, 0.38000E+02, 0.48352E+03, 0.39649E+00, 0.77135E-02
 0.33000E+02, 0.38000E+02, 0.85875E+03, 0.19386E+00, 0.23599E-01
 0.34000E+02, 0.38000E+02, 0.84604E+03, 0.27511E+00, 0.16443E-01
 0.35000E+02, 0.38000E+02, 0.97525E+03, 0.19460E+00, 0.25930E-01
 0.36000E+02, 0.38000E+02, 0.95744E+03, 0.19363E+00, 0.25688E-01
 0.37000E+02, 0.38000E+02, 0.98819E+03, 0.21135E+00, 0.24122E-01
 0.38000E+02, 0.38000E+02, 0.10254E+04, 0.17586E+00, 0.29844E-01
 0.39000E+02, 0.38000E+02, 0.10675E+04, 0.17354E+00, 0.31226E-01
 0.40000E+02, 0.38000E+02, 0.10966E+04, 0.18258E+00, 0.30321E-01
 0.41000E+02, 0.38000E+02, 0.10486E+04, 0.19256E+00, 0.27745E-01
 0.42000E+02, 0.38000E+02, 0.10154E+04, 0.19010E+00, 0.27396E-01
 0.43000E+02, 0.38000E+02, 0.10063E+04, 0.21544E+00, 0.24003E-01
 0.44000E+02, 0.38000E+02, 0.91689E+03, 0.22470E+00, 0.21406E-01
 0.45000E+02, 0.38000E+02, 0.91500E+03, 0.23432E+00, 0.20495E-01
 0.46000E+02, 0.38000E+02, 0.91876E+03, 0.22133E+00, 0.21766E-01
 0.47000E+02, 0.38000E+02, 0.89879E+03, 0.22234E+00, 0.21304E-01
 0.48000E+02, 0.38000E+02, 0.89308E+03, 0.23424E+00, 0.20123E-01
 0.49000E+02, 0.38000E+02, 0.89732E+03, 0.24023E+00, 0.19693E-01
 0.50000E+02, 0.38000E+02, 0.92119E+03, 0.23375E+00, 0.20651E-01
 0.51000E+02, 0.38000E+02, 0.90020E+03, 0.20818E+00, 0.22780E-01
 0.52000E+02, 0.38000E+02, 0.82941E+03, 0.20551E+00, 0.21685E-01
 0.53000E+02, 0.38000E+02, 0.72500E+03, 0.25285E+00, 0.15955E-01
 0.54000E+02, 0.38000E+02, 0.68061E+03, 0.24180E+00, 0.15942E-01
 0.55000E+02, 0.38000E+02, 0.67128E+03, 0.19404E+00, 0.19672E-01
 0.56000E+02, 0.38000E+02, 0.64282E+03, 0.20260E+00, 0.18274E-01
 0.57000E+02, 0.38000E+02, 0.60772E+03, 0.23998E+00, 0.14836E-01
 0.58000E+02, 0.38000E+02, 0.60322E+03, 0.22143E+00, 0.15997E-01
 0.59000E+02, 0.38000E+02, 0.58467E+03, 0.22094E+00, 0.15693E-01
 0.60000E+02, 0.38000E+02, 0.54871E+03, 0.22593E+00, 0.14703E-01
 0.61000E+02, 0.38000E+02, 0.50528E+03, 0.23174E+00, 0.13577E-01
 0.62000E+02, 0.38000E+02, 0.47874E+03, 0.27988E+00, 0.10858E-01
 0.63000E+02, 0.38000E+02, 0.47944E+03, 0.36559E+00, 0.83203E-02
 0.64000E+02, 0.38000E+02, 0.44196E+03, 0.33736E+00, 0.85676E-02
 0.65000E+02, 0.38000E+02, 0.42838E+03, 0.33750E+00, 0.84014E-02
 0.00000E+00, 0.39000E+02, 0.77526E+02, 0.36368E+00, 0.38973E-02
 0.10000E+01, 0.39000E+02, 0.87198E+02, 0.31611E+00, 0.46075E-02
 0.20000E+01, 0.39000E+02, 0.19186E+03, 0.18933E+00, 0.99268E-02
 0.30000E+01, 0.39000E+02, 0.21544E+03, 0.18117E+00, 0.10900E-01
 0.40000E+01, 0.39000E+02, 0.22936E+03, 0.18060E+00, 0.11246E-01
 0.50000E+01, 0.39000E+02, 0.23735E+03, 0.17836E+00, 0.11569E-01
 0.60000E+01, 0.39000E+02, 0.27763E+03, 0.15894E+00, 0.14007E-01
 0.70000E+01, 0.39000E+02, 0.27973E+03, 0.15773E+00, 0.14168E-01
 0.80000E+01, 0.39000E+02, 0.32957E+03, 0.14714E+00, 0.16556E-01
 0.90000E+01, 0.39000E+02, 0.28160E+03, 0.17449E+00, 0.12850E-01
 0.10000E+02, 0.39000E+02, 0.27974E+03, 0.17870E+00, 0.12505E-01
 0.11000E+02, 0.39000E+02, 0.31175E+03, 0.17222E+00, 0.13727E-01
 0.12000E+02, 0.39000E+02, 0.33918E+03, 0.16925E+00, 0.14623E-01
 0.13000E+02, 0.39000E+02, 0.34280E+03, 0.17296E+00, 0.14393E-01
 0.14000E+02, 0.39000E+02, 0.37169E+03, 0.16807E+00, 0.15507E-01
 0.15000E+02, 0.39000E+02, 0.40007E+03, 0.16016E+00, 0.16989E-01
 0.16000E+02, 0.39000E+02, 0.42266E+03, 0.16039E+00, 0.17534E-01
 0.17000E+02, 0.39000E+02, 0.43090E+03, 0.16837E+00, 0.16902E-01
 0.18000E+02, 0.39000E+02, 0.45318E+03, 0.18374E+00, 0.15977E-01
 0.19000E+02, 0.39000E+02, 0.47015E+03, 0.19156E+00, 0.15684E-01
 0.20000E+02, 0.39000E+02, 0.47136E+03, 0.19586E+00, 0.15364E-01
 0.21000E+02, 0.39000E+02, 0.44459E+03, 0.20850E+00, 0.13914E-01
 0.22000E+02, 0.39000E+02, 0.41320E+03, 0.21139E+00, 0.13123E-01
 0.23000E+02, 0.39000E+02, 0.35864E+03, 0.21820E+00, 0.11703E-01
 0.24000E+02, 0.39000E+02, 0.29136E+03, 0.25776E+00, 0.88518E-02
 0.25000E+02, 0.39000E+02, 0.32422E+03, 0.30424E+00, 0.79361E-02
 0.26000E+02, 0.39000E+02, 0.53106E+03, 0.20893E+00, 0.15558E-01
 0.27000E+02, 0.39000E+02, 0.62992E+03, 0.19841E+00, 0.18397E-01
 0.28000E+02, 0.39000E+02, 0.60160E+03, 0.26019E+00, 0.13589E-01
 0.29000E+02, 0.39000E+02, 0.58495E+03, 0.30998E+00, 0.11189E-01
 0.30000E+02, 0.39000E+02, 0.54363E+03, 0.39081E+00, 0.84472E-02
 0.31000E+02, 0.39000E+02, 0.49350E+03, 0.50235E+00, 0.61683E-02
 0.32000E+02, 0.39000E+02, 0.44922E+03, 0.53819E+00, 0.54251E-02
 0.33000E+02, 0.39000E+02, 0.45672E+03, 0.49545E+00, 0.59543E-02
 0.34000E+02, 0.39000E+02, 0.47435E+03, 0.47230E+00, 0.63969E-02
 0.35000E+02, 0.39000E+02, 0.74966E+03, 0.31271E+00, 0.13220E-01
 0.36000E+02, 0.39000E+02, 0.10271E+04, 0.22777E+00, 0.23074E-01
 0.37000E+02, 0.39000E+02, 0.10177E+04, 0.22089E+00, 0.23620E-01
 0.38000E+02, 0.39000E+02, 0.91993E+03, 0.33786E+00, 0.14273E-01
 0.39000E+02, 0.39000E+02, 0.10661E+04, 0.22823E+00, 0.23718E-01
 0.40000E+02, 0.39000E+02, 0.11140E+04, 0.22149E+00, 0.25313E-01
 0.41000E+02, 0.39000E+02, 0.11097E+04, 0.18506E+00, 0.30202E-01
 0.42000E+02, 0.39000E+02, 0.10601E+04, 0.19828E+00, 0.27177E-01
 0.43000E+02, 0.39000E+02, 0.10418E+04, 0.20451E+00, 0.25988E-01
 0.44000E+02, 0.39000E+02, 0.98850E+03, 0.24449E+00, 0.20858E-01
 0.45000E+02, 0.39000E+02, 0.96665E+03, 0.21657E+00, 0.23138E-01
 0.46000E+02, 0.39000E+02, 0.92612E+03, 0.23269E+00, 0.20832E-01
 0.47000E+02, 0.39000E+02, 0.84343E+03, 0.24999E+00, 0.18053E-01
 0.48000E+02, 0.39000E+02, 0.89652E+03, 0.24997E+00, 0.18913E-01
 0.49000E+02, 0.39000E+02, 0.92666E+03, 0.25045E+00, 0.19363E-01
 0.50000E+02, 0.39000E+02, 0.93934E+03, 0.21857E+00, 0.22422E-01
 0.51000E+02, 0.39000E+02, 0.87588E+03, 0.20267E+00, 0.22915E-01
 0.52000E+02, 0.39000E+02, 0.70284E+03, 0.25194E+00, 0.15658E-01
 0.53000E+02, 0.39000E+02, 0.66980E+03, 0.25032E+00, 0.15225E-01
 0.54000E+02, 0.39000E+02, 0.63196E+03, 0.23689E+00, 0.15443E-01
 0.55000E+02, 0.39000E+02, 0.65632E+03, 0.21604E+00, 0.17389E-01
 0.56000E+02, 0.39000E+02, 0.58983E+03, 0.24847E+00, 0.14038E-01
 0.57000E+02, 0.39000E+02, 0.59666E+03, 0.24280E+00, 0.14480E-01
 0.58000E+02, 0.39000E+02, 0.59519E+03, 0.21977E+00, 0.15970E-01
 0.59000E+02, 0.39000E+02, 0.55382E+03, 0.24575E+00, 0.13601E-01
 0.60000E+02, 0.39000E+02, 0.52948E+03, 0.24039E+00, 0.13495E-01
 0.61000E+02, 0.39000E+02, 0.49539E+03, 0.27945E+00, 0.11116E-01
 0.62000E+02, 0.39000E+02, 0.48334E+03, 0.26676E+00, 0.11462E-01
 0.63000E+02, 0.39000E+02, 0.47688E+03, 0.34563E+00, 0.87710E-02
 0.64000E+02, 0.39000E+02, 0.43941E+03, 0.32656E+00, 0.88194E-02
 0.65000E+02, 0.39000E+02, 0.41853E+03, 0.31555E+00, 0.88596E-02
 0.00000E+00, 0.40000E+02, 0.15539E+03, 0.21727E+00, 0.79721E-02
 0.10000E+01, 0.40000E+02, 0.18543E+03, 0.19938E+00, 0.92965E-02
 0.20000E+01, 0.40000E+02, 0.18781E+03, 0.19953E+00, 0.93374E-02
 0.30000E+01, 0.40000E+02, 0.16202E+03, 0.22318E+00, 0.78809E-02
 0.40000E+01, 0.40000E+02, 0.12743E+03, 0.26636E+00, 0.60787E-02
 0.50000E+01, 0.40000E+02, 0.12515E+03, 0.26173E+00, 0.61509E-02
 0.60000E+01, 0.40000E+02, 0.25591E+03, 0.16636E+00, 0.12854E-01
 0.70000E+01, 0.40000E+02, 0.27135E+03, 0.16876E+00, 0.13041E-01
 0.80000E+01, 0.40000E+02, 0.31362E+03, 0.15750E+00, 0.15058E-01
 0.90000E+01, 0.40000E+02, 0.27272E+03, 0.18279E+00, 0.12070E-01
 0.10000E+02, 0.40000E+02, 0.25602E+03, 0.18520E+00, 0.11548E-01
 0.11000E+02, 0.40000E+02, 0.28316E+03, 0.18255E+00, 0.12317E-01
 0.12000E+02, 0.40000E+02, 0.29272E+03, 0.18668E+00, 0.12252E-01
 0.13000E+02, 0.40000E+02, 0.27850E+03, 0.19548E+00, 0.11406E-01
 0.14000E+02, 0.40000E+02, 0.34654E+03, 0.18600E+00, 0.13466E-01
 0.15000E+02, 0.40000E+02, 0.40699E+03, 0.18058E+00, 0.15223E-01
 0.16000E+02, 0.40000E+02, 0.42016E+03, 0.18450E+00, 0.15188E-01
 0.17000E+02, 0.40000E+02, 0.42034E+03, 0.19010E+00, 0.14745E-01
 0.18000E+02, 0.40000E+02, 0.44114E+03, 0.20623E+00, 0.13999E-01
 0.19000E+02, 0.40000E+02, 0.45127E+03, 0.20722E+00, 0.14129E-01
 0.20000E+02, 0.40000E+02, 0.48591E+03, 0.22150E+00, 0.13851E-01
 0.21000E+02, 0.40000E+02, 0.44621E+03, 0.22455E+00, 0.12948E-01
 0.22000E+02, 0.40000E+02, 0.39366E+03, 0.23138E+00, 0.11648E-01
 0.23000E+02, 0.40000E+02, 0.33268E+03, 0.23944E+00, 0.10226E-01
 0.24000E+02, 0.40000E+02, 0.32148E+03, 0.24594E+00, 0.97721E-02
 0.25000E+02, 0.40000E+02, 0.52314E+03, 0.16173E+00, 0.19900E-01
 0.26000E+02, 0.40000E+02, 0.63223E+03, 0.15031E+00, 0.24345E-01
 0.27000E+02, 0.40000E+02, 0.66428E+03, 0.15903E+00, 0.23826E-01
 0.28000E+02, 0.40000E+02, 0.56307E+03, 0.24231E+00, 0.13949E-01
 0.29000E+02, 0.40000E+02, 0.44376E+03, 0.30854E+00, 0.93914E-02
 0.30000E+02, 0.40000E+02, 0.40125E+03, 0.37427E+00, 0.72830E-02
 0.31000E+02, 0.40000E+02, 0.38475E+03, 0.39556E+00, 0.67223E-02
 0.32000E+02, 0.40000E+02, 0.40878E+03, 0.41037E+00, 0.67165E-02
 0.33000E+02, 0.40000E+02, 0.56793E+03, 0.41516E+00, 0.81883E-02
 0.34000E+02, 0.40000E+02, 0.62171E+03, 0.37593E+00, 0.96212E-02
 0.35000E+02, 0.40000E+02, 0.72264E+03, 0.26727E+00, 0.15059E-01
 0.36000E+02, 0.40000E+02, 0.80632E+03, 0.23769E+00, 0.18356E-01
 0.37000E+02, 0.40000E+02, 0.78934E+03, 0.30615E+00, 0.14027E-01
 0.38000E+02, 0.40000E+02, 0.78474E+03, 0.39482E+00, 0.10830E-01
 0.39000E+02, 0.40000E+02, 0.98343E+03, 0.29732E+00, 0.17082E-01
 0.40000E+02, 0.40000E+02, 0.11024E+04, 0.22890E+00, 0.24289E-01
 0.41000E+02, 0.40000E+02, 0.11407E+04, 0.18718E+00, 0.30530E-01
 0.42000E+02, 0.40000E+02, 0.10389E+04, 0.19310E+00, 0.27463E-01
 0.43000E+02, 0.40000E+02, 0.10267E+04, 0.21842E+00, 0.24054E-01
 0.44000E+02, 0.40000E+02, 0.98255E+03, 0.23298E+00, 0.21784E-01
 0.45000E+02, 0.40000E+02, 0.95733E+03, 0.24410E+00, 0.20374E-01
 0.46000E+02, 0.40000E+02, 0.87114E+03, 0.26579E+00, 0.17401E-01
 0.47000E+02, 0.40000E+02, 0.81501E+03, 0.26243E+00, 0.16759E-01
 0.48000E+02, 0.40000E+02, 0.80054E+03, 0.25184E+00, 0.17232E-01
 0.49000E+02, 0.40000E+02, 0.88370E+03, 0.25820E+00, 0.18109E-01
 0.50000E+02, 0.40000E+02, 0.89111E+03, 0.23001E+00, 0.20459E-01
 0.51000E+02, 0.40000E+02, 0.72339E+03, 0.26458E+00, 0.15224E-01
 0.52000E+02, 0.40000E+02, 0.63535E+03, 0.28891E+00, 0.12710E-01
 0.53000E+02, 0.40000E+02, 0.61081E+03, 0.30661E+00, 0.11653E-01
 0.54000E+02, 0.40000E+02, 0.60546E+03, 0.27132E+00, 0.13089E-01
 0.55000E+02, 0.40000E+02, 0.61940E+03, 0.26446E+00, 0.13641E-01
 0.56000E+02, 0.40000E+02, 0.61683E+03, 0.25046E+00, 0.14362E-01
 0.57000E+02, 0.40000E+02, 0.59189E+03, 0.25745E+00, 0.13581E-01
 0.58000E+02, 0.40000E+02, 0.59105E+03, 0.25063E+00, 0.13937E-01
 0.59000E+02, 0.40000E+02, 0.56196E+03, 0.26080E+00, 0.12942E-01
 0.60000E+02, 0.40000E+02, 0.51079E+03, 0.32786E+00, 0.96642E-02
 0.61000E+02, 0.40000E+02, 0.49450E+03, 0.37081E+00, 0.83674E-02
 0.62000E+02, 0.40000E+02, 0.48400E+03, 0.40402E+00, 0.75744E-02
 0.63000E+02, 0.40000E+02, 0.48054E+03, 0.38577E+00, 0.78966E-02
 0.64000E+02, 0.40000E+02, 0.46684E+03, 0.33614E+00, 0.88979E-02
 0.65000E+02, 0.40000E+02, 0.45108E+03, 0.25190E+00, 0.11621E-01
 0.00000E+00, 0.41000E+02, 0.15058E+03, 0.22973E+00, 0.74549E-02
 0.10000E+01, 0.41000E+02, 0.13965E+03, 0.24119E+00, 0.69176E-02
 0.20000E+01, 0.41000E+02, 0.12235E+03, 0.26479E+00, 0.60370E-02
 0.30000E+01, 0.41000E+02, 0.10726E+03, 0.30023E+00, 0.51214E-02
 0.40000E+01, 0.41000E+02, 0.87964E+02, 0.36308E+00, 0.40200E-02
 0.50000E+01, 0.41000E+02, 0.12586E+03, 0.25474E+00, 0.63310E-02
 0.60000E+01, 0.41000E+02, 0.23127E+03, 0.16674E+00, 0.12227E-01
 0.70000E+01, 0.41000E+02, 0.21441E+03, 0.16941E+00, 0.11633E-01
 0.80000E+01, 0.41000E+02, 0.28732E+03, 0.16475E+00, 0.13750E-01
 0.90000E+01, 0.41000E+02, 0.26307E+03, 0.18052E+00, 0.12006E-01
 0.10000E+02, 0.41000E+02, 0.25917E+03, 0.18313E+00, 0.11748E-01
 0.11000E+02, 0.41000E+02, 0.28345E+03, 0.18395E+00, 0.12230E-01
 0.12000E+02, 0.41000E+02, 0.24460E+03, 0.19405E+00, 0.10784E-01
 0.13000E+02, 0.41000E+02, 0.32534E+03, 0.19137E+00, 0.12641E-01
 0.14000E+02, 0.41000E+02, 0.31915E+03, 0.19289E+00, 0.12411E-01
 0.15000E+02, 0.41000E+02, 0.36230E+03, 0.19224E+00, 0.13360E-01
 0.16000E+02, 0.41000E+02, 0.39113E+03, 0.20017E+00, 0.13413E-01
 0.17000E+02, 0.41000E+02, 0.35528E+03, 0.21373E+00, 0.11884E-01
 0.18000E+02, 0.41000E+02, 0.45762E+03, 0.21740E+00, 0.13586E-01
 0.19000E+02, 0.41000E+02, 0.45687E+03, 0.22030E+00, 0.13394E-01
 0.20000E+02, 0.41000E+02, 0.47909E+03, 0.21883E+00, 0.13894E-01
 0.21000E+02, 0.41000E+02, 0.46270E+03, 0.23010E+00, 0.12926E-01
 0.22000E+02, 0.41000E+02, 0.39806E+03, 0.25595E+00, 0.10599E-01
 0.23000E+02, 0.41000E+02, 0.37082E+03, 0.25501E+00, 0.10207E-01
 0.24000E+02, 0.41000E+02, 0.35818E+03, 0.24968E+00, 0.10220E-01
 0.25000E+02, 0.41000E+02, 0.49366E+03, 0.17036E+00, 0.18193E-01
 0.26000E+02, 0.41000E+02, 0.57344E+03, 0.16545E+00, 0.20682E-01
 0.27000E+02, 0.41000E+02, 0.53302E+03, 0.20114E+00, 0.16199E-01
 0.28000E+02, 0.41000E+02, 0.46804E+03, 0.25267E+00, 0.11856E-01
 0.29000E+02, 0.41000E+02, 0.39047E+03, 0.29675E+00, 0.90387E-02
 0.30000E+02, 0.41000E+02, 0.40431E+03, 0.32405E+00, 0.84499E-02
 0.31000E+02, 0.41000E+02, 0.41155E+03, 0.34034E+00, 0.81313E-02
 0.32000E+02, 0.41000E+02, 0.43039E+03, 0.37861E+00, 0.75107E-02
 0.33000E+02, 0.41000E+02, 0.52962E+03, 0.36974E+00, 0.87756E-02
 0.34000E+02, 0.41000E+02, 0.66597E+03, 0.27586E+00, 0.13760E-01
 0.35000E+02, 0.41000E+02, 0.59350E+03, 0.35798E+00, 0.97852E-02
 0.36000E+02, 0.41000E+02, 0.56167E+03, 0.42586E+00, 0.79233E-02
 0.37000E+02, 0.41000E+02, 0.64019E+03, 0.43242E+00, 0.85370E-02
 0.38000E+02, 0.41000E+02, 0.75028E+03, 0.36624E+00, 0.11294E-01
 0.39000E+02, 0.41000E+02, 0.90929E+03, 0.29121E+00, 0.16412E-01
 0.40000E+02, 0.41000E+02, 0.10497E+04, 0.25548E+00, 0.20928E-01
 0.41000E+02, 0.41000E+02, 0.11301E+04, 0.20354E+00, 0.27865E-01
 0.42000E+02, 0.41000E+02, 0.10462E+04, 0.21619E+00, 0.24666E-01
 0.43000E+02, 0.41000E+02, 0.99520E+03, 0.22602E+00, 0.22681E-01
 0.44000E+02, 0.41000E+02, 0.97510E+03, 0.22856E+00, 0.22074E-01
 0.45000E+02, 0.41000E+02, 0.91143E+03, 0.25818E+00, 0.18545E-01
 0.46000E+02, 0.41000E+02, 0.78689E+03, 0.26221E+00, 0.16340E-01
 0.47000E+02, 0.41000E+02, 0.74811E+03, 0.25826E+00, 0.15983E-01
 0.48000E+02, 0.41000E+02, 0.81026E+03, 0.26123E+00, 0.16763E-01
 0.49000E+02, 0.41000E+02, 0.82984E+03, 0.25397E+00, 0.17554E-01
 0.50000E+02, 0.41000E+02, 0.74227E+03, 0.26232E+00, 0.15646E-01
 0.51000E+02, 0.41000E+02, 0.67666E+03, 0.33412E+00, 0.11490E-01
 0.52000E+02, 0.41000E+02, 0.65557E+03, 0.31491E+00, 0.11920E-01
 0.53000E+02, 0.41000E+02, 0.64680E+03, 0.28057E+00, 0.13253E-01
 0.54000E+02, 0.41000E+02, 0.64711E+03, 0.28046E+00, 0.13262E-01
 0.55000E+02, 0.41000E+02, 0.63269E+03, 0.31886E+00, 0.11482E-01
 0.56000E+02, 0.41000E+02, 0.59559E+03, 0.32960E+00, 0.10653E-01
 0.57000E+02, 0.41000E+02, 0.56835E+03, 0.25846E+00, 0.13159E-01
 0.58000E+02, 0.41000E+02, 0.59242E+03, 0.27442E+00, 0.12749E-01
 0.59000E+02, 0.41000E+02, 0.56764E+03, 0.28507E+00, 0.11921E-01
 0.60000E+02, 0.41000E+02, 0.53300E+03, 0.28836E+00, 0.11300E-01
 0.61000E+02, 0.41000E+02, 0.49678E+03, 0.33642E+00, 0.92501E-02
 0.62000E+02, 0.41000E+02, 0.48100E+03, 0.42728E+00, 0.71339E-02
 0.63000E+02, 0.41000E+02, 0.48498E+03, 0.41764E+00, 0.73371E-02
 0.64000E+02, 0.41000E+02, 0.47975E+03, 0.34804E+00, 0.87434E-02
 0.65000E+02, 0.41000E+02, 0.46363E+03, 0.23820E+00, 0.12502E-01
 0.00000E+00, 0.42000E+02, 0.60557E+02, 0.60705E+00, 0.22219E-02
 0.10000E+01, 0.42000E+02, 0.12359E+03, 0.26602E+00, 0.60279E-02
 0.20000E+01, 0.42000E+02, 0.12043E+03, 0.26781E+00, 0.59399E-02
 0.30000E+01, 0.42000E+02, 0.10306E+03, 0.30681E+00, 0.49561E-02
 0.40000E+01, 0.42000E+02, 0.81604E+02, 0.39096E+00, 0.36676E-02
 0.50000E+01, 0.42000E+02, 0.10496E+03, 0.29762E+00, 0.51348E-02
 0.60000E+01, 0.42000E+02, 0.20035E+03, 0.17289E+00, 0.11069E-01
 0.70000E+01, 0.42000E+02, 0.20358E+03, 0.16914E+00, 0.11392E-01
 0.80000E+01, 0.42000E+02, 0.29571E+03, 0.15949E+00, 0.14416E-01
 0.90000E+01, 0.42000E+02, 0.27611E+03, 0.17640E+00, 0.12585E-01
 0.10000E+02, 0.42000E+02, 0.24385E+03, 0.18255E+00, 0.11447E-01
 0.11000E+02, 0.42000E+02, 0.29563E+03, 0.18384E+00, 0.12505E-01
 0.12000E+02, 0.42000E+02, 0.24037E+03, 0.18791E+00, 0.11045E-01
 0.13000E+02, 0.42000E+02, 0.35034E+03, 0.17910E+00, 0.14071E-01
 0.14000E+02, 0.42000E+02, 0.35859E+03, 0.16941E+00, 0.15073E-01
 0.15000E+02, 0.42000E+02, 0.37208E+03, 0.17009E+00, 0.15332E-01
 0.16000E+02, 0.42000E+02, 0.35334E+03, 0.18882E+00, 0.13410E-01
 0.17000E+02, 0.42000E+02, 0.39484E+03, 0.19672E+00, 0.13724E-01
 0.18000E+02, 0.42000E+02, 0.42965E+03, 0.20825E+00, 0.13640E-01
 0.19000E+02, 0.42000E+02, 0.43715E+03, 0.19770E+00, 0.14522E-01
 0.20000E+02, 0.42000E+02, 0.48943E+03, 0.21332E+00, 0.14449E-01
 0.21000E+02, 0.42000E+02, 0.47639E+03, 0.23099E+00, 0.13115E-01
 0.22000E+02, 0.42000E+02, 0.44330E+03, 0.25339E+00, 0.11428E-01
 0.23000E+02, 0.42000E+02, 0.41546E+03, 0.25957E+00, 0.10723E-01
 0.24000E+02, 0.42000E+02, 0.38563E+03, 0.25435E+00, 0.10468E-01
 0.25000E+02, 0.42000E+02, 0.35896E+03, 0.24798E+00, 0.10303E-01
 0.26000E+02, 0.42000E+02, 0.36135E+03, 0.23437E+00, 0.10942E-01
 0.27000E+02, 0.42000E+02, 0.38025E+03, 0.25758E+00, 0.10253E-01
 0.28000E+02, 0.42000E+02, 0.47925E+03, 0.22740E+00, 0.13373E-01
 0.29000E+02, 0.42000E+02, 0.43875E+03, 0.25912E+00, 0.11104E-01
 0.30000E+02, 0.42000E+02, 0.39668E+03, 0.32126E+00, 0.84271E-02
 0.31000E+02, 0.42000E+02, 0.41424E+03, 0.34507E+00, 0.80515E-02
 0.32000E+02, 0.42000E+02, 0.42448E+03, 0.37688E+00, 0.74817E-02
 0.33000E+02, 0.42000E+02, 0.52927E+03, 0.32415E+00, 0.10005E-01
 0.34000E+02, 0.42000E+02, 0.61374E+03, 0.32302E+00, 0.11097E-01
 0.35000E+02, 0.42000E+02, 0.60853E+03, 0.43199E+00, 0.82493E-02
 0.36000E+02, 0.42000E+02, 0.61122E+03, 0.47257E+00, 0.75640E-02
 0.37000E+02, 0.42000E+02, 0.58877E+03, 0.47481E+00, 0.73372E-02
 0.38000E+02, 0.42000E+02, 0.71321E+03, 0.34400E+00, 0.11589E-01
 0.39000E+02, 0.42000E+02, 0.93833E+03, 0.22093E+00, 0.22164E-01
 0.40000E+02, 0.42000E+02, 0.10330E+04, 0.26559E+00, 0.19877E-01
 0.41000E+02, 0.42000E+02, 0.10778E+04, 0.21665E+00, 0.25203E-01
 0.42000E+02, 0.42000E+02, 0.96834E+03, 0.25772E+00, 0.19470E-01
 0.43000E+02, 0.42000E+02, 0.91611E+03, 0.27593E+00, 0.17420E-01
 0.44000E+02, 0.42000E+02, 0.88903E+03, 0.26204E+00, 0.17926E-01
 0.45000E+02, 0.42000E+02, 0.80294E+03, 0.25662E+00, 0.16949E-01
 0.46000E+02, 0.42000E+02, 0.75965E+03, 0.27258E+00, 0.15315E-01
 0.47000E+02, 0.42000E+02, 0.76583E+03, 0.26185E+00, 0.16037E-01
 0.48000E+02, 0.42000E+02, 0.77161E+03, 0.24939E+00, 0.16932E-01
 0.49000E+02, 0.42000E+02, 0.75407E+03, 0.25255E+00, 0.16440E-01
 0.50000E+02, 0.42000E+02, 0.73714E+03, 0.30061E+00, 0.13584E-01
 0.51000E+02, 0.42000E+02, 0.73235E+03, 0.29748E+00, 0.13662E-01
 0.52000E+02, 0.42000E+02, 0.69967E+03, 0.30198E+00, 0.13020E-01
 0.53000E+02, 0.42000E+02, 0.67277E+03, 0.31349E+00, 0.12196E-01
 0.54000E+02, 0.42000E+02, 0.65328E+03, 0.30022E+00, 0.12473E-01
 0.55000E+02, 0.42000E+02, 0.59670E+03, 0.31510E+00, 0.11158E-01
 0.56000E+02, 0.42000E+02, 0.55756E+03, 0.26099E+00, 0.12865E-01
 0.57000E+02, 0.42000E+02, 0.56827E+03, 0.23876E+00, 0.14244E-01
 0.58000E+02, 0.42000E+02, 0.57006E+03, 0.30029E+00, 0.11349E-01
 0.59000E+02, 0.42000E+02, 0.53721E+03, 0.34106E+00, 0.96033E-02
 0.60000E+02, 0.42000E+02, 0.52867E+03, 0.34979E+00, 0.92649E-02
 0.61000E+02, 0.42000E+02, 0.49277E+03, 0.40177E+00, 0.77052E-02
 0.62000E+02, 0.42000E+02, 0.48198E+03, 0.42804E+00, 0.71304E-02
 0.63000E+02, 0.42000E+02, 0.48648E+03, 0.42106E+00, 0.72918E-02
 0.64000E+02, 0.42000E+02, 0.48786E+03, 0.32158E+00, 0.95649E-02
 0.65000E+02, 0.42000E+02, 0.45929E+03, 0.24271E+00, 0.12197E-01
 0.00000E+00, 0.43000E+02, 0.74780E+02, 0.45454E+00, 0.30939E-02
 0.10000E+01, 0.43000E+02, 0.94276E+02, 0.34544E+00, 0.42991E-02
 0.20000E+01, 0.43000E+02, 0.12835E+03, 0.24883E+00, 0.65217E-02
 0.30000E+01, 0.43000E+02, 0.11189E+03, 0.27985E+00, 0.55610E-02
 0.40000E+01, 0.43000E+02, 0.83871E+02, 0.37987E+00, 0.37988E-02
 0.50000E+01, 0.43000E+02, 0.88852E+02, 0.32920E+00, 0.44446E-02
 0.60000E+01, 0.43000E+02, 0.16970E+03, 0.17965E+00, 0.99634E-02
 0.70000E+01, 0.43000E+02, 0.18671E+03, 0.17439E+00, 0.10658E-01
 0.80000E+01, 0.43000E+02, 0.30717E+03, 0.15473E+00, 0.15159E-01
 0.90000E+01, 0.43000E+02, 0.29304E+03, 0.17411E+00, 0.13143E-01
 0.10000E+02, 0.43000E+02, 0.25846E+03, 0.18151E+00, 0.11838E-01
 0.11000E+02, 0.43000E+02, 0.26003E+03, 0.18319E+00, 0.11764E-01
 0.12000E+02, 0.43000E+02, 0.23807E+03, 0.18823E+00, 0.10977E-01
 0.13000E+02, 0.43000E+02, 0.28558E+03, 0.19980E+00, 0.11303E-01
 0.14000E+02, 0.43000E+02, 0.35075E+03, 0.17193E+00, 0.14667E-01
 0.15000E+02, 0.43000E+02, 0.37901E+03, 0.15167E+00, 0.17379E-01
 0.16000E+02, 0.43000E+02, 0.39148E+03, 0.14348E+00, 0.18723E-01
 0.17000E+02, 0.43000E+02, 0.40660E+03, 0.13607E+00, 0.20192E-01
 0.18000E+02, 0.43000E+02, 0.40983E+03, 0.14302E+00, 0.19301E-01
 0.19000E+02, 0.43000E+02, 0.43583E+03, 0.16036E+00, 0.17869E-01
 0.20000E+02, 0.43000E+02, 0.47477E+03, 0.16586E+00, 0.18226E-01
 0.21000E+02, 0.43000E+02, 0.51100E+03, 0.18350E+00, 0.17272E-01
 0.22000E+02, 0.43000E+02, 0.50788E+03, 0.21045E+00, 0.15000E-01
 0.23000E+02, 0.43000E+02, 0.45697E+03, 0.24515E+00, 0.12038E-01
 0.24000E+02, 0.43000E+02, 0.40472E+03, 0.25866E+00, 0.10592E-01
 0.25000E+02, 0.43000E+02, 0.38387E+03, 0.24940E+00, 0.10648E-01
 0.26000E+02, 0.43000E+02, 0.34988E+03, 0.29110E+00, 0.86505E-02
 0.27000E+02, 0.43000E+02, 0.31278E+03, 0.29559E+00, 0.80120E-02
 0.28000E+02, 0.43000E+02, 0.39941E+03, 0.28086E+00, 0.96788E-02
 0.29000E+02, 0.43000E+02, 0.41086E+03, 0.27286E+00, 0.10132E-01
 0.30000E+02, 0.43000E+02, 0.47695E+03, 0.27067E+00, 0.11201E-01
 0.31000E+02, 0.43000E+02, 0.46114E+03, 0.29332E+00, 0.10118E-01
 0.32000E+02, 0.43000E+02, 0.62768E+03, 0.25295E+00, 0.14394E-01
 0.33000E+02, 0.43000E+02, 0.64698E+03, 0.27885E+00, 0.13337E-01
 0.34000E+02, 0.43000E+02, 0.60778E+03, 0.27530E+00, 0.12933E-01
 0.35000E+02, 0.43000E+02, 0.63352E+03, 0.30668E+00, 0.11949E-01
 0.36000E+02, 0.43000E+02, 0.70212E+03, 0.30020E+00, 0.13131E-01
 0.37000E+02, 0.43000E+02, 0.89501E+03, 0.18727E+00, 0.25212E-01
 0.38000E+02, 0.43000E+02, 0.91592E+03, 0.18062E+00, 0.26608E-01
 0.39000E+02, 0.43000E+02, 0.92030E+03, 0.20707E+00, 0.23296E-01
 0.40000E+02, 0.43000E+02, 0.96527E+03, 0.25711E+00, 0.19468E-01
 0.41000E+02, 0.43000E+02, 0.10838E+04, 0.18797E+00, 0.29178E-01
 0.42000E+02, 0.43000E+02, 0.97986E+03, 0.19246E+00, 0.26314E-01
 0.43000E+02, 0.43000E+02, 0.81035E+03, 0.25859E+00, 0.16935E-01
 0.44000E+02, 0.43000E+02, 0.76064E+03, 0.25275E+00, 0.16532E-01
 0.45000E+02, 0.43000E+02, 0.70464E+03, 0.24340E+00, 0.16237E-01
 0.46000E+02, 0.43000E+02, 0.74485E+03, 0.24831E+00, 0.16570E-01
 0.47000E+02, 0.43000E+02, 0.81646E+03, 0.23301E+00, 0.18901E-01
 0.48000E+02, 0.43000E+02, 0.75690E+03, 0.26645E+00, 0.15625E-01
 0.49000E+02, 0.43000E+02, 0.76313E+03, 0.26061E+00, 0.16072E-01
 0.50000E+02, 0.43000E+02, 0.75264E+03, 0.39929E+00, 0.10384E-01
 0.51000E+02, 0.43000E+02, 0.73501E+03, 0.33123E+00, 0.12302E-01
 0.52000E+02, 0.43000E+02, 0.71425E+03, 0.35414E+00, 0.11269E-01
 0.53000E+02, 0.43000E+02, 0.67902E+03, 0.35194E+00, 0.10935E-01
 0.54000E+02, 0.43000E+02, 0.62711E+03, 0.31576E+00, 0.11524E-01
 0.55000E+02, 0.43000E+02, 0.55957E+03, 0.27476E+00, 0.12250E-01
 0.56000E+02, 0.43000E+02, 0.56572E+03, 0.28720E+00, 0.11806E-01
 0.57000E+02, 0.43000E+02, 0.56597E+03, 0.27424E+00, 0.12367E-01
 0.58000E+02, 0.43000E+02, 0.55908E+03, 0.37424E+00, 0.89883E-02
 0.59000E+02, 0.43000E+02, 0.55220E+03, 0.33142E+00, 0.10066E-01
 0.60000E+02, 0.43000E+02, 0.53480E+03, 0.37886E+00, 0.86194E-02
 0.61000E+02, 0.43000E+02, 0.51007E+03, 0.44723E+00, 0.70784E-02
 0.62000E+02, 0.43000E+02, 0.49305E+03, 0.44899E+00, 0.68973E-02
 0.63000E+02, 0.43000E+02, 0.48737E+03, 0.42328E+00, 0.72621E-02
 0.64000E+02, 0.43000E+02, 0.48966E+03, 0.33562E+00, 0.91863E-02
 0.65000E+02, 0.43000E+02, 0.48091E+03, 0.28554E+00, 0.10674E-01
 0.00000E+00, 0.44000E+02, 0.63584E+02, 0.54555E+00, 0.24948E-02
 0.10000E+01, 0.44000E+02, 0.12966E+03, 0.24520E+00, 0.66397E-02
 0.20000E+01, 0.44000E+02, 0.13112E+03, 0.23983E+00, 0.68130E-02
 0.30000E+01, 0.44000E+02, 0.12054E+03, 0.25013E+00, 0.63616E-02
 0.40000E+01, 0.44000E+02, 0.10454E+03, 0.29402E+00, 0.51919E-02
 0.50000E+01, 0.44000E+02, 0.98173E+02, 0.30094E+00, 0.49871E-02
 0.60000E+01, 0.44000E+02, 0.16841E+03, 0.18020E+00, 0.99039E-02
 0.70000E+01, 0.44000E+02, 0.18245E+03, 0.17433E+00, 0.10563E-01
 0.80000E+01, 0.44000E+02, 0.28313E+03, 0.14206E+00, 0.15827E-01
 0.90000E+01, 0.44000E+02, 0.32179E+03, 0.16222E+00, 0.14823E-01
 0.10000E+02, 0.44000E+02, 0.29915E+03, 0.17551E+00, 0.13180E-01
 0.11000E+02, 0.44000E+02, 0.27411E+03, 0.19503E+00, 0.11342E-01
 0.12000E+02, 0.44000E+02, 0.27204E+03, 0.20871E+00, 0.10558E-01
 0.13000E+02, 0.44000E+02, 0.26160E+03, 0.20504E+00, 0.10541E-01
 0.14000E+02, 0.44000E+02, 0.32546E+03, 0.17924E+00, 0.13498E-01
 0.15000E+02, 0.44000E+02, 0.37512E+03, 0.13575E+00, 0.19302E-01
 0.16000E+02, 0.44000E+02, 0.39872E+03, 0.13564E+00, 0.20020E-01
 0.17000E+02, 0.44000E+02, 0.45795E+03, 0.12901E+00, 0.22905E-01
 0.18000E+02, 0.44000E+02, 0.42656E+03, 0.14421E+00, 0.19611E-01
 0.19000E+02, 0.44000E+02, 0.45410E+03, 0.14851E+00, 0.19793E-01
 0.20000E+02, 0.44000E+02, 0.50717E+03, 0.15479E+00, 0.20375E-01
 0.21000E+02, 0.44000E+02, 0.52207E+03, 0.17545E+00, 0.18319E-01
 0.22000E+02, 0.44000E+02, 0.52791E+03, 0.20931E+00, 0.15468E-01
 0.23000E+02, 0.44000E+02, 0.48849E+03, 0.24377E+00, 0.12628E-01
 0.24000E+02, 0.44000E+02, 0.46246E+03, 0.24599E+00, 0.12087E-01
 0.25000E+02, 0.44000E+02, 0.43413E+03, 0.25435E+00, 0.11239E-01
 0.26000E+02, 0.44000E+02, 0.37369E+03, 0.28398E+00, 0.92064E-02
 0.27000E+02, 0.44000E+02, 0.30698E+03, 0.29966E+00, 0.78248E-02
 0.28000E+02, 0.44000E+02, 0.32270E+03, 0.31010E+00, 0.77663E-02
 0.29000E+02, 0.44000E+02, 0.41818E+03, 0.29219E+00, 0.95630E-02
 0.30000E+02, 0.44000E+02, 0.59185E+03, 0.17390E+00, 0.20104E-01
 0.31000E+02, 0.44000E+02, 0.72880E+03, 0.14226E+00, 0.28467E-01
 0.32000E+02, 0.44000E+02, 0.70050E+03, 0.19578E+00, 0.20101E-01
 0.33000E+02, 0.44000E+02, 0.64498E+03, 0.22254E+00, 0.16676E-01
 0.34000E+02, 0.44000E+02, 0.63522E+03, 0.23626E+00, 0.15540E-01
 0.35000E+02, 0.44000E+02, 0.43274E+03, 0.27972E+00, 0.10200E-01
 0.36000E+02, 0.44000E+02, 0.51153E+03, 0.29717E+00, 0.10673E-01
 0.37000E+02, 0.44000E+02, 0.87920E+03, 0.16481E+00, 0.28261E-01
 0.38000E+02, 0.44000E+02, 0.93480E+03, 0.17114E+00, 0.28528E-01
 0.39000E+02, 0.44000E+02, 0.91259E+03, 0.17886E+00, 0.26796E-01
 0.40000E+02, 0.44000E+02, 0.92823E+03, 0.19725E+00, 0.24618E-01
 0.41000E+02, 0.44000E+02, 0.89777E+03, 0.20440E+00, 0.23154E-01
 0.42000E+02, 0.44000E+02, 0.82627E+03, 0.21333E+00, 0.20830E-01
 0.43000E+02, 0.44000E+02, 0.69399E+03, 0.21243E+00, 0.18401E-01
 0.44000E+02, 0.44000E+02, 0.64709E+03, 0.20217E+00, 0.18397E-01
 0.45000E+02, 0.44000E+02, 0.64553E+03, 0.20545E+00, 0.18073E-01
 0.46000E+02, 0.44000E+02, 0.78757E+03, 0.20009E+00, 0.21427E-01
 0.47000E+02, 0.44000E+02, 0.74084E+03, 0.24397E+00, 0.16799E-01
 0.48000E+02, 0.44000E+02, 0.75196E+03, 0.25824E+00, 0.16045E-01
 0.49000E+02, 0.44000E+02, 0.73909E+03, 0.25528E+00, 0.16027E-01
 0.50000E+02, 0.44000E+02, 0.72782E+03, 0.37793E+00, 0.10705E-01
 0.51000E+02, 0.44000E+02, 0.72919E+03, 0.30900E+00, 0.13111E-01
 0.52000E+02, 0.44000E+02, 0.73029E+03, 0.28471E+00, 0.14245E-01
 0.53000E+02, 0.44000E+02, 0.72743E+03, 0.31268E+00, 0.12934E-01
 0.54000E+02, 0.44000E+02, 0.74585E+03, 0.29505E+00, 0.13959E-01
 0.55000E+02, 0.44000E+02, 0.58217E+03, 0.32516E+00, 0.10632E-01
 0.56000E+02, 0.44000E+02, 0.58466E+03, 0.34592E+00, 0.10023E-01
 0.57000E+02, 0.44000E+02, 0.56475E+03, 0.29494E+00, 0.11483E-01
 0.58000E+02, 0.44000E+02, 0.55044E+03, 0.34456E+00, 0.96611E-02
 0.59000E+02, 0.44000E+02, 0.51992E+03, 0.36086E+00, 0.88829E-02
 0.60000E+02, 0.44000E+02, 0.50492E+03, 0.42468E+00, 0.74051E-02
 0.61000E+02, 0.44000E+02, 0.49162E+03, 0.44675E+00, 0.69190E-02
 0.62000E+02, 0.44000E+02, 0.47779E+03, 0.43462E+00, 0.69835E-02
 0.63000E+02, 0.44000E+02, 0.47991E+03, 0.42044E+00, 0.72394E-02
 0.64000E+02, 0.44000E+02, 0.48732E+03, 0.40736E+00, 0.75454E-02
 0.65000E+02, 0.44000E+02, 0.48759E+03, 0.34228E+00, 0.89832E-02
 0.00000E+00, 0.45000E+02, 0.11384E+03, 0.26752E+00, 0.58468E-02
 0.10000E+01, 0.45000E+02, 0.12916E+03, 0.24013E+00, 0.67717E-02
 0.20000E+01, 0.45000E+02, 0.12520E+03, 0.24269E+00, 0.66342E-02
 0.30000E+01, 0.45000E+02, 0.11583E+03, 0.25974E+00, 0.60529E-02
 0.40000E+01, 0.45000E+02, 0.10574E+03, 0.27939E+00, 0.54813E-02
 0.50000E+01, 0.45000E+02, 0.10308E+03, 0.27428E+00, 0.55441E-02
 0.60000E+01, 0.45000E+02, 0.17466E+03, 0.17858E+00, 0.10135E-01
 0.70000E+01, 0.45000E+02, 0.18342E+03, 0.17622E+00, 0.10472E-01
 0.80000E+01, 0.45000E+02, 0.26829E+03, 0.13672E+00, 0.16006E-01
 0.90000E+01, 0.45000E+02, 0.30183E+03, 0.14630E+00, 0.15885E-01
 0.10000E+02, 0.45000E+02, 0.29497E+03, 0.14828E+00, 0.15486E-01
 0.11000E+02, 0.45000E+02, 0.30103E+03, 0.16796E+00, 0.13817E-01
 0.12000E+02, 0.45000E+02, 0.29051E+03, 0.18013E+00, 0.12648E-01
 0.13000E+02, 0.45000E+02, 0.31804E+03, 0.15746E+00, 0.15175E-01
 0.14000E+02, 0.45000E+02, 0.38831E+03, 0.10334E+00, 0.25871E-01
 0.15000E+02, 0.45000E+02, 0.43578E+03, 0.99412E-01, 0.28823E-01
 0.16000E+02, 0.45000E+02, 0.46509E+03, 0.10583E+00, 0.28195E-01
 0.17000E+02, 0.45000E+02, 0.48118E+03, 0.12082E+00, 0.25236E-01
 0.18000E+02, 0.45000E+02, 0.47529E+03, 0.13652E+00, 0.22158E-01
 0.19000E+02, 0.45000E+02, 0.44641E+03, 0.14332E+00, 0.20292E-01
 0.20000E+02, 0.45000E+02, 0.49162E+03, 0.13141E+00, 0.23522E-01
 0.21000E+02, 0.45000E+02, 0.51705E+03, 0.13048E+00, 0.24478E-01
 0.22000E+02, 0.45000E+02, 0.52802E+03, 0.14679E+00, 0.22060E-01
 0.23000E+02, 0.45000E+02, 0.52275E+03, 0.19091E+00, 0.16850E-01
 0.24000E+02, 0.45000E+02, 0.50267E+03, 0.22590E+00, 0.13881E-01
 0.25000E+02, 0.45000E+02, 0.46446E+03, 0.22962E+00, 0.12983E-01
 0.26000E+02, 0.45000E+02, 0.51968E+03, 0.18394E+00, 0.17422E-01
 0.27000E+02, 0.45000E+02, 0.46615E+03, 0.21318E+00, 0.14017E-01
 0.28000E+02, 0.45000E+02, 0.60220E+03, 0.17976E+00, 0.19682E-01
 0.29000E+02, 0.45000E+02, 0.65690E+03, 0.16328E+00, 0.23023E-01
 0.30000E+02, 0.45000E+02, 0.65486E+03, 0.12463E+00, 0.30096E-01
 0.31000E+02, 0.45000E+02, 0.69942E+03, 0.12505E+00, 0.31436E-01
 0.32000E+02, 0.45000E+02, 0.81430E+03, 0.14482E+00, 0.30350E-01
 0.33000E+02, 0.45000E+02, 0.85283E+03, 0.17031E+00, 0.26721E-01
 0.34000E+02, 0.45000E+02, 0.70483E+03, 0.20018E+00, 0.19746E-01
 0.35000E+02, 0.45000E+02, 0.77929E+03, 0.17201E+00, 0.24730E-01
 0.36000E+02, 0.45000E+02, 0.72266E+03, 0.15401E+00, 0.26133E-01
 0.37000E+02, 0.45000E+02, 0.69703E+03, 0.14914E+00, 0.26292E-01
 0.38000E+02, 0.45000E+02, 0.71424E+03, 0.16063E+00, 0.24844E-01
 0.39000E+02, 0.45000E+02, 0.73410E+03, 0.18237E+00, 0.22323E-01
 0.40000E+02, 0.45000E+02, 0.69122E+03, 0.19380E+00, 0.20113E-01
 0.41000E+02, 0.45000E+02, 0.68686E+03, 0.20350E+00, 0.19067E-01
 0.42000E+02, 0.45000E+02, 0.65461E+03, 0.19119E+00, 0.19613E-01
 0.43000E+02, 0.45000E+02, 0.60743E+03, 0.18842E+00, 0.18889E-01
 0.44000E+02, 0.45000E+02, 0.57916E+03, 0.18042E+00, 0.19094E-01
 0.45000E+02, 0.45000E+02, 0.66088E+03, 0.18410E+00, 0.20506E-01
 0.46000E+02, 0.45000E+02, 0.63161E+03, 0.19090E+00, 0.19156E-01
 0.47000E+02, 0.45000E+02, 0.60059E+03, 0.20633E+00, 0.17115E-01
 0.48000E+02, 0.45000E+02, 0.62057E+03, 0.21380E+00, 0.16895E-01
 0.49000E+02, 0.45000E+02, 0.61419E+03, 0.21260E+00, 0.16870E-01
 0.50000E+02, 0.45000E+02, 0.60422E+03, 0.22416E+00, 0.15820E-01
 0.51000E+02, 0.45000E+02, 0.59435E+03, 0.23545E+00, 0.14892E-01
 0.52000E+02, 0.45000E+02, 0.70208E+03, 0.17692E+00, 0.22279E-01
 0.53000E+02, 0.45000E+02, 0.79293E+03, 0.21900E+00, 0.19675E-01
 0.54000E+02, 0.45000E+02, 0.68991E+03, 0.33282E+00, 0.11696E-01
 0.55000E+02, 0.45000E+02, 0.61596E+03, 0.34211E+00, 0.10504E-01
 0.56000E+02, 0.45000E+02, 0.53122E+03, 0.34453E+00, 0.94363E-02
 0.57000E+02, 0.45000E+02, 0.49974E+03, 0.34373E+00, 0.90883E-02
 0.58000E+02, 0.45000E+02, 0.46014E+03, 0.32835E+00, 0.90263E-02
 0.59000E+02, 0.45000E+02, 0.46199E+03, 0.41197E+00, 0.72124E-02
 0.60000E+02, 0.45000E+02, 0.45665E+03, 0.41210E+00, 0.71579E-02
 0.61000E+02, 0.45000E+02, 0.45598E+03, 0.44429E+00, 0.66331E-02
 0.62000E+02, 0.45000E+02, 0.44855E+03, 0.44069E+00, 0.66191E-02
 0.63000E+02, 0.45000E+02, 0.49458E+03, 0.35404E+00, 0.87646E-02
 0.64000E+02, 0.45000E+02, 0.48450E+03, 0.39039E+00, 0.78441E-02
 0.65000E+02, 0.45000E+02, 0.48310E+03, 0.37770E+00, 0.80927E-02
 0.00000E+00, 0.46000E+02, 0.50940E+02, 0.60831E+00, 0.21534E-02
 0.10000E+01, 0.46000E+02, 0.42797E+02, 0.87331E+00, 0.14623E-02
 0.20000E+01, 0.46000E+02, 0.38016E+02, 0.12402E+01, 0.10141E-02
 0.30000E+01, 0.46000E+02, 0.33737E+02, 0.16226E+01, 0.76446E-03
 0.40000E+01, 0.46000E+02, 0.33960E+02, 0.16560E+01, 0.74956E-03
 0.50000E+01, 0.46000E+02, 0.31035E+02, 0.21903E+01, 0.56133E-03
 0.60000E+01, 0.46000E+02, 0.29414E+02, 0.28201E+01, 0.43364E-03
 0.70000E+01, 0.46000E+02, 0.24621E+02, 0.14286E+02, 0.84244E-04
 0.80000E+01, 0.46000E+02, 0.88787E+02, 0.39500E+00, 0.37035E-02
 0.90000E+01, 0.46000E+02, 0.41297E+02, 0.13102E+01, 0.97005E-03
 0.10000E+02, 0.46000E+02, 0.37821E+02, 0.16944E+01, 0.74181E-03
 0.11000E+02, 0.46000E+02, 0.14742E+03, 0.27065E+00, 0.62808E-02
 0.12000E+02, 0.46000E+02, 0.18663E+03, 0.22217E+00, 0.83646E-02
 0.13000E+02, 0.46000E+02, 0.13170E+03, 0.27994E+00, 0.58453E-02
 0.14000E+02, 0.46000E+02, 0.13640E+03, 0.27396E+00, 0.60422E-02
 0.15000E+02, 0.46000E+02, 0.58066E+02, 0.67779E+00, 0.19751E-02
 0.16000E+02, 0.46000E+02, 0.52164E+02, 0.75371E+00, 0.17445E-02
 0.17000E+02, 0.46000E+02, 0.58604E+02, 0.60199E+00, 0.22274E-02
 0.18000E+02, 0.46000E+02, 0.29202E+02, 0.26931E+01, 0.45378E-03
 0.19000E+02, 0.46000E+02, 0.28708E+02, 0.42327E+01, 0.28825E-03
 0.20000E+02, 0.46000E+02, 0.27402E+02, 0.37953E+01, 0.32008E-03
 0.21000E+02, 0.46000E+02, 0.26315E+02, 0.49393E+01, 0.24505E-03
 0.22000E+02, 0.46000E+02, 0.13210E+03, 0.38570E+00, 0.42467E-02
 0.23000E+02, 0.46000E+02, 0.14934E+03, 0.35419E+00, 0.48212E-02
 0.24000E+02, 0.46000E+02, 0.20297E+03, 0.30487E+00, 0.63123E-02
 0.25000E+02, 0.46000E+02, 0.25438E+03, 0.29268E+00, 0.72849E-02
 0.26000E+02, 0.46000E+02, 0.25898E+03, 0.29183E+00, 0.73700E-02
 0.27000E+02, 0.46000E+02, 0.23244E+03, 0.29051E+00, 0.70342E-02
 0.28000E+02, 0.46000E+02, 0.96543E+02, 0.56423E+00, 0.26483E-02
 0.29000E+02, 0.46000E+02, 0.18352E+03, 0.40515E+00, 0.45558E-02
 0.30000E+02, 0.46000E+02, 0.23335E+03, 0.34281E+00, 0.59717E-02
 0.31000E+02, 0.46000E+02, 0.18491E+03, 0.34583E+00, 0.53536E-02
 0.32000E+02, 0.46000E+02, 0.23989E+03, 0.28598E+00, 0.72508E-02
 0.33000E+02, 0.46000E+02, 0.11312E+03, 0.39891E+00, 0.39138E-02
 0.34000E+02, 0.46000E+02, 0.22000E+02, 0.30000E+02, 0.00000E+00
 0.35000E+02, 0.46000E+02, 0.44423E+03, 0.18595E+00, 0.15593E-01
 0.36000E+02, 0.46000E+02, 0.37333E+03, 0.18017E+00, 0.14503E-01
 0.37000E+02, 0.46000E+02, 0.40346E+03, 0.30276E+00, 0.90328E-02
 0.38000E+02, 0.46000E+02, 0.17313E+03, 0.55516E+00, 0.32492E-02
 0.39000E+02, 0.46000E+02, 0.75195E+03, 0.23030E+00, 0.17991E-01
 0.40000E+02, 0.46000E+02, 0.19634E+03, 0.48713E+00, 0.38954E-02
 0.41000E+02, 0.46000E+02, 0.64805E+02, 0.11208E+01, 0.12188E-02
 0.42000E+02, 0.46000E+02, 0.65689E+02, 0.10273E+01, 0.13331E-02
 0.43000E+02, 0.46000E+02, 0.69979E+02, 0.94480E+00, 0.14679E-02
 0.44000E+02, 0.46000E+02, 0.21883E+03, 0.41016E+00, 0.48480E-02
 0.45000E+02, 0.46000E+02, 0.11162E+03, 0.98225E+00, 0.15833E-02
 0.46000E+02, 0.46000E+02, 0.14376E+03, 0.80019E+00, 0.21058E-02
 0.47000E+02, 0.46000E+02, 0.34453E+03, 0.41746E+00, 0.59802E-02
 0.48000E+02, 0.46000E+02, 0.26109E+03, 0.46409E+00, 0.46528E-02
 0.49000E+02, 0.46000E+02, 0.12374E+03, 0.70748E+00, 0.22675E-02
 0.50000E+02, 0.46000E+02, 0.10503E+03, 0.67349E+00, 0.22696E-02
 0.51000E+02, 0.46000E+02, 0.12240E+03, 0.56210E+00, 0.28443E-02
 0.52000E+02, 0.46000E+02, 0.12120E+03, 0.55512E+00, 0.28713E-02
 0.53000E+02, 0.46000E+02, 0.11601E+03, 0.57288E+00, 0.27456E-02
 0.54000E+02, 0.46000E+02, 0.13758E+03, 0.48139E+00, 0.34486E-02
 0.55000E+02, 0.46000E+02, 0.74780E+03, 0.21154E+00, 0.19507E-01
 0.56000E+02, 0.46000E+02, 0.73516E+03, 0.21034E+00, 0.19376E-01
 0.57000E+02, 0.46000E+02, 0.85021E+03, 0.20240E+00, 0.22433E-01
 0.58000E+02, 0.46000E+02, 0.53399E+03, 0.19767E+00, 0.16504E-01
 0.59000E+02, 0.46000E+02, 0.44669E+03, 0.18930E+00, 0.15370E-01
 0.60000E+02, 0.46000E+02, 0.44273E+03, 0.15087E+00, 0.19178E-01
 0.61000E+02, 0.46000E+02, 0.55563E+03, 0.12773E+00, 0.26227E-01
 0.62000E+02, 0.46000E+02, 0.65731E+03, 0.17143E+00, 0.21937E-01
 0.63000E+02, 0.46000E+02, 0.88128E+03, 0.18888E+00, 0.24703E-01
 0.64000E+02, 0.46000E+02, 0.47097E+03, 0.32670E+00, 0.92061E-02
 0.65000E+02, 0.46000E+02, 0.47843E+03, 0.36144E+00, 0.84046E-02
 0.00000E+00, 0.47000E+02, 0.58363E+02, 0.55331E+00, 0.24216E-02
 0.10000E+01, 0.47000E+02, 0.52487E+02, 0.67113E+00, 0.19611E-02
 0.20000E+01, 0.47000E+02, 0.46491E+02, 0.86148E+00, 0.14997E-02
 0.30000E+01, 0.47000E+02, 0.41033E+02, 0.11177E+01, 0.11361E-02
 0.40000E+01, 0.47000E+02, 0.41150E+02, 0.11076E+01, 0.11469E-02
 0.50000E+01, 0.47000E+02, 0.38071E+02, 0.13129E+01, 0.95811E-03
 0.60000E+01, 0.47000E+02, 0.34051E+02, 0.18150E+01, 0.68412E-03
 0.70000E+01, 0.47000E+02, 0.28189E+02, 0.44059E+01, 0.27644E-03
 0.80000E+01, 0.47000E+02, 0.56045E+02, 0.71608E+00, 0.18581E-02
 0.90000E+01, 0.47000E+02, 0.39526E+02, 0.13562E+01, 0.93186E-03
 0.10000E+02, 0.47000E+02, 0.50132E+02, 0.94325E+00, 0.13853E-02
 0.11000E+02, 0.47000E+02, 0.49266E+02, 0.92874E+00, 0.14031E-02
 0.12000E+02, 0.47000E+02, 0.74644E+02, 0.52565E+00, 0.26742E-02
 0.13000E+02, 0.47000E+02, 0.11844E+03, 0.31517E+00, 0.50219E-02
 0.14000E+02, 0.47000E+02, 0.65464E+02, 0.59115E+00, 0.23152E-02
 0.15000E+02, 0.47000E+02, 0.56045E+02, 0.68827E+00, 0.19332E-02
 0.16000E+02, 0.47000E+02, 0.58424E+02, 0.62190E+00, 0.21549E-02
 0.17000E+02, 0.47000E+02, 0.56308E+02, 0.63804E+00, 0.20870E-02
 0.18000E+02, 0.47000E+02, 0.30467E+02, 0.21431E+01, 0.57260E-03
 0.19000E+02, 0.47000E+02, 0.27138E+02, 0.36948E+01, 0.32849E-03
 0.20000E+02, 0.47000E+02, 0.26954E+02, 0.38713E+01, 0.31332E-03
 0.21000E+02, 0.47000E+02, 0.27114E+02, 0.35564E+01, 0.34125E-03
 0.22000E+02, 0.47000E+02, 0.13287E+03, 0.39371E+00, 0.41682E-02
 0.23000E+02, 0.47000E+02, 0.16084E+03, 0.34857E+00, 0.50323E-02
 0.24000E+02, 0.47000E+02, 0.21867E+03, 0.29819E+00, 0.66665E-02
 0.25000E+02, 0.47000E+02, 0.22074E+03, 0.30176E+00, 0.66152E-02
 0.26000E+02, 0.47000E+02, 0.21458E+03, 0.30609E+00, 0.64403E-02
 0.27000E+02, 0.47000E+02, 0.22884E+03, 0.29134E+00, 0.69642E-02
 0.28000E+02, 0.47000E+02, 0.10694E+03, 0.48555E+00, 0.31640E-02
 0.29000E+02, 0.47000E+02, 0.14197E+03, 0.47135E+00, 0.35597E-02
 0.30000E+02, 0.47000E+02, 0.12538E+03, 0.51499E+00, 0.31279E-02
 0.31000E+02, 0.47000E+02, 0.14261E+03, 0.34083E+00, 0.49304E-02
 0.32000E+02, 0.47000E+02, 0.15398E+03, 0.34912E+00, 0.49451E-02
 0.33000E+02, 0.47000E+02, 0.12598E+03, 0.36735E+00, 0.43916E-02
 0.34000E+02, 0.47000E+02, 0.22000E+02, 0.30000E+02, 0.00000E+00
 0.35000E+02, 0.47000E+02, 0.56933E+03, 0.16003E+00, 0.21279E-01
 0.36000E+02, 0.47000E+02, 0.34850E+03, 0.16972E+00, 0.14804E-01
 0.37000E+02, 0.47000E+02, 0.36117E+03, 0.29526E+00, 0.86831E-02
 0.38000E+02, 0.47000E+02, 0.81669E+02, 0.96771E+00, 0.14820E-02
 0.39000E+02, 0.47000E+02, 0.92022E+02, 0.85030E+00, 0.17358E-02
 0.40000E+02, 0.47000E+02, 0.62747E+02, 0.11304E+01, 0.12010E-02
 0.41000E+02, 0.47000E+02, 0.59770E+02, 0.11366E+01, 0.11839E-02
 0.42000E+02, 0.47000E+02, 0.67445E+02, 0.93501E+00, 0.14723E-02
 0.43000E+02, 0.47000E+02, 0.77531E+02, 0.84015E+00, 0.16871E-02
 0.44000E+02, 0.47000E+02, 0.24682E+03, 0.38071E+00, 0.55203E-02
 0.45000E+02, 0.47000E+02, 0.10886E+03, 0.89335E+00, 0.17284E-02
 0.46000E+02, 0.47000E+02, 0.92461E+02, 0.10969E+01, 0.13472E-02
 0.47000E+02, 0.47000E+02, 0.13881E+03, 0.71822E+00, 0.23183E-02
 0.48000E+02, 0.47000E+02, 0.14690E+03, 0.61237E+00, 0.27725E-02
 0.49000E+02, 0.47000E+02, 0.10216E+03, 0.78124E+00, 0.19417E-02
 0.50000E+02, 0.47000E+02, 0.97487E+02, 0.74213E+00, 0.20186E-02
 0.51000E+02, 0.47000E+02, 0.12795E+03, 0.56416E+00, 0.28736E-02
 0.52000E+02, 0.47000E+02, 0.12000E+03, 0.56604E+00, 0.28073E-02
 0.53000E+02, 0.47000E+02, 0.11456E+03, 0.57685E+00, 0.27166E-02
 0.54000E+02, 0.47000E+02, 0.14110E+03, 0.46010E+00, 0.36390E-02
 0.55000E+02, 0.47000E+02, 0.56872E+03, 0.20956E+00, 0.16237E-01
 0.56000E+02, 0.47000E+02, 0.53564E+03, 0.18388E+00, 0.17778E-01
 0.57000E+02, 0.47000E+02, 0.65855E+03, 0.17319E+00, 0.21744E-01
 0.58000E+02, 0.47000E+02, 0.46869E+03, 0.17619E+00, 0.17018E-01
 0.59000E+02, 0.47000E+02, 0.42409E+03, 0.16530E+00, 0.17048E-01
 0.60000E+02, 0.47000E+02, 0.43202E+03, 0.15686E+00, 0.18171E-01
 0.61000E+02, 0.47000E+02, 0.50719E+03, 0.14093E+00, 0.22380E-01
 0.62000E+02, 0.47000E+02, 0.47937E+03, 0.15803E+00, 0.19246E-01
 0.63000E+02, 0.47000E+02, 0.56716E+03, 0.16448E+00, 0.20649E-01
 0.64000E+02, 0.47000E+02, 0.43290E+03, 0.24439E+00, 0.11677E-01
 0.65000E+02, 0.47000E+02, 0.46792E+03, 0.30211E+00, 0.99146E-02
 0.00000E+00, 0.48000E+02, 0.59716E+02, 0.54248E+00, 0.24801E-02
 0.10000E+01, 0.48000E+02, 0.57484E+02, 0.58492E+00, 0.22847E-02
 0.20000E+01, 0.48000E+02, 0.48672E+02, 0.78407E+00, 0.16590E-02
 0.30000E+01, 0.48000E+02, 0.44784E+02, 0.92749E+00, 0.13855E-02
 0.40000E+01, 0.48000E+02, 0.42436E+02, 0.10483E+01, 0.12168E-02
 0.50000E+01, 0.48000E+02, 0.43424E+02, 0.10317E+01, 0.12402E-02
 0.60000E+01, 0.48000E+02, 0.35618E+02, 0.16584E+01, 0.75251E-03
 0.70000E+01, 0.48000E+02, 0.32669E+02, 0.21701E+01, 0.56959E-03
 0.80000E+01, 0.48000E+02, 0.47139E+02, 0.93971E+00, 0.13776E-02
 0.90000E+01, 0.48000E+02, 0.55955E+02, 0.72880E+00, 0.18252E-02
 0.10000E+02, 0.48000E+02, 0.53612E+02, 0.79758E+00, 0.16559E-02
 0.11000E+02, 0.48000E+02, 0.43597E+02, 0.10009E+01, 0.12791E-02
 0.12000E+02, 0.48000E+02, 0.50921E+02, 0.84774E+00, 0.15451E-02
 0.13000E+02, 0.48000E+02, 0.57285E+02, 0.72597E+00, 0.18397E-02
 0.14000E+02, 0.48000E+02, 0.42973E+02, 0.11694E+01, 0.10926E-02
 0.15000E+02, 0.48000E+02, 0.48420E+02, 0.90213E+00, 0.14407E-02
 0.16000E+02, 0.48000E+02, 0.61877E+02, 0.58236E+00, 0.23252E-02
 0.17000E+02, 0.48000E+02, 0.66131E+02, 0.51676E+00, 0.26537E-02
 0.18000E+02, 0.48000E+02, 0.33839E+02, 0.16788E+01, 0.73908E-03
 0.19000E+02, 0.48000E+02, 0.32249E+02, 0.18535E+01, 0.66595E-03
 0.20000E+02, 0.48000E+02, 0.31458E+02, 0.19218E+01, 0.64064E-03
 0.21000E+02, 0.48000E+02, 0.30629E+02, 0.19800E+01, 0.62011E-03
 0.22000E+02, 0.48000E+02, 0.99031E+02, 0.49751E+00, 0.30236E-02
 0.23000E+02, 0.48000E+02, 0.14831E+03, 0.38355E+00, 0.44414E-02
 0.24000E+02, 0.48000E+02, 0.20961E+03, 0.30130E+00, 0.64761E-02
 0.25000E+02, 0.48000E+02, 0.23093E+03, 0.29017E+00, 0.70213E-02
 0.26000E+02, 0.48000E+02, 0.18804E+03, 0.30868E+00, 0.60387E-02
 0.27000E+02, 0.48000E+02, 0.19809E+03, 0.30266E+00, 0.62931E-02
 0.28000E+02, 0.48000E+02, 0.96490E+02, 0.50605E+00, 0.29523E-02
 0.29000E+02, 0.48000E+02, 0.12974E+03, 0.45244E+00, 0.35992E-02
 0.30000E+02, 0.48000E+02, 0.11309E+03, 0.48898E+00, 0.31925E-02
 0.31000E+02, 0.48000E+02, 0.39691E+02, 0.19568E+01, 0.64620E-03
 0.32000E+02, 0.48000E+02, 0.25574E+02, 0.85943E+01, 0.14049E-03
 0.33000E+02, 0.48000E+02, 0.24712E+02, 0.10922E+02, 0.11022E-03
 0.34000E+02, 0.48000E+02, 0.22000E+02, 0.30000E+02, 0.00000E+00
 0.35000E+02, 0.48000E+02, 0.52295E+03, 0.15278E+00, 0.21061E-01
 0.36000E+02, 0.48000E+02, 0.30243E+03, 0.17539E+00, 0.13264E-01
 0.37000E+02, 0.48000E+02, 0.19033E+03, 0.44504E+00, 0.42093E-02
 0.38000E+02, 0.48000E+02, 0.76105E+02, 0.94536E+00, 0.14932E-02
 0.39000E+02, 0.48000E+02, 0.69358E+02, 0.89599E+00, 0.15451E-02
 0.40000E+02, 0.48000E+02, 0.63912E+02, 0.10160E+01, 0.13409E-02
 0.41000E+02, 0.48000E+02, 0.58627E+02, 0.11496E+01, 0.11664E-02
 0.42000E+02, 0.48000E+02, 0.66124E+02, 0.98374E+00, 0.13939E-02
 0.43000E+02, 0.48000E+02, 0.78600E+02, 0.83057E+00, 0.17117E-02
 0.44000E+02, 0.48000E+02, 0.17942E+03, 0.52951E+00, 0.34546E-02
 0.45000E+02, 0.48000E+02, 0.12928E+03, 0.70062E+00, 0.23216E-02
 0.46000E+02, 0.48000E+02, 0.98910E+02, 0.90972E+00, 0.16530E-02
 0.47000E+02, 0.48000E+02, 0.66200E+02, 0.13087E+01, 0.10481E-02
 0.48000E+02, 0.48000E+02, 0.77435E+02, 0.10485E+01, 0.13514E-02
 0.49000E+02, 0.48000E+02, 0.10569E+03, 0.72041E+00, 0.21255E-02
 0.50000E+02, 0.48000E+02, 0.11950E+03, 0.62174E+00, 0.25525E-02
 0.51000E+02, 0.48000E+02, 0.13899E+03, 0.52564E+00, 0.31691E-02
 0.52000E+02, 0.48000E+02, 0.13912E+03, 0.49773E+00, 0.33479E-02
 0.53000E+02, 0.48000E+02, 0.12104E+03, 0.54809E+00, 0.29069E-02
 0.54000E+02, 0.48000E+02, 0.14969E+03, 0.44189E+00, 0.38676E-02
 0.55000E+02, 0.48000E+02, 0.46270E+03, 0.17477E+00, 0.17017E-01
 0.56000E+02, 0.48000E+02, 0.55258E+03, 0.16489E+00, 0.20240E-01
 0.57000E+02, 0.48000E+02, 0.51704E+03, 0.14783E+00, 0.21604E-01
 0.58000E+02, 0.48000E+02, 0.47660E+03, 0.15818E+00, 0.19158E-01
 0.59000E+02, 0.48000E+02, 0.47471E+03, 0.15338E+00, 0.19707E-01
 0.60000E+02, 0.48000E+02, 0.42960E+03, 0.13803E+00, 0.20579E-01
 0.61000E+02, 0.48000E+02, 0.43619E+03, 0.13418E+00, 0.21368E-01
 0.62000E+02, 0.48000E+02, 0.43066E+03, 0.13514E+00, 0.21049E-01
 0.63000E+02, 0.48000E+02, 0.44506E+03, 0.15147E+00, 0.19164E-01
 0.64000E+02, 0.48000E+02, 0.41773E+03, 0.24705E+00, 0.11303E-01
 0.65000E+02, 0.48000E+02, 0.45836E+03, 0.27758E+00, 0.10652E-01
 0.00000E+00, 0.49000E+02, 0.61295E+02, 0.52948E+00, 0.25530E-02
 0.10000E+01, 0.49000E+02, 0.51676E+02, 0.70593E+00, 0.18598E-02
 0.20000E+01, 0.49000E+02, 0.46686E+02, 0.85768E+00, 0.15072E-02
 0.30000E+01, 0.49000E+02, 0.46194E+02, 0.89088E+00, 0.14488E-02
 0.40000E+01, 0.49000E+02, 0.45397E+02, 0.92662E+00, 0.13895E-02
 0.50000E+01, 0.49000E+02, 0.43471E+02, 0.10250E+01, 0.12486E-02
 0.60000E+01, 0.49000E+02, 0.38025E+02, 0.14076E+01, 0.89352E-03
 0.70000E+01, 0.49000E+02, 0.45179E+02, 0.10048E+01, 0.12804E-02
 0.80000E+01, 0.49000E+02, 0.44428E+02, 0.10512E+01, 0.12211E-02
 0.90000E+01, 0.49000E+02, 0.51759E+02, 0.83114E+00, 0.15800E-02
 0.10000E+02, 0.49000E+02, 0.44305E+02, 0.10022E+01, 0.12803E-02
 0.11000E+02, 0.49000E+02, 0.47627E+02, 0.84801E+00, 0.15289E-02
 0.12000E+02, 0.49000E+02, 0.48619E+02, 0.87719E+00, 0.14826E-02
 0.13000E+02, 0.49000E+02, 0.51304E+02, 0.85248E+00, 0.15383E-02
 0.14000E+02, 0.49000E+02, 0.53235E+02, 0.78958E+00, 0.16707E-02
 0.15000E+02, 0.49000E+02, 0.52091E+02, 0.78670E+00, 0.16710E-02
 0.16000E+02, 0.49000E+02, 0.58014E+02, 0.63645E+00, 0.21031E-02
 0.17000E+02, 0.49000E+02, 0.62534E+02, 0.55889E+00, 0.24276E-02
 0.18000E+02, 0.49000E+02, 0.34312E+02, 0.15893E+01, 0.78192E-03
 0.19000E+02, 0.49000E+02, 0.34594E+02, 0.14897E+01, 0.83495E-03
 0.20000E+02, 0.49000E+02, 0.35834E+02, 0.13367E+01, 0.93426E-03
 0.21000E+02, 0.49000E+02, 0.32190E+02, 0.16570E+01, 0.74480E-03
 0.22000E+02, 0.49000E+02, 0.12204E+03, 0.39710E+00, 0.40224E-02
 0.23000E+02, 0.49000E+02, 0.18410E+03, 0.31143E+00, 0.59344E-02
 0.24000E+02, 0.49000E+02, 0.18843E+03, 0.30740E+00, 0.60690E-02
 0.25000E+02, 0.49000E+02, 0.19199E+03, 0.30584E+00, 0.61471E-02
 0.26000E+02, 0.49000E+02, 0.20457E+03, 0.29404E+00, 0.65667E-02
 0.27000E+02, 0.49000E+02, 0.19230E+03, 0.30017E+00, 0.62674E-02
 0.28000E+02, 0.49000E+02, 0.80222E+02, 0.60879E+00, 0.23461E-02
 0.29000E+02, 0.49000E+02, 0.10358E+03, 0.48527E+00, 0.31378E-02
 0.30000E+02, 0.49000E+02, 0.80622E+02, 0.60341E+00, 0.23697E-02
 0.31000E+02, 0.49000E+02, 0.28811E+02, 0.53594E+01, 0.22772E-03
 0.32000E+02, 0.49000E+02, 0.22812E+02, 0.30000E+02, 0.28423E-04
 0.33000E+02, 0.49000E+02, 0.22542E+02, 0.30000E+02, 0.19903E-04
 0.34000E+02, 0.49000E+02, 0.22000E+02, 0.30000E+02, 0.00000E+00
 0.35000E+02, 0.49000E+02, 0.50646E+03, 0.14424E+00, 0.21845E-01
 0.36000E+02, 0.49000E+02, 0.41064E+03, 0.14894E+00, 0.18556E-01
 0.37000E+02, 0.49000E+02, 0.18661E+03, 0.44576E+00, 0.41688E-02
 0.38000E+02, 0.49000E+02, 0.11295E+03, 0.66056E+00, 0.23624E-02
 0.39000E+02, 0.49000E+02, 0.71867E+02, 0.85042E+00, 0.16398E-02
 0.40000E+02, 0.49000E+02, 0.65075E+02, 0.96036E+00, 0.14235E-02
 0.41000E+02, 0.49000E+02, 0.62246E+02, 0.10377E+01, 0.13064E-02
 0.42000E+02, 0.49000E+02, 0.66580E+02, 0.99109E+00, 0.13855E-02
 0.43000E+02, 0.49000E+02, 0.68501E+02, 0.91344E+00, 0.15118E-02
 0.44000E+02, 0.49000E+02, 0.10197E+03, 0.85633E+00, 0.17705E-02
 0.45000E+02, 0.49000E+02, 0.14241E+03, 0.62559E+00, 0.26848E-02
 0.46000E+02, 0.49000E+02, 0.12918E+03, 0.66581E+00, 0.24424E-02
 0.47000E+02, 0.49000E+02, 0.74856E+02, 0.10721E+01, 0.13120E-02
 0.48000E+02, 0.49000E+02, 0.84792E+02, 0.90142E+00, 0.16050E-02
 0.49000E+02, 0.49000E+02, 0.11193E+03, 0.66569E+00, 0.23381E-02
 0.50000E+02, 0.49000E+02, 0.12461E+03, 0.58886E+00, 0.27301E-02
 0.51000E+02, 0.49000E+02, 0.14228E+03, 0.50776E+00, 0.33069E-02
 0.52000E+02, 0.49000E+02, 0.13469E+03, 0.50752E+00, 0.32480E-02
 0.53000E+02, 0.49000E+02, 0.13285E+03, 0.50289E+00, 0.32631E-02
 0.54000E+02, 0.49000E+02, 0.14575E+03, 0.45476E+00, 0.37231E-02
 0.55000E+02, 0.49000E+02, 0.45697E+03, 0.15324E+00, 0.19257E-01
 0.56000E+02, 0.49000E+02, 0.49611E+03, 0.15327E+00, 0.20286E-01
 0.57000E+02, 0.49000E+02, 0.49518E+03, 0.13340E+00, 0.23279E-01
 0.58000E+02, 0.49000E+02, 0.47626E+03, 0.13150E+00, 0.23035E-01
 0.59000E+02, 0.49000E+02, 0.46368E+03, 0.13624E+00, 0.21859E-01
 0.60000E+02, 0.49000E+02, 0.44246E+03, 0.12994E+00, 0.22259E-01
 0.61000E+02, 0.49000E+02, 0.42756E+03, 0.12920E+00, 0.21921E-01
 0.62000E+02, 0.49000E+02, 0.41325E+03, 0.13180E+00, 0.21050E-01
 0.63000E+02, 0.49000E+02, 0.40464E+03, 0.14136E+00, 0.19380E-01
 0.64000E+02, 0.49000E+02, 0.41805E+03, 0.26003E+00, 0.10744E-01
 0.65000E+02, 0.49000E+02, 0.39823E+03, 0.22287E+00, 0.12176E-01
 0.00000E+00, 0.50000E+02, 0.63045E+02, 0.50951E+00, 0.26670E-02
 0.10000E+01, 0.50000E+02, 0.58269E+02, 0.58982E+00, 0.22711E-02
 0.20000E+01, 0.50000E+02, 0.53572E+02, 0.67584E+00, 0.19539E-02
 0.30000E+01, 0.50000E+02, 0.48434E+02, 0.81404E+00, 0.15967E-02
 0.40000E+01, 0.50000E+02, 0.48664E+02, 0.82834E+00, 0.15703E-02
 0.50000E+01, 0.50000E+02, 0.47050E+02, 0.90215E+00, 0.14346E-02
 0.60000E+01, 0.50000E+02, 0.44118E+02, 0.10407E+01, 0.12322E-02
 0.70000E+01, 0.50000E+02, 0.42808E+02, 0.11172E+01, 0.11431E-02
 0.80000E+01, 0.50000E+02, 0.46601E+02, 0.94707E+00, 0.13646E-02
 0.90000E+01, 0.50000E+02, 0.48752E+02, 0.88028E+00, 0.14780E-02
 0.10000E+02, 0.50000E+02, 0.45289E+02, 0.93224E+00, 0.13806E-02
 0.11000E+02, 0.50000E+02, 0.50035E+02, 0.81478E+00, 0.16032E-02
 0.12000E+02, 0.50000E+02, 0.56698E+02, 0.71765E+00, 0.18577E-02
 0.13000E+02, 0.50000E+02, 0.69831E+02, 0.53794E+00, 0.25770E-02
 0.14000E+02, 0.50000E+02, 0.68697E+02, 0.54126E+00, 0.25527E-02
 0.15000E+02, 0.50000E+02, 0.56050E+02, 0.69237E+00, 0.19217E-02
 0.16000E+02, 0.50000E+02, 0.64127E+02, 0.56435E+00, 0.24155E-02
 0.17000E+02, 0.50000E+02, 0.70691E+02, 0.48284E+00, 0.28783E-02
 0.18000E+02, 0.50000E+02, 0.34442E+02, 0.15816E+01, 0.78607E-03
 0.19000E+02, 0.50000E+02, 0.35451E+02, 0.13926E+01, 0.89564E-03
 0.20000E+02, 0.50000E+02, 0.36970E+02, 0.12840E+01, 0.97617E-03
 0.21000E+02, 0.50000E+02, 0.37070E+02, 0.12089E+01, 0.10372E-02
 0.22000E+02, 0.50000E+02, 0.12373E+03, 0.39342E+00, 0.40774E-02
 0.23000E+02, 0.50000E+02, 0.18286E+03, 0.30469E+00, 0.60491E-02
 0.24000E+02, 0.50000E+02, 0.19719E+03, 0.29883E+00, 0.63616E-02
 0.25000E+02, 0.50000E+02, 0.18587E+03, 0.30547E+00, 0.60735E-02
 0.26000E+02, 0.50000E+02, 0.21473E+03, 0.28943E+00, 0.68132E-02
 0.27000E+02, 0.50000E+02, 0.20227E+03, 0.29081E+00, 0.66078E-02
 0.28000E+02, 0.50000E+02, 0.72827E+02, 0.70030E+00, 0.19968E-02
 0.29000E+02, 0.50000E+02, 0.73332E+02, 0.69440E+00, 0.20167E-02
 0.30000E+02, 0.50000E+02, 0.73215E+02, 0.69475E+00, 0.20150E-02
 0.31000E+02, 0.50000E+02, 0.24026E+02, 0.30000E+02, 0.20208E-04
 0.32000E+02, 0.50000E+02, 0.23523E+02, 0.30000E+02, 0.28151E-04
 0.33000E+02, 0.50000E+02, 0.23378E+02, 0.29289E+02, 0.40921E-04
 0.34000E+02, 0.50000E+02, 0.22000E+02, 0.30000E+02, 0.00000E+00
 0.35000E+02, 0.50000E+02, 0.44606E+03, 0.14187E+00, 0.20490E-01
 0.36000E+02, 0.50000E+02, 0.36019E+03, 0.14694E+00, 0.17421E-01
 0.37000E+02, 0.50000E+02, 0.26129E+03, 0.33298E+00, 0.64872E-02
 0.38000E+02, 0.50000E+02, 0.12114E+03, 0.60448E+00, 0.26364E-02
 0.39000E+02, 0.50000E+02, 0.69051E+02, 0.84227E+00, 0.16421E-02
 0.40000E+02, 0.50000E+02, 0.66489E+02, 0.87825E+00, 0.15631E-02
 0.41000E+02, 0.50000E+02, 0.64863E+02, 0.95223E+00, 0.14347E-02
 0.42000E+02, 0.50000E+02, 0.63834E+02, 0.98719E+00, 0.13797E-02
 0.43000E+02, 0.50000E+02, 0.60918E+02, 0.98098E+00, 0.13764E-02
 0.44000E+02, 0.50000E+02, 0.14058E+03, 0.61013E+00, 0.27407E-02
 0.45000E+02, 0.50000E+02, 0.11830E+03, 0.71549E+00, 0.22113E-02
 0.46000E+02, 0.50000E+02, 0.12620E+03, 0.63814E+00, 0.25294E-02
 0.47000E+02, 0.50000E+02, 0.12739E+03, 0.61600E+00, 0.26281E-02
 0.48000E+02, 0.50000E+02, 0.12227E+03, 0.62515E+00, 0.25565E-02
 0.49000E+02, 0.50000E+02, 0.12386E+03, 0.59081E+00, 0.27160E-02
 0.50000E+02, 0.50000E+02, 0.12647E+03, 0.57266E+00, 0.28205E-02
 0.51000E+02, 0.50000E+02, 0.14178E+03, 0.49992E+00, 0.33547E-02
 0.52000E+02, 0.50000E+02, 0.12530E+03, 0.53418E+00, 0.30148E-02
 0.53000E+02, 0.50000E+02, 0.12182E+03, 0.52569E+00, 0.30368E-02
 0.54000E+02, 0.50000E+02, 0.14426E+03, 0.45545E+00, 0.37042E-02
 0.55000E+02, 0.50000E+02, 0.42989E+03, 0.14162E+00, 0.20065E-01
 0.56000E+02, 0.50000E+02, 0.47839E+03, 0.13992E+00, 0.21709E-01
 0.57000E+02, 0.50000E+02, 0.47070E+03, 0.12440E+00, 0.24169E-01
 0.58000E+02, 0.50000E+02, 0.44964E+03, 0.12164E+00, 0.24017E-01
 0.59000E+02, 0.50000E+02, 0.45218E+03, 0.12643E+00, 0.23187E-01
 0.60000E+02, 0.50000E+02, 0.45583E+03, 0.12851E+00, 0.22928E-01
 0.61000E+02, 0.50000E+02, 0.45573E+03, 0.12500E+00, 0.23569E-01
 0.62000E+02, 0.50000E+02, 0.43257E+03, 0.13041E+00, 0.21873E-01
 0.63000E+02, 0.50000E+02, 0.39368E+03, 0.13569E+00, 0.19862E-01
 0.64000E+02, 0.50000E+02, 0.41089E+03, 0.26671E+00, 0.10366E-01
 0.65000E+02, 0.50000E+02, 0.35309E+03, 0.19237E+00, 0.13158E-01
 0.00000E+00, 0.51000E+02, 0.60205E+02, 0.55122E+00, 0.24443E-02
 0.10000E+01, 0.51000E+02, 0.62255E+02, 0.54027E+00, 0.25092E-02
 0.20000E+01, 0.51000E+02, 0.57501E+02, 0.60670E+00, 0.22028E-02
 0.30000E+01, 0.51000E+02, 0.49289E+02, 0.79432E+00, 0.16407E-02
 0.40000E+01, 0.51000E+02, 0.46906E+02, 0.89604E+00, 0.14437E-02
 0.50000E+01, 0.51000E+02, 0.41865E+02, 0.11292E+01, 0.11275E-02
 0.60000E+01, 0.51000E+02, 0.37728E+02, 0.14247E+01, 0.88193E-03
 0.70000E+01, 0.51000E+02, 0.43095E+02, 0.10440E+01, 0.12244E-02
 0.80000E+01, 0.51000E+02, 0.46606E+02, 0.90360E+00, 0.14303E-02
 0.90000E+01, 0.51000E+02, 0.50464E+02, 0.77036E+00, 0.16979E-02
 0.10000E+02, 0.51000E+02, 0.46764E+02, 0.90603E+00, 0.14271E-02
 0.11000E+02, 0.51000E+02, 0.48261E+02, 0.88555E+00, 0.14670E-02
 0.12000E+02, 0.51000E+02, 0.60507E+02, 0.64395E+00, 0.20942E-02
 0.13000E+02, 0.51000E+02, 0.54367E+02, 0.74626E+00, 0.17739E-02
 0.14000E+02, 0.51000E+02, 0.53537E+02, 0.75595E+00, 0.17467E-02
 0.15000E+02, 0.51000E+02, 0.59566E+02, 0.64085E+00, 0.20984E-02
 0.16000E+02, 0.51000E+02, 0.70820E+02, 0.50988E+00, 0.27267E-02
 0.17000E+02, 0.51000E+02, 0.74105E+02, 0.46353E+00, 0.30280E-02
 0.18000E+02, 0.51000E+02, 0.34231E+02, 0.16373E+01, 0.75879E-03
 0.19000E+02, 0.51000E+02, 0.34703E+02, 0.15034E+01, 0.82765E-03
 0.20000E+02, 0.51000E+02, 0.39549E+02, 0.11377E+01, 0.11109E-02
 0.21000E+02, 0.51000E+02, 0.42854E+02, 0.92572E+00, 0.13797E-02
 0.22000E+02, 0.51000E+02, 0.16387E+03, 0.31707E+00, 0.55709E-02
 0.23000E+02, 0.51000E+02, 0.21313E+03, 0.27755E+00, 0.70814E-02
 0.24000E+02, 0.51000E+02, 0.21129E+03, 0.28982E+00, 0.67560E-02
 0.25000E+02, 0.51000E+02, 0.20665E+03, 0.29284E+00, 0.66223E-02
 0.26000E+02, 0.51000E+02, 0.20609E+03, 0.28439E+00, 0.68111E-02
 0.27000E+02, 0.51000E+02, 0.19197E+03, 0.28719E+00, 0.65461E-02
 0.28000E+02, 0.51000E+02, 0.29115E+02, 0.38479E+01, 0.31750E-03
 0.29000E+02, 0.51000E+02, 0.37952E+02, 0.18081E+01, 0.69545E-03
 0.30000E+02, 0.51000E+02, 0.59013E+02, 0.86756E+00, 0.15475E-02
 0.31000E+02, 0.51000E+02, 0.40241E+02, 0.15815E+01, 0.80094E-03
 0.32000E+02, 0.51000E+02, 0.27666E+02, 0.39327E+01, 0.30916E-03
 0.33000E+02, 0.51000E+02, 0.21427E+02, 0.30000E+02, 0.61531E-05
 0.34000E+02, 0.51000E+02, 0.22000E+02, 0.30000E+02, 0.00000E+00
 0.35000E+02, 0.51000E+02, 0.33262E+03, 0.15274E+00, 0.16030E-01
 0.36000E+02, 0.51000E+02, 0.21554E+03, 0.17350E+00, 0.11384E-01
 0.37000E+02, 0.51000E+02, 0.15951E+03, 0.43717E+00, 0.40001E-02
 0.38000E+02, 0.51000E+02, 0.88919E+02, 0.77667E+00, 0.18842E-02
 0.39000E+02, 0.51000E+02, 0.72558E+02, 0.80489E+00, 0.17360E-02
 0.40000E+02, 0.51000E+02, 0.73351E+02, 0.77945E+00, 0.17968E-02
 0.41000E+02, 0.51000E+02, 0.66205E+02, 0.84345E+00, 0.16262E-02
 0.42000E+02, 0.51000E+02, 0.63316E+02, 0.92645E+00, 0.14679E-02
 0.43000E+02, 0.51000E+02, 0.60461E+02, 0.94271E+00, 0.14303E-02
 0.44000E+02, 0.51000E+02, 0.13716E+03, 0.59944E+00, 0.27666E-02
 0.45000E+02, 0.51000E+02, 0.14332E+03, 0.55754E+00, 0.30192E-02
 0.46000E+02, 0.51000E+02, 0.15619E+03, 0.49254E+00, 0.35232E-02
 0.47000E+02, 0.51000E+02, 0.16427E+03, 0.49143E+00, 0.35976E-02
 0.48000E+02, 0.51000E+02, 0.14202E+03, 0.52666E+00, 0.31862E-02
 0.49000E+02, 0.51000E+02, 0.11656E+03, 0.58859E+00, 0.26761E-02
 0.50000E+02, 0.51000E+02, 0.11600E+03, 0.58835E+00, 0.26734E-02
 0.51000E+02, 0.51000E+02, 0.12914E+03, 0.52573E+00, 0.30928E-02
 0.52000E+02, 0.51000E+02, 0.12169E+03, 0.53962E+00, 0.29574E-02
 0.53000E+02, 0.51000E+02, 0.12500E+03, 0.51805E+00, 0.31063E-02
 0.54000E+02, 0.51000E+02, 0.13339E+03, 0.48109E+00, 0.34156E-02
 0.55000E+02, 0.51000E+02, 0.43008E+03, 0.12550E+00, 0.22649E-01
 0.56000E+02, 0.51000E+02, 0.48473E+03, 0.13413E+00, 0.22838E-01
 0.57000E+02, 0.51000E+02, 0.43534E+03, 0.13228E+00, 0.21649E-01
 0.58000E+02, 0.51000E+02, 0.43451E+03, 0.12271E+00, 0.23309E-01
 0.59000E+02, 0.51000E+02, 0.44318E+03, 0.11538E+00, 0.25094E-01
 0.60000E+02, 0.51000E+02, 0.43856E+03, 0.11815E+00, 0.24346E-01
 0.61000E+02, 0.51000E+02, 0.46312E+03, 0.12188E+00, 0.24416E-01
 0.62000E+02, 0.51000E+02, 0.44361E+03, 0.12886E+00, 0.22481E-01
 0.63000E+02, 0.51000E+02, 0.40411E+03, 0.12976E+00, 0.21096E-01
 0.64000E+02, 0.51000E+02, 0.37570E+03, 0.23432E+00, 0.11192E-01
 0.65000E+02, 0.51000E+02, 0.29474E+03, 0.14538E+00, 0.15788E-01
 0.00000E+00, 0.52000E+02, 0.60144E+02, 0.54479E+00, 0.24727E-02
 0.10000E+01, 0.52000E+02, 0.61730E+02, 0.55144E+00, 0.24545E-02
 0.20000E+01, 0.52000E+02, 0.55735E+02, 0.64970E+00, 0.20460E-02
 0.30000E+01, 0.52000E+02, 0.53025E+02, 0.71826E+00, 0.18355E-02
 0.40000E+01, 0.52000E+02, 0.54636E+02, 0.69829E+00, 0.18973E-02
 0.50000E+01, 0.52000E+02, 0.58250E+02, 0.64936E+00, 0.20628E-02
 0.60000E+01, 0.52000E+02, 0.58035E+02, 0.65510E+00, 0.20433E-02
 0.70000E+01, 0.52000E+02, 0.59746E+02, 0.62969E+00, 0.21368E-02
 0.80000E+01, 0.52000E+02, 0.55006E+02, 0.70417E+00, 0.18836E-02
 0.90000E+01, 0.52000E+02, 0.50556E+02, 0.79992E+00, 0.16356E-02
 0.10000E+02, 0.52000E+02, 0.48670E+02, 0.88226E+00, 0.14743E-02
 0.11000E+02, 0.52000E+02, 0.53685E+02, 0.76952E+00, 0.17167E-02
 0.12000E+02, 0.52000E+02, 0.55270E+02, 0.71563E+00, 0.18549E-02
 0.13000E+02, 0.52000E+02, 0.58537E+02, 0.66166E+00, 0.20262E-02
 0.14000E+02, 0.52000E+02, 0.63333E+02, 0.59488E+00, 0.22862E-02
 0.15000E+02, 0.52000E+02, 0.73745E+02, 0.48975E+00, 0.28629E-02
 0.16000E+02, 0.52000E+02, 0.75231E+02, 0.47361E+00, 0.29731E-02
 0.17000E+02, 0.52000E+02, 0.76377E+02, 0.45179E+00, 0.31270E-02
 0.18000E+02, 0.52000E+02, 0.40100E+02, 0.10956E+01, 0.11557E-02
 0.19000E+02, 0.52000E+02, 0.35038E+02, 0.14883E+01, 0.83694E-03
 0.20000E+02, 0.52000E+02, 0.45193E+02, 0.86544E+00, 0.14867E-02
 0.21000E+02, 0.52000E+02, 0.47805E+02, 0.76657E+00, 0.16923E-02
 0.22000E+02, 0.52000E+02, 0.16265E+03, 0.31872E+00, 0.55266E-02
 0.23000E+02, 0.52000E+02, 0.20012E+03, 0.27966E+00, 0.68399E-02
 0.24000E+02, 0.52000E+02, 0.23422E+03, 0.26499E+00, 0.77390E-02
 0.25000E+02, 0.52000E+02, 0.21216E+03, 0.28028E+00, 0.69986E-02
 0.26000E+02, 0.52000E+02, 0.19112E+03, 0.28962E+00, 0.64791E-02
 0.27000E+02, 0.52000E+02, 0.18626E+03, 0.29166E+00, 0.63665E-02
 0.28000E+02, 0.52000E+02, 0.26836E+02, 0.41955E+01, 0.28900E-03
 0.29000E+02, 0.52000E+02, 0.36668E+02, 0.19406E+01, 0.64529E-03
 0.30000E+02, 0.52000E+02, 0.43189E+02, 0.13851E+01, 0.92307E-03
 0.31000E+02, 0.52000E+02, 0.37160E+02, 0.18185E+01, 0.68971E-03
 0.32000E+02, 0.52000E+02, 0.30015E+02, 0.30599E+01, 0.40045E-03
 0.33000E+02, 0.52000E+02, 0.24882E+02, 0.77420E+01, 0.15559E-03
 0.34000E+02, 0.52000E+02, 0.22000E+02, 0.30000E+02, 0.00000E+00
 0.35000E+02, 0.52000E+02, 0.14760E+03, 0.18915E+00, 0.89907E-02
 0.36000E+02, 0.52000E+02, 0.15417E+03, 0.18548E+00, 0.93120E-02
 0.37000E+02, 0.52000E+02, 0.69590E+02, 0.93200E+00, 0.14864E-02
 0.38000E+02, 0.52000E+02, 0.68629E+02, 0.89920E+00, 0.15363E-02
 0.39000E+02, 0.52000E+02, 0.74607E+02, 0.81385E+00, 0.17271E-02
 0.40000E+02, 0.52000E+02, 0.75250E+02, 0.79348E+00, 0.17747E-02
 0.41000E+02, 0.52000E+02, 0.79953E+02, 0.72557E+00, 0.19670E-02
 0.42000E+02, 0.52000E+02, 0.73810E+02, 0.77005E+00, 0.18211E-02
 0.43000E+02, 0.52000E+02, 0.68282E+02, 0.83737E+00, 0.16480E-02
 0.44000E+02, 0.52000E+02, 0.17081E+03, 0.48306E+00, 0.37146E-02
 0.45000E+02, 0.52000E+02, 0.19739E+03, 0.39589E+00, 0.48040E-02
 0.46000E+02, 0.52000E+02, 0.17922E+03, 0.42086E+00, 0.43444E-02
 0.47000E+02, 0.52000E+02, 0.16074E+03, 0.47510E+00, 0.36913E-02
 0.48000E+02, 0.52000E+02, 0.17429E+03, 0.42766E+00, 0.42288E-02
 0.49000E+02, 0.52000E+02, 0.10546E+03, 0.64311E+00, 0.23795E-02
 0.50000E+02, 0.52000E+02, 0.11139E+03, 0.59304E+00, 0.26208E-02
 0.51000E+02, 0.52000E+02, 0.11475E+03, 0.57357E+00, 0.27334E-02
 0.52000E+02, 0.52000E+02, 0.12592E+03, 0.51826E+00, 0.31123E-02
 0.53000E+02, 0.52000E+02, 0.13917E+03, 0.46526E+00, 0.35820E-02
 0.54000E+02, 0.52000E+02, 0.13483E+03, 0.47143E+00, 0.34979E-02
 0.55000E+02, 0.52000E+02, 0.42843E+03, 0.12025E+00, 0.23580E-01
 0.56000E+02, 0.52000E+02, 0.46906E+03, 0.13231E+00, 0.22673E-01
 0.57000E+02, 0.52000E+02, 0.46524E+03, 0.12539E+00, 0.23802E-01
 0.58000E+02, 0.52000E+02, 0.44754E+03, 0.11557E+00, 0.25204E-01
 0.59000E+02, 0.52000E+02, 0.45587E+03, 0.11044E+00, 0.26680E-01
 0.60000E+02, 0.52000E+02, 0.45767E+03, 0.11145E+00, 0.26504E-01
 0.61000E+02, 0.52000E+02, 0.46311E+03, 0.11753E+00, 0.25320E-01
 0.62000E+02, 0.52000E+02, 0.43512E+03, 0.12549E+00, 0.22812E-01
 0.63000E+02, 0.52000E+02, 0.38947E+03, 0.11901E+00, 0.22503E-01
 0.64000E+02, 0.52000E+02, 0.24654E+03, 0.11732E+00, 0.17904E-01
 0.65000E+02, 0.52000E+02, 0.29099E+03, 0.14462E+00, 0.15767E-01
