 X,Y, TEMPERATURE, SOOT VISIBILITY, CARBON MONOXIDE VOLUME FRACTION
 m,m, C, m, mol/mol
 0.00000E+00, 0.00000E+00, 0.44986E+02, 0.51012E+00, 0.25207E-02
 0.10000E+01, 0.00000E+00, 0.48665E+02, 0.49668E+00, 0.26188E-02
 0.20000E+01, 0.00000E+00, 0.48396E+02, 0.51674E+00, 0.25150E-02
 0.30000E+01, 0.00000E+00, 0.47902E+02, 0.52467E+00, 0.24732E-02
 0.40000E+01, 0.00000E+00, 0.44266E+02, 0.58020E+00, 0.22112E-02
 0.50000E+01, 0.00000E+00, 0.41221E+02, 0.64453E+00, 0.19714E-02
 0.60000E+01, 0.00000E+00, 0.41492E+02, 0.66524E+00, 0.19117E-02
 0.70000E+01, 0.00000E+00, 0.40450E+02, 0.75904E+00, 0.16699E-02
 0.80000E+01, 0.00000E+00, 0.22000E+02, 0.30000E+02, 0.00000E+00
 0.90000E+01, 0.00000E+00, 0.15827E+03, 0.83117E-01, 0.20979E-01
 0.10000E+02, 0.00000E+00, 0.15151E+03, 0.83790E-01, 0.20485E-01
 0.11000E+02, 0.00000E+00, 0.11217E+03, 0.15808E+00, 0.98522E-02
 0.12000E+02, 0.00000E+00, 0.11000E+03, 0.16051E+00, 0.96484E-02
 0.13000E+02, 0.00000E+00, 0.10868E+03, 0.16662E+00, 0.92625E-02
 0.14000E+02, 0.00000E+00, 0.10369E+03, 0.17256E+00, 0.88267E-02
 0.15000E+02, 0.00000E+00, 0.97901E+02, 0.17250E+00, 0.86938E-02
 0.16000E+02, 0.00000E+00, 0.89709E+02, 0.17454E+00, 0.84028E-02
 0.17000E+02, 0.00000E+00, 0.12315E+03, 0.11274E+00, 0.14208E-01
 0.18000E+02, 0.00000E+00, 0.12923E+03, 0.11295E+00, 0.14398E-01
 0.19000E+02, 0.00000E+00, 0.12269E+03, 0.11108E+00, 0.14404E-01
 0.20000E+02, 0.00000E+00, 0.86200E+02, 0.14366E+00, 0.10110E-01
 0.21000E+02, 0.00000E+00, 0.94324E+02, 0.14729E+00, 0.10084E-01
 0.22000E+02, 0.00000E+00, 0.99467E+02, 0.14338E+00, 0.10504E-01
 0.23000E+02, 0.00000E+00, 0.60555E+02, 0.40933E+00, 0.32951E-02
 0.24000E+02, 0.00000E+00, 0.56275E+02, 0.47475E+00, 0.28046E-02
 0.25000E+02, 0.00000E+00, 0.58247E+02, 0.42255E+00, 0.31700E-02
 0.26000E+02, 0.00000E+00, 0.55982E+02, 0.46332E+00, 0.28712E-02
 0.27000E+02, 0.00000E+00, 0.58243E+02, 0.43796E+00, 0.30583E-02
 0.28000E+02, 0.00000E+00, 0.55935E+02, 0.44095E+00, 0.30164E-02
 0.29000E+02, 0.00000E+00, 0.53123E+02, 0.44710E+00, 0.29496E-02
 0.30000E+02, 0.00000E+00, 0.54324E+02, 0.43553E+00, 0.30390E-02
 0.31000E+02, 0.00000E+00, 0.54206E+02, 0.44824E+00, 0.29518E-02
 0.32000E+02, 0.00000E+00, 0.54449E+02, 0.43492E+00, 0.30444E-02
 0.33000E+02, 0.00000E+00, 0.54179E+02, 0.40241E+00, 0.32877E-02
 0.34000E+02, 0.00000E+00, 0.64452E+02, 0.36079E+00, 0.37821E-02
 0.35000E+02, 0.00000E+00, 0.64563E+02, 0.35849E+00, 0.38076E-02
 0.36000E+02, 0.00000E+00, 0.67839E+02, 0.34016E+00, 0.40517E-02
 0.37000E+02, 0.00000E+00, 0.69531E+02, 0.32919E+00, 0.42075E-02
 0.38000E+02, 0.00000E+00, 0.69551E+02, 0.32294E+00, 0.42892E-02
 0.39000E+02, 0.00000E+00, 0.68297E+02, 0.32216E+00, 0.42838E-02
 0.40000E+02, 0.00000E+00, 0.54587E+02, 0.60616E+00, 0.21853E-02
 0.41000E+02, 0.00000E+00, 0.54292E+02, 0.62298E+00, 0.21244E-02
 0.42000E+02, 0.00000E+00, 0.55644E+02, 0.61745E+00, 0.21523E-02
 0.43000E+02, 0.00000E+00, 0.57848E+02, 0.57213E+00, 0.23384E-02
 0.44000E+02, 0.00000E+00, 0.62817E+02, 0.50477E+00, 0.26902E-02
 0.45000E+02, 0.00000E+00, 0.57333E+02, 0.55709E+00, 0.23977E-02
 0.46000E+02, 0.00000E+00, 0.56835E+02, 0.55777E+00, 0.23912E-02
 0.47000E+02, 0.00000E+00, 0.60520E+02, 0.50174E+00, 0.26879E-02
 0.48000E+02, 0.00000E+00, 0.61254E+02, 0.49495E+00, 0.27308E-02
 0.49000E+02, 0.00000E+00, 0.61396E+02, 0.49514E+00, 0.27309E-02
 0.50000E+02, 0.00000E+00, 0.52072E+02, 0.65881E+00, 0.19952E-02
 0.51000E+02, 0.00000E+00, 0.57472E+02, 0.50730E+00, 0.26342E-02
 0.52000E+02, 0.00000E+00, 0.83652E+02, 0.38218E+00, 0.37734E-02
 0.53000E+02, 0.00000E+00, 0.93346E+02, 0.37089E+00, 0.39939E-02
 0.54000E+02, 0.00000E+00, 0.93753E+02, 0.37003E+00, 0.40077E-02
 0.55000E+02, 0.00000E+00, 0.90240E+02, 0.35683E+00, 0.41162E-02
 0.56000E+02, 0.00000E+00, 0.92348E+02, 0.36265E+00, 0.40736E-02
 0.57000E+02, 0.00000E+00, 0.93429E+02, 0.34919E+00, 0.42430E-02
 0.58000E+02, 0.00000E+00, 0.18426E+03, 0.26101E+00, 0.70832E-02
 0.59000E+02, 0.00000E+00, 0.18494E+03, 0.26357E+00, 0.70249E-02
 0.60000E+02, 0.00000E+00, 0.18712E+03, 0.26138E+00, 0.71172E-02
 0.61000E+02, 0.00000E+00, 0.18191E+03, 0.26548E+00, 0.69281E-02
 0.62000E+02, 0.00000E+00, 0.16683E+03, 0.26180E+00, 0.67926E-02
 0.63000E+02, 0.00000E+00, 0.22000E+02, 0.30000E+02, 0.00000E+00
 0.64000E+02, 0.00000E+00, 0.27582E+03, 0.10424E+00, 0.21286E-01
 0.65000E+02, 0.00000E+00, 0.28071E+03, 0.10592E+00, 0.21135E-01
 0.00000E+00, 0.10000E+01, 0.52206E+02, 0.44894E+00, 0.29292E-02
 0.10000E+01, 0.10000E+01, 0.50670E+02, 0.49031E+00, 0.26694E-02
 0.20000E+01, 0.10000E+01, 0.49791E+02, 0.51122E+00, 0.25532E-02
 0.30000E+01, 0.10000E+01, 0.48707E+02, 0.51964E+00, 0.25034E-02
 0.40000E+01, 0.10000E+01, 0.48176E+02, 0.53412E+00, 0.24316E-02
 0.50000E+01, 0.10000E+01, 0.45939E+02, 0.57053E+00, 0.22605E-02
 0.60000E+01, 0.10000E+01, 0.43173E+02, 0.63430E+00, 0.20156E-02
 0.70000E+01, 0.10000E+01, 0.34896E+02, 0.99846E+00, 0.12470E-02
 0.80000E+01, 0.10000E+01, 0.22000E+02, 0.30000E+02, 0.00000E+00
 0.90000E+01, 0.10000E+01, 0.15235E+03, 0.83904E-01, 0.20497E-01
 0.10000E+02, 0.10000E+01, 0.15580E+03, 0.84606E-01, 0.20492E-01
 0.11000E+02, 0.10000E+01, 0.11262E+03, 0.16408E+00, 0.95027E-02
 0.12000E+02, 0.10000E+01, 0.10195E+03, 0.18713E+00, 0.81017E-02
 0.13000E+02, 0.10000E+01, 0.89254E+02, 0.21662E+00, 0.67620E-02
 0.14000E+02, 0.10000E+01, 0.89101E+02, 0.20541E+00, 0.71280E-02
 0.15000E+02, 0.10000E+01, 0.89966E+02, 0.19633E+00, 0.74753E-02
 0.16000E+02, 0.10000E+01, 0.85901E+02, 0.19721E+00, 0.73588E-02
 0.17000E+02, 0.10000E+01, 0.13194E+03, 0.11935E+00, 0.13719E-01
 0.18000E+02, 0.10000E+01, 0.13755E+03, 0.11796E+00, 0.14072E-01
 0.19000E+02, 0.10000E+01, 0.12698E+03, 0.10948E+00, 0.14773E-01
 0.20000E+02, 0.10000E+01, 0.96259E+02, 0.14825E+00, 0.10072E-01
 0.21000E+02, 0.10000E+01, 0.10253E+03, 0.14941E+00, 0.10163E-01
 0.22000E+02, 0.10000E+01, 0.10974E+03, 0.14094E+00, 0.10981E-01
 0.23000E+02, 0.10000E+01, 0.46768E+02, 0.69447E+00, 0.18619E-02
 0.24000E+02, 0.10000E+01, 0.55290E+02, 0.47962E+00, 0.27678E-02
 0.25000E+02, 0.10000E+01, 0.53383E+02, 0.50129E+00, 0.26328E-02
 0.26000E+02, 0.10000E+01, 0.53400E+02, 0.49062E+00, 0.26902E-02
 0.27000E+02, 0.10000E+01, 0.49391E+02, 0.56050E+00, 0.23259E-02
 0.28000E+02, 0.10000E+01, 0.49202E+02, 0.55461E+00, 0.23492E-02
 0.29000E+02, 0.10000E+01, 0.49770E+02, 0.53426E+00, 0.24430E-02
 0.30000E+02, 0.10000E+01, 0.54192E+02, 0.45775E+00, 0.28904E-02
 0.31000E+02, 0.10000E+01, 0.54074E+02, 0.45686E+00, 0.28949E-02
 0.32000E+02, 0.10000E+01, 0.52978E+02, 0.46843E+00, 0.28140E-02
 0.33000E+02, 0.10000E+01, 0.51061E+02, 0.47612E+00, 0.27523E-02
 0.34000E+02, 0.10000E+01, 0.62564E+02, 0.37391E+00, 0.36290E-02
 0.35000E+02, 0.10000E+01, 0.64002E+02, 0.36568E+00, 0.37265E-02
 0.36000E+02, 0.10000E+01, 0.69457E+02, 0.33807E+00, 0.40961E-02
 0.37000E+02, 0.10000E+01, 0.70577E+02, 0.32745E+00, 0.42428E-02
 0.38000E+02, 0.10000E+01, 0.69804E+02, 0.32833E+00, 0.42218E-02
 0.39000E+02, 0.10000E+01, 0.72455E+02, 0.31234E+00, 0.44724E-02
 0.40000E+02, 0.10000E+01, 0.47466E+02, 0.77428E+00, 0.16736E-02
 0.41000E+02, 0.10000E+01, 0.44597E+02, 0.90075E+00, 0.14258E-02
 0.42000E+02, 0.10000E+01, 0.50998E+02, 0.70434E+00, 0.18601E-02
 0.43000E+02, 0.10000E+01, 0.55463E+02, 0.60753E+00, 0.21862E-02
 0.44000E+02, 0.10000E+01, 0.56396E+02, 0.59144E+00, 0.22521E-02
 0.45000E+02, 0.10000E+01, 0.56442E+02, 0.58293E+00, 0.22853E-02
 0.46000E+02, 0.10000E+01, 0.52190E+02, 0.66963E+00, 0.19637E-02
 0.47000E+02, 0.10000E+01, 0.51136E+02, 0.68989E+00, 0.18999E-02
 0.48000E+02, 0.10000E+01, 0.51011E+02, 0.69339E+00, 0.18896E-02
 0.49000E+02, 0.10000E+01, 0.48740E+02, 0.75233E+00, 0.17293E-02
 0.50000E+02, 0.10000E+01, 0.54723E+02, 0.57568E+00, 0.23020E-02
 0.51000E+02, 0.10000E+01, 0.60491E+02, 0.47220E+00, 0.28558E-02
 0.52000E+02, 0.10000E+01, 0.84886E+02, 0.38791E+00, 0.37306E-02
 0.53000E+02, 0.10000E+01, 0.90499E+02, 0.37256E+00, 0.39451E-02
 0.54000E+02, 0.10000E+01, 0.93256E+02, 0.36934E+00, 0.40097E-02
 0.55000E+02, 0.10000E+01, 0.95165E+02, 0.35934E+00, 0.41428E-02
 0.56000E+02, 0.10000E+01, 0.96410E+02, 0.35358E+00, 0.42245E-02
 0.57000E+02, 0.10000E+01, 0.98529E+02, 0.36009E+00, 0.41719E-02
 0.58000E+02, 0.10000E+01, 0.14215E+03, 0.29836E+00, 0.56260E-02
 0.59000E+02, 0.10000E+01, 0.15484E+03, 0.28330E+00, 0.61061E-02
 0.60000E+02, 0.10000E+01, 0.16846E+03, 0.26970E+00, 0.66183E-02
 0.61000E+02, 0.10000E+01, 0.16251E+03, 0.27566E+00, 0.63878E-02
 0.62000E+02, 0.10000E+01, 0.16480E+03, 0.27229E+00, 0.65010E-02
 0.63000E+02, 0.10000E+01, 0.22000E+02, 0.30000E+02, 0.00000E+00
 0.64000E+02, 0.10000E+01, 0.27098E+03, 0.99994E-01, 0.21994E-01
 0.65000E+02, 0.10000E+01, 0.24534E+03, 0.89163E-01, 0.23503E-01
 0.00000E+00, 0.20000E+01, 0.53145E+02, 0.43215E+00, 0.30518E-02
 0.10000E+01, 0.20000E+01, 0.53026E+02, 0.46173E+00, 0.28552E-02
 0.20000E+01, 0.20000E+01, 0.52443E+02, 0.47746E+00, 0.27562E-02
 0.30000E+01, 0.20000E+01, 0.50021E+02, 0.51768E+00, 0.25232E-02
 0.40000E+01, 0.20000E+01, 0.48836E+02, 0.53351E+00, 0.24393E-02
 0.50000E+01, 0.20000E+01, 0.46427E+02, 0.58175E+00, 0.22203E-02
 0.60000E+01, 0.20000E+01, 0.43920E+02, 0.62979E+00, 0.20349E-02
 0.70000E+01, 0.20000E+01, 0.41032E+02, 0.70483E+00, 0.18017E-02
 0.80000E+01, 0.20000E+01, 0.22000E+02, 0.30000E+02, 0.00000E+00
 0.90000E+01, 0.20000E+01, 0.16423E+03, 0.84410E-01, 0.20943E-01
 0.10000E+02, 0.20000E+01, 0.20635E+03, 0.87560E-01, 0.22134E-01
 0.11000E+02, 0.20000E+01, 0.11825E+03, 0.16024E+00, 0.98724E-02
 0.12000E+02, 0.20000E+01, 0.10517E+03, 0.18201E+00, 0.84012E-02
 0.13000E+02, 0.20000E+01, 0.82503E+02, 0.23724E+00, 0.60593E-02
 0.14000E+02, 0.20000E+01, 0.80596E+02, 0.23302E+00, 0.61358E-02
 0.15000E+02, 0.20000E+01, 0.81056E+02, 0.22784E+00, 0.62834E-02
 0.16000E+02, 0.20000E+01, 0.81510E+02, 0.21699E+00, 0.66060E-02
 0.17000E+02, 0.20000E+01, 0.13214E+03, 0.12133E+00, 0.13501E-01
 0.18000E+02, 0.20000E+01, 0.13736E+03, 0.12042E+00, 0.13779E-01
 0.19000E+02, 0.20000E+01, 0.14206E+03, 0.10911E+00, 0.15381E-01
 0.20000E+02, 0.20000E+01, 0.10804E+03, 0.14371E+00, 0.10721E-01
 0.21000E+02, 0.20000E+01, 0.10754E+03, 0.14963E+00, 0.10283E-01
 0.22000E+02, 0.20000E+01, 0.11778E+03, 0.13851E+00, 0.11408E-01
 0.23000E+02, 0.20000E+01, 0.38690E+02, 0.10603E+01, 0.11887E-02
 0.24000E+02, 0.20000E+01, 0.43405E+02, 0.75543E+00, 0.16937E-02
 0.25000E+02, 0.20000E+01, 0.43977E+02, 0.71755E+00, 0.17863E-02
 0.26000E+02, 0.20000E+01, 0.43528E+02, 0.72828E+00, 0.17575E-02
 0.27000E+02, 0.20000E+01, 0.45067E+02, 0.65023E+00, 0.19780E-02
 0.28000E+02, 0.20000E+01, 0.47560E+02, 0.57662E+00, 0.22480E-02
 0.29000E+02, 0.20000E+01, 0.49471E+02, 0.53790E+00, 0.24242E-02
 0.30000E+02, 0.20000E+01, 0.51266E+02, 0.50122E+00, 0.26161E-02
 0.31000E+02, 0.20000E+01, 0.50621E+02, 0.51295E+00, 0.25512E-02
 0.32000E+02, 0.20000E+01, 0.48821E+02, 0.52439E+00, 0.24817E-02
 0.33000E+02, 0.20000E+01, 0.53594E+02, 0.42735E+00, 0.30903E-02
 0.34000E+02, 0.20000E+01, 0.59375E+02, 0.39490E+00, 0.34034E-02
 0.35000E+02, 0.20000E+01, 0.59825E+02, 0.39227E+00, 0.34309E-02
 0.36000E+02, 0.20000E+01, 0.67485E+02, 0.34592E+00, 0.39800E-02
 0.37000E+02, 0.20000E+01, 0.66959E+02, 0.34758E+00, 0.39549E-02
 0.38000E+02, 0.20000E+01, 0.68156E+02, 0.34214E+00, 0.40320E-02
 0.39000E+02, 0.20000E+01, 0.88023E+02, 0.26429E+00, 0.55235E-02
 0.40000E+02, 0.20000E+01, 0.38340E+02, 0.12987E+01, 0.96942E-03
 0.41000E+02, 0.20000E+01, 0.38813E+02, 0.12368E+01, 0.10195E-02
 0.42000E+02, 0.20000E+01, 0.39577E+02, 0.11861E+01, 0.10657E-02
 0.43000E+02, 0.20000E+01, 0.44503E+02, 0.90296E+00, 0.14219E-02
 0.44000E+02, 0.20000E+01, 0.49531E+02, 0.73652E+00, 0.17708E-02
 0.45000E+02, 0.20000E+01, 0.47418E+02, 0.80146E+00, 0.16166E-02
 0.46000E+02, 0.20000E+01, 0.47040E+02, 0.82663E+00, 0.15656E-02
 0.47000E+02, 0.20000E+01, 0.47965E+02, 0.79261E+00, 0.16375E-02
 0.48000E+02, 0.20000E+01, 0.45532E+02, 0.83479E+00, 0.15430E-02
 0.49000E+02, 0.20000E+01, 0.52519E+02, 0.58430E+00, 0.22528E-02
 0.50000E+02, 0.20000E+01, 0.59686E+02, 0.48771E+00, 0.27583E-02
 0.51000E+02, 0.20000E+01, 0.60453E+02, 0.46525E+00, 0.28981E-02
 0.52000E+02, 0.20000E+01, 0.84207E+02, 0.39364E+00, 0.36693E-02
 0.53000E+02, 0.20000E+01, 0.91182E+02, 0.37103E+00, 0.39688E-02
 0.54000E+02, 0.20000E+01, 0.92380E+02, 0.37328E+00, 0.39579E-02
 0.55000E+02, 0.20000E+01, 0.92834E+02, 0.37606E+00, 0.39335E-02
 0.56000E+02, 0.20000E+01, 0.95230E+02, 0.36330E+00, 0.40983E-02
 0.57000E+02, 0.20000E+01, 0.10018E+03, 0.35285E+00, 0.42765E-02
 0.58000E+02, 0.20000E+01, 0.13220E+03, 0.31520E+00, 0.51978E-02
 0.59000E+02, 0.20000E+01, 0.13279E+03, 0.30873E+00, 0.53145E-02
 0.60000E+02, 0.20000E+01, 0.14438E+03, 0.29364E+00, 0.57472E-02
 0.61000E+02, 0.20000E+01, 0.14149E+03, 0.30544E+00, 0.54869E-02
 0.62000E+02, 0.20000E+01, 0.15691E+03, 0.28781E+00, 0.60395E-02
 0.63000E+02, 0.20000E+01, 0.22000E+02, 0.30000E+02, 0.00000E+00
 0.64000E+02, 0.20000E+01, 0.28878E+03, 0.10282E+00, 0.22090E-01
 0.65000E+02, 0.20000E+01, 0.31507E+03, 0.11275E+00, 0.21086E-01
 0.00000E+00, 0.30000E+01, 0.51959E+02, 0.43063E+00, 0.30514E-02
 0.10000E+01, 0.30000E+01, 0.54786E+02, 0.43491E+00, 0.30477E-02
 0.20000E+01, 0.30000E+01, 0.55037E+02, 0.43191E+00, 0.30712E-02
 0.30000E+01, 0.30000E+01, 0.52110E+02, 0.47294E+00, 0.27797E-02
 0.40000E+01, 0.30000E+01, 0.49394E+02, 0.53234E+00, 0.24489E-02
 0.50000E+01, 0.30000E+01, 0.47798E+02, 0.56375E+00, 0.23011E-02
 0.60000E+01, 0.30000E+01, 0.43805E+02, 0.65664E+00, 0.19510E-02
 0.70000E+01, 0.30000E+01, 0.42498E+02, 0.67572E+00, 0.18881E-02
 0.80000E+01, 0.30000E+01, 0.22000E+02, 0.30000E+02, 0.00000E+00
 0.90000E+01, 0.30000E+01, 0.23366E+03, 0.85907E-01, 0.23845E-01
 0.10000E+02, 0.30000E+01, 0.23747E+03, 0.82589E-01, 0.24989E-01
 0.11000E+02, 0.30000E+01, 0.11606E+03, 0.16564E+00, 0.94971E-02
 0.12000E+02, 0.30000E+01, 0.11382E+03, 0.17045E+00, 0.91758E-02
 0.13000E+02, 0.30000E+01, 0.92835E+02, 0.20451E+00, 0.72332E-02
 0.14000E+02, 0.30000E+01, 0.79265E+02, 0.23699E+00, 0.60104E-02
 0.15000E+02, 0.30000E+01, 0.76719E+02, 0.24366E+00, 0.58037E-02
 0.16000E+02, 0.30000E+01, 0.78779E+02, 0.23338E+00, 0.60950E-02
 0.17000E+02, 0.30000E+01, 0.13695E+03, 0.11964E+00, 0.13854E-01
 0.18000E+02, 0.30000E+01, 0.14016E+03, 0.11944E+00, 0.13986E-01
 0.19000E+02, 0.30000E+01, 0.14302E+03, 0.10896E+00, 0.15438E-01
 0.20000E+02, 0.30000E+01, 0.11511E+03, 0.14098E+00, 0.11131E-01
 0.21000E+02, 0.30000E+01, 0.11601E+03, 0.14490E+00, 0.10855E-01
 0.22000E+02, 0.30000E+01, 0.13031E+03, 0.13393E+00, 0.12176E-01
 0.23000E+02, 0.30000E+01, 0.38151E+02, 0.10972E+01, 0.11468E-02
 0.24000E+02, 0.30000E+01, 0.39154E+02, 0.92278E+00, 0.13679E-02
 0.25000E+02, 0.30000E+01, 0.41207E+02, 0.83220E+00, 0.15268E-02
 0.26000E+02, 0.30000E+01, 0.41675E+02, 0.80744E+00, 0.15759E-02
 0.27000E+02, 0.30000E+01, 0.44386E+02, 0.66855E+00, 0.19197E-02
 0.28000E+02, 0.30000E+01, 0.47723E+02, 0.57088E+00, 0.22718E-02
 0.29000E+02, 0.30000E+01, 0.50247E+02, 0.52108E+00, 0.25085E-02
 0.30000E+02, 0.30000E+01, 0.48578E+02, 0.55907E+00, 0.23259E-02
 0.31000E+02, 0.30000E+01, 0.47748E+02, 0.58812E+00, 0.22054E-02
 0.32000E+02, 0.30000E+01, 0.49536E+02, 0.49885E+00, 0.26145E-02
 0.33000E+02, 0.30000E+01, 0.53263E+02, 0.42571E+00, 0.30991E-02
 0.34000E+02, 0.30000E+01, 0.60405E+02, 0.40918E+00, 0.32948E-02
 0.35000E+02, 0.30000E+01, 0.59121E+02, 0.40428E+00, 0.33219E-02
 0.36000E+02, 0.30000E+01, 0.62882E+02, 0.37095E+00, 0.36613E-02
 0.37000E+02, 0.30000E+01, 0.61529E+02, 0.38453E+00, 0.35179E-02
 0.38000E+02, 0.30000E+01, 0.69488E+02, 0.34082E+00, 0.40634E-02
 0.39000E+02, 0.30000E+01, 0.99345E+02, 0.23883E+00, 0.63039E-02
 0.40000E+02, 0.30000E+01, 0.40904E+02, 0.11492E+01, 0.11045E-02
 0.41000E+02, 0.30000E+01, 0.42664E+02, 0.10292E+01, 0.12403E-02
 0.42000E+02, 0.30000E+01, 0.39688E+02, 0.11517E+01, 0.10979E-02
 0.43000E+02, 0.30000E+01, 0.40355E+02, 0.11063E+01, 0.11454E-02
 0.44000E+02, 0.30000E+01, 0.42272E+02, 0.10105E+01, 0.12617E-02
 0.45000E+02, 0.30000E+01, 0.43795E+02, 0.95236E+00, 0.13451E-02
 0.46000E+02, 0.30000E+01, 0.47688E+02, 0.78384E+00, 0.16544E-02
 0.47000E+02, 0.30000E+01, 0.47711E+02, 0.77506E+00, 0.16732E-02
 0.48000E+02, 0.30000E+01, 0.47163E+02, 0.76192E+00, 0.16992E-02
 0.49000E+02, 0.30000E+01, 0.53336E+02, 0.56534E+00, 0.23342E-02
 0.50000E+02, 0.30000E+01, 0.52681E+02, 0.56835E+00, 0.23171E-02
 0.51000E+02, 0.30000E+01, 0.57660E+02, 0.49333E+00, 0.27103E-02
 0.52000E+02, 0.30000E+01, 0.83845E+02, 0.39565E+00, 0.36469E-02
 0.53000E+02, 0.30000E+01, 0.88071E+02, 0.38031E+00, 0.38389E-02
 0.54000E+02, 0.30000E+01, 0.88244E+02, 0.38698E+00, 0.37746E-02
 0.55000E+02, 0.30000E+01, 0.86614E+02, 0.39881E+00, 0.36461E-02
 0.56000E+02, 0.30000E+01, 0.95082E+02, 0.36616E+00, 0.40647E-02
 0.57000E+02, 0.30000E+01, 0.10787E+03, 0.33729E+00, 0.45658E-02
 0.58000E+02, 0.30000E+01, 0.12368E+03, 0.33415E+00, 0.47999E-02
 0.59000E+02, 0.30000E+01, 0.12392E+03, 0.33265E+00, 0.48246E-02
 0.60000E+02, 0.30000E+01, 0.12891E+03, 0.32715E+00, 0.49673E-02
 0.61000E+02, 0.30000E+01, 0.14300E+03, 0.31753E+00, 0.52972E-02
 0.62000E+02, 0.30000E+01, 0.17960E+03, 0.27163E+00, 0.67368E-02
 0.63000E+02, 0.30000E+01, 0.22000E+02, 0.30000E+02, 0.00000E+00
 0.64000E+02, 0.30000E+01, 0.41491E+03, 0.15379E+00, 0.18083E-01
 0.65000E+02, 0.30000E+01, 0.44186E+03, 0.16758E+00, 0.17245E-01
 0.00000E+00, 0.40000E+01, 0.49546E+02, 0.46139E+00, 0.28268E-02
 0.10000E+01, 0.40000E+01, 0.54926E+02, 0.43195E+00, 0.30699E-02
 0.20000E+01, 0.40000E+01, 0.55774E+02, 0.42302E+00, 0.31428E-02
 0.30000E+01, 0.40000E+01, 0.53574E+02, 0.44926E+00, 0.29394E-02
 0.40000E+01, 0.40000E+01, 0.53067E+02, 0.45773E+00, 0.28806E-02
 0.50000E+01, 0.40000E+01, 0.50432E+02, 0.50670E+00, 0.25811E-02
 0.60000E+01, 0.40000E+01, 0.43646E+02, 0.67498E+00, 0.18970E-02
 0.70000E+01, 0.40000E+01, 0.42081E+02, 0.72134E+00, 0.17663E-02
 0.80000E+01, 0.40000E+01, 0.22000E+02, 0.30000E+02, 0.00000E+00
 0.90000E+01, 0.40000E+01, 0.24840E+03, 0.86496E-01, 0.24371E-01
 0.10000E+02, 0.40000E+01, 0.24696E+03, 0.85310E-01, 0.24642E-01
 0.11000E+02, 0.40000E+01, 0.12766E+03, 0.15333E+00, 0.10565E-01
 0.12000E+02, 0.40000E+01, 0.10613E+03, 0.18641E+00, 0.82238E-02
 0.13000E+02, 0.40000E+01, 0.99184E+02, 0.19668E+00, 0.76518E-02
 0.14000E+02, 0.40000E+01, 0.78033E+02, 0.24631E+00, 0.57627E-02
 0.15000E+02, 0.40000E+01, 0.76168E+02, 0.24814E+00, 0.56900E-02
 0.16000E+02, 0.40000E+01, 0.74441E+02, 0.25286E+00, 0.55560E-02
 0.17000E+02, 0.40000E+01, 0.15156E+03, 0.11395E+00, 0.15064E-01
 0.18000E+02, 0.40000E+01, 0.14658E+03, 0.11485E+00, 0.14772E-01
 0.19000E+02, 0.40000E+01, 0.14306E+03, 0.10908E+00, 0.15422E-01
 0.20000E+02, 0.40000E+01, 0.12192E+03, 0.13680E+00, 0.11672E-01
 0.21000E+02, 0.40000E+01, 0.13513E+03, 0.13551E+00, 0.12178E-01
 0.22000E+02, 0.40000E+01, 0.14628E+03, 0.12892E+00, 0.13149E-01
 0.23000E+02, 0.40000E+01, 0.35619E+02, 0.12507E+01, 0.99787E-03
 0.24000E+02, 0.40000E+01, 0.38414E+02, 0.95707E+00, 0.13158E-02
 0.25000E+02, 0.40000E+01, 0.39892E+02, 0.86901E+00, 0.14560E-02
 0.26000E+02, 0.40000E+01, 0.41646E+02, 0.78004E+00, 0.16311E-02
 0.27000E+02, 0.40000E+01, 0.44079E+02, 0.66937E+00, 0.19155E-02
 0.28000E+02, 0.40000E+01, 0.48742E+02, 0.55627E+00, 0.23388E-02
 0.29000E+02, 0.40000E+01, 0.50169E+02, 0.52791E+00, 0.24754E-02
 0.30000E+02, 0.40000E+01, 0.47642E+02, 0.58105E+00, 0.22315E-02
 0.31000E+02, 0.40000E+01, 0.48766E+02, 0.53694E+00, 0.24232E-02
 0.32000E+02, 0.40000E+01, 0.50894E+02, 0.46590E+00, 0.28112E-02
 0.33000E+02, 0.40000E+01, 0.50473E+02, 0.46920E+00, 0.27878E-02
 0.34000E+02, 0.40000E+01, 0.65642E+02, 0.39411E+00, 0.34745E-02
 0.35000E+02, 0.40000E+01, 0.59557E+02, 0.40075E+00, 0.33556E-02
 0.36000E+02, 0.40000E+01, 0.60427E+02, 0.39449E+00, 0.34177E-02
 0.37000E+02, 0.40000E+01, 0.60817E+02, 0.39959E+00, 0.33781E-02
 0.38000E+02, 0.40000E+01, 0.70672E+02, 0.33469E+00, 0.41521E-02
 0.39000E+02, 0.40000E+01, 0.97449E+02, 0.24165E+00, 0.61985E-02
 0.40000E+02, 0.40000E+01, 0.44753E+02, 0.94783E+00, 0.13556E-02
 0.41000E+02, 0.40000E+01, 0.46941E+02, 0.83012E+00, 0.15585E-02
 0.42000E+02, 0.40000E+01, 0.40524E+02, 0.10673E+01, 0.11879E-02
 0.43000E+02, 0.40000E+01, 0.40887E+02, 0.10395E+01, 0.12210E-02
 0.44000E+02, 0.40000E+01, 0.43429E+02, 0.95060E+00, 0.13461E-02
 0.45000E+02, 0.40000E+01, 0.45683E+02, 0.84583E+00, 0.15236E-02
 0.46000E+02, 0.40000E+01, 0.45198E+02, 0.80284E+00, 0.16027E-02
 0.47000E+02, 0.40000E+01, 0.46317E+02, 0.73760E+00, 0.17506E-02
 0.48000E+02, 0.40000E+01, 0.47465E+02, 0.68008E+00, 0.19055E-02
 0.49000E+02, 0.40000E+01, 0.46534E+02, 0.68164E+00, 0.18956E-02
 0.50000E+02, 0.40000E+01, 0.48245E+02, 0.62991E+00, 0.20622E-02
 0.51000E+02, 0.40000E+01, 0.54636E+02, 0.52053E+00, 0.25452E-02
 0.52000E+02, 0.40000E+01, 0.82150E+02, 0.40745E+00, 0.35245E-02
 0.53000E+02, 0.40000E+01, 0.82510E+02, 0.40924E+00, 0.35126E-02
 0.54000E+02, 0.40000E+01, 0.81549E+02, 0.41060E+00, 0.34915E-02
 0.55000E+02, 0.40000E+01, 0.82274E+02, 0.42478E+00, 0.33819E-02
 0.56000E+02, 0.40000E+01, 0.89425E+02, 0.39091E+00, 0.37488E-02
 0.57000E+02, 0.40000E+01, 0.11670E+03, 0.32898E+00, 0.47898E-02
 0.58000E+02, 0.40000E+01, 0.13957E+03, 0.33448E+00, 0.49873E-02
 0.59000E+02, 0.40000E+01, 0.13160E+03, 0.33047E+00, 0.49503E-02
 0.60000E+02, 0.40000E+01, 0.12886E+03, 0.34209E+00, 0.47499E-02
 0.61000E+02, 0.40000E+01, 0.14363E+03, 0.31070E+00, 0.54218E-02
 0.62000E+02, 0.40000E+01, 0.18259E+03, 0.27370E+00, 0.67300E-02
 0.63000E+02, 0.40000E+01, 0.22000E+02, 0.30000E+02, 0.00000E+00
 0.64000E+02, 0.40000E+01, 0.46936E+03, 0.17504E+00, 0.17146E-01
 0.65000E+02, 0.40000E+01, 0.44802E+03, 0.16701E+00, 0.17453E-01
 0.00000E+00, 0.50000E+01, 0.49853E+02, 0.45338E+00, 0.28795E-02
 0.10000E+01, 0.50000E+01, 0.54830E+02, 0.43510E+00, 0.30468E-02
 0.20000E+01, 0.50000E+01, 0.56124E+02, 0.41953E+00, 0.31723E-02
 0.30000E+01, 0.50000E+01, 0.53913E+02, 0.44661E+00, 0.29599E-02
 0.40000E+01, 0.50000E+01, 0.53469E+02, 0.45130E+00, 0.29252E-02
 0.50000E+01, 0.50000E+01, 0.50819E+02, 0.49743E+00, 0.26324E-02
 0.60000E+01, 0.50000E+01, 0.45487E+02, 0.63181E+00, 0.20384E-02
 0.70000E+01, 0.50000E+01, 0.42097E+02, 0.72901E+00, 0.17478E-02
 0.80000E+01, 0.50000E+01, 0.22000E+02, 0.30000E+02, 0.00000E+00
 0.90000E+01, 0.50000E+01, 0.23430E+03, 0.92665E-01, 0.22134E-01
 0.10000E+02, 0.50000E+01, 0.23998E+03, 0.92058E-01, 0.22529E-01
 0.11000E+02, 0.50000E+01, 0.12879E+03, 0.15342E+00, 0.10589E-01
 0.12000E+02, 0.50000E+01, 0.10346E+03, 0.19472E+00, 0.78173E-02
 0.13000E+02, 0.50000E+01, 0.97508E+02, 0.20347E+00, 0.73629E-02
 0.14000E+02, 0.50000E+01, 0.89314E+02, 0.21965E+00, 0.66696E-02
 0.15000E+02, 0.50000E+01, 0.75201E+02, 0.25312E+00, 0.55625E-02
 0.16000E+02, 0.50000E+01, 0.72610E+02, 0.26137E+00, 0.53469E-02
 0.17000E+02, 0.50000E+01, 0.16771E+03, 0.10854E+00, 0.16416E-01
 0.18000E+02, 0.50000E+01, 0.15122E+03, 0.11199E+00, 0.15316E-01
 0.19000E+02, 0.50000E+01, 0.13555E+03, 0.11131E+00, 0.14840E-01
 0.20000E+02, 0.50000E+01, 0.12802E+03, 0.13419E+00, 0.12083E-01
 0.21000E+02, 0.50000E+01, 0.15715E+03, 0.12347E+00, 0.14086E-01
 0.22000E+02, 0.50000E+01, 0.15555E+03, 0.12512E+00, 0.13848E-01
 0.23000E+02, 0.50000E+01, 0.40036E+02, 0.10068E+01, 0.12573E-02
 0.24000E+02, 0.50000E+01, 0.37213E+02, 0.10702E+01, 0.11721E-02
 0.25000E+02, 0.50000E+01, 0.40559E+02, 0.82810E+00, 0.15312E-02
 0.26000E+02, 0.50000E+01, 0.41527E+02, 0.76315E+00, 0.16666E-02
 0.27000E+02, 0.50000E+01, 0.43136E+02, 0.71180E+00, 0.17960E-02
 0.28000E+02, 0.50000E+01, 0.47775E+02, 0.57943E+00, 0.22386E-02
 0.29000E+02, 0.50000E+01, 0.47910E+02, 0.56510E+00, 0.22964E-02
 0.30000E+02, 0.50000E+01, 0.46681E+02, 0.55896E+00, 0.23127E-02
 0.31000E+02, 0.50000E+01, 0.48167E+02, 0.51484E+00, 0.25225E-02
 0.32000E+02, 0.50000E+01, 0.48145E+02, 0.51515E+00, 0.25208E-02
 0.33000E+02, 0.50000E+01, 0.48643E+02, 0.49664E+00, 0.26188E-02
 0.34000E+02, 0.50000E+01, 0.79917E+02, 0.33599E+00, 0.42473E-02
 0.35000E+02, 0.50000E+01, 0.70641E+02, 0.36375E+00, 0.38201E-02
 0.36000E+02, 0.50000E+01, 0.57260E+02, 0.43397E+00, 0.30773E-02
 0.37000E+02, 0.50000E+01, 0.58607E+02, 0.42047E+00, 0.31891E-02
 0.38000E+02, 0.50000E+01, 0.69885E+02, 0.34046E+00, 0.40724E-02
 0.39000E+02, 0.50000E+01, 0.92497E+02, 0.25282E+00, 0.58455E-02
 0.40000E+02, 0.50000E+01, 0.50104E+02, 0.75864E+00, 0.17222E-02
 0.41000E+02, 0.50000E+01, 0.46331E+02, 0.80678E+00, 0.16005E-02
 0.42000E+02, 0.50000E+01, 0.42920E+02, 0.90928E+00, 0.14050E-02
 0.43000E+02, 0.50000E+01, 0.41970E+02, 0.92138E+00, 0.13823E-02
 0.44000E+02, 0.50000E+01, 0.43889E+02, 0.84841E+00, 0.15104E-02
 0.45000E+02, 0.50000E+01, 0.44640E+02, 0.80833E+00, 0.15890E-02
 0.46000E+02, 0.50000E+01, 0.45722E+02, 0.73490E+00, 0.17537E-02
 0.47000E+02, 0.50000E+01, 0.46388E+02, 0.70465E+00, 0.18329E-02
 0.48000E+02, 0.50000E+01, 0.45013E+02, 0.73256E+00, 0.17554E-02
 0.49000E+02, 0.50000E+01, 0.43986E+02, 0.75855E+00, 0.16898E-02
 0.50000E+02, 0.50000E+01, 0.47388E+02, 0.65315E+00, 0.19836E-02
 0.51000E+02, 0.50000E+01, 0.53591E+02, 0.53464E+00, 0.24701E-02
 0.52000E+02, 0.50000E+01, 0.87883E+02, 0.40914E+00, 0.35666E-02
 0.53000E+02, 0.50000E+01, 0.85949E+02, 0.42346E+00, 0.34275E-02
 0.54000E+02, 0.50000E+01, 0.83315E+02, 0.43138E+00, 0.33399E-02
 0.55000E+02, 0.50000E+01, 0.79769E+02, 0.44199E+00, 0.32273E-02
 0.56000E+02, 0.50000E+01, 0.80862E+02, 0.43022E+00, 0.33259E-02
 0.57000E+02, 0.50000E+01, 0.11766E+03, 0.32828E+00, 0.48117E-02
 0.58000E+02, 0.50000E+01, 0.14293E+03, 0.33327E+00, 0.50462E-02
 0.59000E+02, 0.50000E+01, 0.12568E+03, 0.35200E+00, 0.45796E-02
 0.60000E+02, 0.50000E+01, 0.13652E+03, 0.33863E+00, 0.48898E-02
 0.61000E+02, 0.50000E+01, 0.13561E+03, 0.34142E+00, 0.48391E-02
 0.62000E+02, 0.50000E+01, 0.19167E+03, 0.27490E+00, 0.68342E-02
 0.63000E+02, 0.50000E+01, 0.22000E+02, 0.30000E+02, 0.00000E+00
 0.64000E+02, 0.50000E+01, 0.49150E+03, 0.18317E+00, 0.16873E-01
 0.65000E+02, 0.50000E+01, 0.48300E+03, 0.18072E+00, 0.16911E-01
 0.00000E+00, 0.60000E+01, 0.55076E+02, 0.40728E+00, 0.32573E-02
 0.10000E+01, 0.60000E+01, 0.55273E+02, 0.43212E+00, 0.30719E-02
 0.20000E+01, 0.60000E+01, 0.56816E+02, 0.40952E+00, 0.32567E-02
 0.30000E+01, 0.60000E+01, 0.56071E+02, 0.41733E+00, 0.31885E-02
 0.40000E+01, 0.60000E+01, 0.53291E+02, 0.45500E+00, 0.28998E-02
 0.50000E+01, 0.60000E+01, 0.53417E+02, 0.45745E+00, 0.28854E-02
 0.60000E+01, 0.60000E+01, 0.46608E+02, 0.59811E+00, 0.21608E-02
 0.70000E+01, 0.60000E+01, 0.42824E+02, 0.71513E+00, 0.17858E-02
 0.80000E+01, 0.60000E+01, 0.22000E+02, 0.30000E+02, 0.00000E+00
 0.90000E+01, 0.60000E+01, 0.23369E+03, 0.96699E-01, 0.21185E-01
 0.10000E+02, 0.60000E+01, 0.23974E+03, 0.92929E-01, 0.22307E-01
 0.11000E+02, 0.60000E+01, 0.12929E+03, 0.15128E+00, 0.10752E-01
 0.12000E+02, 0.60000E+01, 0.10818E+03, 0.18757E+00, 0.82170E-02
 0.13000E+02, 0.60000E+01, 0.11935E+03, 0.17674E+00, 0.89758E-02
 0.14000E+02, 0.60000E+01, 0.15330E+03, 0.10923E+00, 0.15780E-01
 0.15000E+02, 0.60000E+01, 0.15411E+03, 0.10853E+00, 0.15911E-01
 0.16000E+02, 0.60000E+01, 0.14370E+03, 0.10849E+00, 0.15530E-01
 0.17000E+02, 0.60000E+01, 0.22756E+03, 0.98022E-01, 0.20646E-01
 0.18000E+02, 0.60000E+01, 0.21433E+03, 0.96583E-01, 0.20400E-01
 0.19000E+02, 0.60000E+01, 0.23210E+02, 0.30000E+02, 0.00000E+00
 0.20000E+02, 0.60000E+01, 0.23025E+02, 0.30000E+02, 0.00000E+00
 0.21000E+02, 0.60000E+01, 0.25090E+03, 0.93207E-01, 0.22725E-01
 0.22000E+02, 0.60000E+01, 0.23758E+03, 0.92437E-01, 0.22332E-01
 0.23000E+02, 0.60000E+01, 0.64319E+02, 0.44130E+00, 0.30908E-02
 0.24000E+02, 0.60000E+01, 0.44879E+02, 0.73855E+00, 0.17405E-02
 0.25000E+02, 0.60000E+01, 0.41454E+02, 0.79408E+00, 0.16013E-02
 0.26000E+02, 0.60000E+01, 0.41337E+02, 0.78937E+00, 0.16103E-02
 0.27000E+02, 0.60000E+01, 0.43948E+02, 0.68289E+00, 0.18768E-02
 0.28000E+02, 0.60000E+01, 0.47010E+02, 0.58709E+00, 0.22042E-02
 0.29000E+02, 0.60000E+01, 0.46128E+02, 0.58823E+00, 0.21938E-02
 0.30000E+02, 0.60000E+01, 0.45866E+02, 0.56651E+00, 0.22761E-02
 0.31000E+02, 0.60000E+01, 0.45990E+02, 0.55550E+00, 0.23221E-02
 0.32000E+02, 0.60000E+01, 0.46395E+02, 0.53775E+00, 0.24018E-02
 0.33000E+02, 0.60000E+01, 0.46397E+02, 0.52021E+00, 0.24827E-02
 0.34000E+02, 0.60000E+01, 0.81779E+02, 0.33629E+00, 0.42658E-02
 0.35000E+02, 0.60000E+01, 0.91350E+02, 0.27528E+00, 0.53518E-02
 0.36000E+02, 0.60000E+01, 0.65012E+02, 0.37970E+00, 0.35997E-02
 0.37000E+02, 0.60000E+01, 0.59683E+02, 0.40098E+00, 0.33549E-02
 0.38000E+02, 0.60000E+01, 0.67500E+02, 0.34935E+00, 0.39412E-02
 0.39000E+02, 0.60000E+01, 0.88068E+02, 0.26272E+00, 0.55572E-02
 0.40000E+02, 0.60000E+01, 0.72303E+02, 0.47923E+00, 0.29135E-02
 0.41000E+02, 0.60000E+01, 0.61782E+02, 0.55064E+00, 0.24585E-02
 0.42000E+02, 0.60000E+01, 0.40601E+02, 0.96094E+00, 0.13197E-02
 0.43000E+02, 0.60000E+01, 0.40183E+02, 0.93824E+00, 0.13498E-02
 0.44000E+02, 0.60000E+01, 0.42227E+02, 0.84136E+00, 0.15151E-02
 0.45000E+02, 0.60000E+01, 0.43858E+02, 0.78523E+00, 0.16318E-02
 0.46000E+02, 0.60000E+01, 0.45001E+02, 0.74391E+00, 0.17286E-02
 0.47000E+02, 0.60000E+01, 0.45115E+02, 0.72961E+00, 0.17631E-02
 0.48000E+02, 0.60000E+01, 0.43752E+02, 0.75605E+00, 0.16941E-02
 0.49000E+02, 0.60000E+01, 0.44068E+02, 0.75280E+00, 0.17032E-02
 0.50000E+02, 0.60000E+01, 0.46453E+02, 0.68113E+00, 0.18965E-02
 0.51000E+02, 0.60000E+01, 0.49798E+02, 0.60550E+00, 0.21557E-02
 0.52000E+02, 0.60000E+01, 0.11594E+03, 0.37533E+00, 0.41900E-02
 0.53000E+02, 0.60000E+01, 0.92984E+02, 0.41635E+00, 0.35543E-02
 0.54000E+02, 0.60000E+01, 0.81659E+02, 0.44555E+00, 0.32187E-02
 0.55000E+02, 0.60000E+01, 0.77798E+02, 0.44351E+00, 0.31983E-02
 0.56000E+02, 0.60000E+01, 0.77020E+02, 0.44431E+00, 0.31855E-02
 0.57000E+02, 0.60000E+01, 0.10989E+03, 0.33694E+00, 0.45949E-02
 0.58000E+02, 0.60000E+01, 0.27300E+03, 0.34440E+00, 0.64096E-02
 0.59000E+02, 0.60000E+01, 0.15917E+03, 0.35995E+00, 0.48544E-02
 0.60000E+02, 0.60000E+01, 0.13936E+03, 0.38100E+00, 0.43761E-02
 0.61000E+02, 0.60000E+01, 0.13313E+03, 0.38555E+00, 0.42591E-02
 0.62000E+02, 0.60000E+01, 0.18257E+03, 0.28838E+00, 0.63872E-02
 0.63000E+02, 0.60000E+01, 0.22000E+02, 0.30000E+02, 0.00000E+00
 0.64000E+02, 0.60000E+01, 0.47211E+03, 0.17707E+00, 0.17012E-01
 0.65000E+02, 0.60000E+01, 0.49937E+03, 0.18623E+00, 0.16767E-01
 0.00000E+00, 0.70000E+01, 0.56764E+02, 0.40695E+00, 0.32767E-02
 0.10000E+01, 0.70000E+01, 0.55457E+02, 0.43260E+00, 0.30702E-02
 0.20000E+01, 0.70000E+01, 0.60384E+02, 0.36706E+00, 0.36727E-02
 0.30000E+01, 0.70000E+01, 0.60825E+02, 0.36317E+00, 0.37169E-02
 0.40000E+01, 0.70000E+01, 0.58611E+02, 0.38776E+00, 0.34581E-02
 0.50000E+01, 0.70000E+01, 0.59624E+02, 0.37803E+00, 0.35579E-02
 0.60000E+01, 0.70000E+01, 0.50571E+02, 0.50616E+00, 0.25850E-02
 0.70000E+01, 0.70000E+01, 0.42996E+02, 0.68722E+00, 0.18594E-02
 0.80000E+01, 0.70000E+01, 0.22000E+02, 0.30000E+02, 0.00000E+00
 0.90000E+01, 0.70000E+01, 0.23263E+03, 0.96034E-01, 0.21287E-01
 0.10000E+02, 0.70000E+01, 0.25935E+03, 0.88706E-01, 0.24263E-01
 0.11000E+02, 0.70000E+01, 0.13050E+03, 0.14767E+00, 0.11048E-01
 0.12000E+02, 0.70000E+01, 0.15090E+03, 0.14555E+00, 0.11776E-01
 0.13000E+02, 0.70000E+01, 0.12934E+03, 0.16298E+00, 0.99816E-02
 0.14000E+02, 0.70000E+01, 0.18708E+03, 0.10046E+00, 0.18516E-01
 0.15000E+02, 0.70000E+01, 0.16291E+03, 0.10477E+00, 0.16822E-01
 0.16000E+02, 0.70000E+01, 0.14203E+03, 0.10793E+00, 0.15548E-01
 0.17000E+02, 0.70000E+01, 0.24882E+03, 0.98896E-01, 0.21333E-01
 0.18000E+02, 0.70000E+01, 0.21386E+03, 0.97587E-01, 0.20171E-01
 0.19000E+02, 0.70000E+01, 0.22669E+02, 0.30000E+02, 0.00000E+00
 0.20000E+02, 0.70000E+01, 0.23090E+02, 0.30000E+02, 0.00000E+00
 0.21000E+02, 0.70000E+01, 0.24273E+03, 0.96356E-01, 0.21640E-01
 0.22000E+02, 0.70000E+01, 0.23170E+03, 0.95130E-01, 0.21450E-01
 0.23000E+02, 0.70000E+01, 0.14114E+03, 0.18102E+00, 0.92503E-02
 0.24000E+02, 0.70000E+01, 0.40298E+02, 0.85714E+00, 0.14781E-02
 0.25000E+02, 0.70000E+01, 0.40237E+02, 0.82212E+00, 0.15407E-02
 0.26000E+02, 0.70000E+01, 0.41998E+02, 0.72785E+00, 0.17500E-02
 0.27000E+02, 0.70000E+01, 0.46161E+02, 0.58398E+00, 0.22100E-02
 0.28000E+02, 0.70000E+01, 0.46987E+02, 0.57660E+00, 0.22441E-02
 0.29000E+02, 0.70000E+01, 0.44236E+02, 0.64408E+00, 0.19917E-02
 0.30000E+02, 0.70000E+01, 0.45577E+02, 0.59190E+00, 0.21765E-02
 0.31000E+02, 0.70000E+01, 0.45760E+02, 0.57424E+00, 0.22447E-02
 0.32000E+02, 0.70000E+01, 0.45772E+02, 0.55627E+00, 0.23173E-02
 0.33000E+02, 0.70000E+01, 0.45246E+02, 0.55278E+00, 0.23281E-02
 0.34000E+02, 0.70000E+01, 0.10862E+03, 0.25076E+00, 0.61535E-02
 0.35000E+02, 0.70000E+01, 0.88640E+02, 0.28350E+00, 0.51579E-02
 0.36000E+02, 0.70000E+01, 0.56246E+02, 0.44125E+00, 0.30173E-02
 0.37000E+02, 0.70000E+01, 0.63379E+02, 0.35677E+00, 0.38125E-02
 0.38000E+02, 0.70000E+01, 0.71758E+02, 0.31558E+00, 0.44174E-02
 0.39000E+02, 0.70000E+01, 0.85134E+02, 0.26512E+00, 0.54621E-02
 0.40000E+02, 0.70000E+01, 0.14753E+03, 0.25464E+00, 0.66774E-02
 0.41000E+02, 0.70000E+01, 0.78492E+02, 0.42214E+00, 0.33668E-02
 0.42000E+02, 0.70000E+01, 0.40877E+02, 0.91391E+00, 0.13888E-02
 0.43000E+02, 0.70000E+01, 0.41267E+02, 0.85974E+00, 0.14781E-02
 0.44000E+02, 0.70000E+01, 0.41839E+02, 0.82585E+00, 0.15416E-02
 0.45000E+02, 0.70000E+01, 0.43523E+02, 0.76939E+00, 0.16636E-02
 0.46000E+02, 0.70000E+01, 0.46150E+02, 0.69287E+00, 0.18626E-02
 0.47000E+02, 0.70000E+01, 0.46613E+02, 0.67255E+00, 0.19217E-02
 0.48000E+02, 0.70000E+01, 0.48546E+02, 0.61977E+00, 0.20979E-02
 0.49000E+02, 0.70000E+01, 0.42650E+02, 0.77665E+00, 0.16435E-02
 0.50000E+02, 0.70000E+01, 0.45688E+02, 0.68046E+00, 0.18939E-02
 0.51000E+02, 0.70000E+01, 0.48093E+02, 0.62123E+00, 0.20901E-02
 0.52000E+02, 0.70000E+01, 0.12287E+03, 0.37253E+00, 0.42967E-02
 0.53000E+02, 0.70000E+01, 0.82395E+02, 0.46544E+00, 0.30875E-02
 0.54000E+02, 0.70000E+01, 0.82550E+02, 0.43929E+00, 0.32727E-02
 0.55000E+02, 0.70000E+01, 0.77744E+02, 0.43346E+00, 0.32719E-02
 0.56000E+02, 0.70000E+01, 0.87702E+02, 0.39293E+00, 0.37119E-02
 0.57000E+02, 0.70000E+01, 0.10072E+03, 0.33717E+00, 0.44819E-02
 0.58000E+02, 0.70000E+01, 0.63498E+03, 0.26085E+00, 0.14071E-01
 0.59000E+02, 0.70000E+01, 0.22754E+03, 0.38637E+00, 0.52377E-02
 0.60000E+02, 0.70000E+01, 0.12705E+03, 0.46312E+00, 0.34927E-02
 0.61000E+02, 0.70000E+01, 0.12241E+03, 0.42465E+00, 0.37649E-02
 0.62000E+02, 0.70000E+01, 0.19186E+03, 0.28358E+00, 0.66279E-02
 0.63000E+02, 0.70000E+01, 0.22000E+02, 0.30000E+02, 0.00000E+00
 0.64000E+02, 0.70000E+01, 0.49540E+03, 0.18508E+00, 0.16784E-01
 0.65000E+02, 0.70000E+01, 0.57045E+03, 0.20749E+00, 0.16433E-01
 0.00000E+00, 0.80000E+01, 0.58419E+02, 0.40045E+00, 0.33466E-02
 0.10000E+01, 0.80000E+01, 0.58224E+02, 0.39550E+00, 0.33865E-02
 0.20000E+01, 0.80000E+01, 0.64596E+02, 0.33359E+00, 0.40922E-02
 0.30000E+01, 0.80000E+01, 0.65966E+02, 0.32720E+00, 0.41890E-02
 0.40000E+01, 0.80000E+01, 0.65019E+02, 0.32992E+00, 0.41429E-02
 0.50000E+01, 0.80000E+01, 0.65955E+02, 0.32626E+00, 0.42010E-02
 0.60000E+01, 0.80000E+01, 0.55378E+02, 0.43207E+00, 0.30733E-02
 0.70000E+01, 0.80000E+01, 0.45452E+02, 0.60506E+00, 0.21283E-02
 0.80000E+01, 0.80000E+01, 0.22000E+02, 0.30000E+02, 0.00000E+00
 0.90000E+01, 0.80000E+01, 0.26104E+03, 0.90582E-01, 0.23836E-01
 0.10000E+02, 0.80000E+01, 0.27661E+03, 0.88540E-01, 0.25097E-01
 0.11000E+02, 0.80000E+01, 0.28752E+03, 0.88083E-01, 0.25727E-01
 0.12000E+02, 0.80000E+01, 0.29508E+03, 0.86664E-01, 0.26501E-01
 0.13000E+02, 0.80000E+01, 0.28662E+03, 0.85976E-01, 0.26315E-01
 0.14000E+02, 0.80000E+01, 0.25603E+03, 0.90788E-01, 0.23559E-01
 0.15000E+02, 0.80000E+01, 0.24885E+03, 0.98008E-01, 0.21527E-01
 0.16000E+02, 0.80000E+01, 0.25445E+03, 0.10004E+00, 0.21317E-01
 0.17000E+02, 0.80000E+01, 0.26821E+03, 0.98975E-01, 0.22107E-01
 0.18000E+02, 0.80000E+01, 0.28219E+03, 0.97723E-01, 0.22969E-01
 0.19000E+02, 0.80000E+01, 0.28878E+03, 0.98543E-01, 0.23048E-01
 0.20000E+02, 0.80000E+01, 0.29498E+03, 0.97794E-01, 0.23481E-01
 0.21000E+02, 0.80000E+01, 0.29114E+03, 0.97074E-01, 0.23495E-01
 0.22000E+02, 0.80000E+01, 0.29874E+03, 0.96745E-01, 0.23892E-01
 0.23000E+02, 0.80000E+01, 0.31469E+03, 0.99144E-01, 0.23965E-01
 0.24000E+02, 0.80000E+01, 0.32481E+03, 0.10508E+00, 0.23001E-01
 0.25000E+02, 0.80000E+01, 0.32810E+03, 0.10756E+00, 0.22593E-01
 0.26000E+02, 0.80000E+01, 0.32668E+03, 0.11111E+00, 0.21820E-01
 0.27000E+02, 0.80000E+01, 0.31798E+03, 0.11288E+00, 0.21166E-01
 0.28000E+02, 0.80000E+01, 0.30722E+03, 0.11369E+00, 0.20632E-01
 0.29000E+02, 0.80000E+01, 0.30328E+03, 0.11389E+00, 0.20456E-01
 0.30000E+02, 0.80000E+01, 0.32509E+03, 0.11931E+00, 0.20267E-01
 0.31000E+02, 0.80000E+01, 0.32174E+03, 0.12127E+00, 0.19828E-01
 0.32000E+02, 0.80000E+01, 0.31982E+03, 0.12463E+00, 0.19231E-01
 0.33000E+02, 0.80000E+01, 0.34299E+03, 0.11969E+00, 0.20807E-01
 0.34000E+02, 0.80000E+01, 0.35313E+03, 0.12318E+00, 0.20550E-01
 0.35000E+02, 0.80000E+01, 0.34604E+03, 0.13133E+00, 0.19057E-01
 0.36000E+02, 0.80000E+01, 0.34802E+03, 0.13089E+00, 0.19182E-01
 0.37000E+02, 0.80000E+01, 0.33403E+03, 0.13708E+00, 0.17903E-01
 0.38000E+02, 0.80000E+01, 0.33953E+03, 0.13862E+00, 0.17864E-01
 0.39000E+02, 0.80000E+01, 0.37081E+03, 0.15350E+00, 0.16956E-01
 0.40000E+02, 0.80000E+01, 0.38321E+03, 0.14804E+00, 0.17920E-01
 0.41000E+02, 0.80000E+01, 0.38897E+03, 0.14588E+00, 0.18345E-01
 0.42000E+02, 0.80000E+01, 0.36612E+03, 0.15467E+00, 0.16705E-01
 0.43000E+02, 0.80000E+01, 0.33931E+03, 0.16097E+00, 0.15378E-01
 0.44000E+02, 0.80000E+01, 0.37174E+03, 0.15640E+00, 0.16666E-01
 0.45000E+02, 0.80000E+01, 0.41998E+03, 0.16612E+00, 0.16864E-01
 0.46000E+02, 0.80000E+01, 0.47826E+03, 0.15651E+00, 0.19405E-01
 0.47000E+02, 0.80000E+01, 0.51451E+03, 0.14980E+00, 0.21253E-01
 0.48000E+02, 0.80000E+01, 0.57747E+03, 0.12926E+00, 0.26598E-01
 0.49000E+02, 0.80000E+01, 0.61779E+03, 0.11352E+00, 0.31721E-01
 0.50000E+02, 0.80000E+01, 0.67167E+03, 0.13087E+00, 0.29181E-01
 0.51000E+02, 0.80000E+01, 0.61832E+03, 0.16356E+00, 0.22029E-01
 0.52000E+02, 0.80000E+01, 0.61701E+03, 0.17026E+00, 0.21132E-01
 0.53000E+02, 0.80000E+01, 0.57170E+03, 0.21896E+00, 0.15595E-01
 0.54000E+02, 0.80000E+01, 0.62878E+03, 0.18183E+00, 0.20049E-01
 0.55000E+02, 0.80000E+01, 0.76335E+03, 0.14160E+00, 0.29586E-01
 0.56000E+02, 0.80000E+01, 0.82243E+03, 0.15891E+00, 0.27866E-01
 0.57000E+02, 0.80000E+01, 0.82413E+03, 0.28418E+00, 0.15606E-01
 0.58000E+02, 0.80000E+01, 0.82614E+03, 0.33086E+00, 0.13429E-01
 0.59000E+02, 0.80000E+01, 0.81003E+03, 0.28197E+00, 0.15526E-01
 0.60000E+02, 0.80000E+01, 0.71683E+03, 0.39150E+00, 0.10221E-01
 0.61000E+02, 0.80000E+01, 0.63098E+03, 0.26787E+00, 0.13642E-01
 0.62000E+02, 0.80000E+01, 0.61920E+03, 0.25444E+00, 0.14175E-01
 0.63000E+02, 0.80000E+01, 0.60539E+03, 0.22992E+00, 0.15444E-01
 0.64000E+02, 0.80000E+01, 0.57879E+03, 0.20986E+00, 0.16408E-01
 0.65000E+02, 0.80000E+01, 0.65516E+03, 0.24057E+00, 0.15597E-01
 0.00000E+00, 0.90000E+01, 0.61253E+02, 0.36078E+00, 0.37463E-02
 0.10000E+01, 0.90000E+01, 0.63552E+02, 0.34267E+00, 0.39714E-02
 0.20000E+01, 0.90000E+01, 0.65094E+02, 0.33367E+00, 0.40972E-02
 0.30000E+01, 0.90000E+01, 0.67555E+02, 0.32241E+00, 0.42712E-02
 0.40000E+01, 0.90000E+01, 0.69945E+02, 0.30756E+00, 0.45087E-02
 0.50000E+01, 0.90000E+01, 0.70362E+02, 0.30632E+00, 0.45325E-02
 0.60000E+01, 0.90000E+01, 0.62196E+02, 0.36541E+00, 0.37093E-02
 0.70000E+01, 0.90000E+01, 0.50064E+02, 0.53572E+00, 0.24385E-02
 0.80000E+01, 0.90000E+01, 0.22000E+02, 0.30000E+02, 0.00000E+00
 0.90000E+01, 0.90000E+01, 0.25641E+03, 0.91631E-01, 0.23359E-01
 0.10000E+02, 0.90000E+01, 0.26603E+03, 0.94454E-01, 0.23073E-01
 0.11000E+02, 0.90000E+01, 0.28019E+03, 0.92814E-01, 0.24097E-01
 0.12000E+02, 0.90000E+01, 0.28568E+03, 0.94352E-01, 0.23939E-01
 0.13000E+02, 0.90000E+01, 0.28931E+03, 0.93763E-01, 0.24246E-01
 0.14000E+02, 0.90000E+01, 0.27087E+03, 0.93070E-01, 0.23626E-01
 0.15000E+02, 0.90000E+01, 0.25489E+03, 0.97442E-01, 0.21903E-01
 0.16000E+02, 0.90000E+01, 0.25549E+03, 0.98985E-01, 0.21586E-01
 0.17000E+02, 0.90000E+01, 0.25915E+03, 0.10491E+00, 0.20508E-01
 0.18000E+02, 0.90000E+01, 0.27354E+03, 0.10667E+00, 0.20714E-01
 0.19000E+02, 0.90000E+01, 0.28259E+03, 0.10631E+00, 0.21129E-01
 0.20000E+02, 0.90000E+01, 0.28526E+03, 0.10846E+00, 0.20809E-01
 0.21000E+02, 0.90000E+01, 0.30733E+03, 0.10667E+00, 0.21995E-01
 0.22000E+02, 0.90000E+01, 0.31095E+03, 0.11006E+00, 0.21451E-01
 0.23000E+02, 0.90000E+01, 0.31017E+03, 0.10703E+00, 0.22029E-01
 0.24000E+02, 0.90000E+01, 0.30487E+03, 0.10840E+00, 0.21553E-01
 0.25000E+02, 0.90000E+01, 0.31832E+03, 0.10926E+00, 0.21880E-01
 0.26000E+02, 0.90000E+01, 0.31056E+03, 0.11272E+00, 0.20930E-01
 0.27000E+02, 0.90000E+01, 0.29655E+03, 0.11629E+00, 0.19800E-01
 0.28000E+02, 0.90000E+01, 0.29873E+03, 0.11706E+00, 0.19745E-01
 0.29000E+02, 0.90000E+01, 0.32003E+03, 0.12034E+00, 0.19922E-01
 0.30000E+02, 0.90000E+01, 0.31332E+03, 0.12271E+00, 0.19316E-01
 0.31000E+02, 0.90000E+01, 0.28857E+03, 0.12318E+00, 0.18431E-01
 0.32000E+02, 0.90000E+01, 0.33007E+03, 0.12636E+00, 0.19295E-01
 0.33000E+02, 0.90000E+01, 0.33569E+03, 0.13066E+00, 0.18834E-01
 0.34000E+02, 0.90000E+01, 0.33816E+03, 0.13098E+00, 0.18864E-01
 0.35000E+02, 0.90000E+01, 0.31767E+03, 0.13455E+00, 0.17748E-01
 0.36000E+02, 0.90000E+01, 0.36311E+03, 0.13100E+00, 0.19631E-01
 0.37000E+02, 0.90000E+01, 0.36946E+03, 0.13194E+00, 0.19686E-01
 0.38000E+02, 0.90000E+01, 0.35095E+03, 0.13887E+00, 0.18165E-01
 0.39000E+02, 0.90000E+01, 0.34863E+03, 0.14710E+00, 0.17085E-01
 0.40000E+02, 0.90000E+01, 0.38007E+03, 0.15222E+00, 0.17345E-01
 0.41000E+02, 0.90000E+01, 0.39808E+03, 0.16103E+00, 0.16847E-01
 0.42000E+02, 0.90000E+01, 0.42490E+03, 0.16916E+00, 0.16678E-01
 0.43000E+02, 0.90000E+01, 0.39221E+03, 0.17074E+00, 0.15751E-01
 0.44000E+02, 0.90000E+01, 0.37138E+03, 0.17055E+00, 0.15274E-01
 0.45000E+02, 0.90000E+01, 0.39361E+03, 0.16965E+00, 0.15885E-01
 0.46000E+02, 0.90000E+01, 0.46039E+03, 0.17779E+00, 0.16676E-01
 0.47000E+02, 0.90000E+01, 0.47443E+03, 0.20224E+00, 0.14940E-01
 0.48000E+02, 0.90000E+01, 0.52345E+03, 0.20246E+00, 0.15903E-01
 0.49000E+02, 0.90000E+01, 0.57778E+03, 0.18112E+00, 0.18989E-01
 0.50000E+02, 0.90000E+01, 0.57065E+03, 0.21023E+00, 0.16223E-01
 0.51000E+02, 0.90000E+01, 0.53021E+03, 0.22091E+00, 0.14698E-01
 0.52000E+02, 0.90000E+01, 0.65262E+03, 0.17565E+00, 0.21302E-01
 0.53000E+02, 0.90000E+01, 0.60516E+03, 0.26869E+00, 0.13212E-01
 0.54000E+02, 0.90000E+01, 0.57500E+03, 0.31732E+00, 0.10803E-01
 0.55000E+02, 0.90000E+01, 0.72080E+03, 0.24634E+00, 0.16309E-01
 0.56000E+02, 0.90000E+01, 0.89507E+03, 0.16920E+00, 0.27907E-01
 0.57000E+02, 0.90000E+01, 0.92356E+03, 0.19539E+00, 0.24755E-01
 0.58000E+02, 0.90000E+01, 0.94076E+03, 0.24447E+00, 0.20070E-01
 0.59000E+02, 0.90000E+01, 0.87096E+03, 0.23684E+00, 0.19525E-01
 0.60000E+02, 0.90000E+01, 0.80721E+03, 0.23407E+00, 0.18655E-01
 0.61000E+02, 0.90000E+01, 0.70465E+03, 0.23677E+00, 0.16691E-01
 0.62000E+02, 0.90000E+01, 0.67326E+03, 0.23916E+00, 0.15994E-01
 0.63000E+02, 0.90000E+01, 0.66369E+03, 0.23760E+00, 0.15936E-01
 0.64000E+02, 0.90000E+01, 0.67112E+03, 0.24240E+00, 0.15745E-01
 0.65000E+02, 0.90000E+01, 0.67873E+03, 0.24049E+00, 0.15998E-01
 0.00000E+00, 0.10000E+02, 0.64522E+02, 0.33185E+00, 0.41128E-02
 0.10000E+01, 0.10000E+02, 0.64742E+02, 0.33601E+00, 0.40644E-02
 0.20000E+01, 0.10000E+02, 0.63284E+02, 0.35489E+00, 0.38316E-02
 0.30000E+01, 0.10000E+02, 0.65746E+02, 0.34309E+00, 0.39924E-02
 0.40000E+01, 0.10000E+02, 0.73660E+02, 0.29124E+00, 0.48131E-02
 0.50000E+01, 0.10000E+02, 0.75780E+02, 0.28021E+00, 0.50331E-02
 0.60000E+01, 0.10000E+02, 0.70626E+02, 0.30815E+00, 0.45091E-02
 0.70000E+01, 0.10000E+02, 0.57533E+02, 0.41404E+00, 0.32281E-02
 0.80000E+01, 0.10000E+02, 0.22000E+02, 0.30000E+02, 0.00000E+00
 0.90000E+01, 0.10000E+02, 0.26561E+03, 0.91733E-01, 0.23738E-01
 0.10000E+02, 0.10000E+02, 0.25965E+03, 0.97522E-01, 0.22082E-01
 0.11000E+02, 0.10000E+02, 0.27509E+03, 0.94802E-01, 0.23374E-01
 0.12000E+02, 0.10000E+02, 0.27746E+03, 0.99164E-01, 0.22442E-01
 0.13000E+02, 0.10000E+02, 0.29024E+03, 0.94948E-01, 0.23983E-01
 0.14000E+02, 0.10000E+02, 0.30356E+03, 0.91338E-01, 0.25520E-01
 0.15000E+02, 0.10000E+02, 0.25751E+03, 0.10369E+00, 0.20685E-01
 0.16000E+02, 0.10000E+02, 0.25430E+03, 0.10659E+00, 0.20001E-01
 0.17000E+02, 0.10000E+02, 0.26152E+03, 0.10942E+00, 0.19751E-01
 0.18000E+02, 0.10000E+02, 0.27085E+03, 0.11164E+00, 0.19695E-01
 0.19000E+02, 0.10000E+02, 0.28544E+03, 0.11351E+00, 0.19890E-01
 0.20000E+02, 0.10000E+02, 0.28897E+03, 0.11423E+00, 0.19890E-01
 0.21000E+02, 0.10000E+02, 0.30149E+03, 0.11194E+00, 0.20749E-01
 0.22000E+02, 0.10000E+02, 0.30506E+03, 0.11581E+00, 0.20181E-01
 0.23000E+02, 0.10000E+02, 0.31159E+03, 0.11914E+00, 0.19837E-01
 0.24000E+02, 0.10000E+02, 0.30921E+03, 0.11827E+00, 0.19902E-01
 0.25000E+02, 0.10000E+02, 0.30525E+03, 0.11590E+00, 0.20171E-01
 0.26000E+02, 0.10000E+02, 0.29726E+03, 0.11739E+00, 0.19639E-01
 0.27000E+02, 0.10000E+02, 0.29061E+03, 0.11725E+00, 0.19433E-01
 0.28000E+02, 0.10000E+02, 0.28317E+03, 0.11764E+00, 0.19114E-01
 0.29000E+02, 0.10000E+02, 0.29583E+03, 0.12114E+00, 0.18983E-01
 0.30000E+02, 0.10000E+02, 0.32205E+03, 0.12451E+00, 0.19321E-01
 0.31000E+02, 0.10000E+02, 0.29877E+03, 0.12478E+00, 0.18526E-01
 0.32000E+02, 0.10000E+02, 0.29454E+03, 0.12707E+00, 0.18058E-01
 0.33000E+02, 0.10000E+02, 0.35320E+03, 0.13465E+00, 0.18801E-01
 0.34000E+02, 0.10000E+02, 0.34761E+03, 0.13747E+00, 0.18251E-01
 0.35000E+02, 0.10000E+02, 0.35516E+03, 0.13942E+00, 0.18215E-01
 0.36000E+02, 0.10000E+02, 0.35627E+03, 0.13638E+00, 0.18653E-01
 0.37000E+02, 0.10000E+02, 0.34309E+03, 0.13525E+00, 0.18416E-01
 0.38000E+02, 0.10000E+02, 0.35718E+03, 0.13886E+00, 0.18348E-01
 0.39000E+02, 0.10000E+02, 0.35302E+03, 0.14592E+00, 0.17345E-01
 0.40000E+02, 0.10000E+02, 0.34577E+03, 0.14613E+00, 0.17119E-01
 0.41000E+02, 0.10000E+02, 0.38853E+03, 0.16145E+00, 0.16565E-01
 0.42000E+02, 0.10000E+02, 0.38211E+03, 0.16767E+00, 0.15795E-01
 0.43000E+02, 0.10000E+02, 0.37692E+03, 0.17025E+00, 0.15433E-01
 0.44000E+02, 0.10000E+02, 0.44878E+03, 0.16228E+00, 0.17980E-01
 0.45000E+02, 0.10000E+02, 0.46770E+03, 0.16772E+00, 0.17854E-01
 0.46000E+02, 0.10000E+02, 0.48133E+03, 0.19281E+00, 0.15816E-01
 0.47000E+02, 0.10000E+02, 0.47047E+03, 0.19369E+00, 0.15517E-01
 0.48000E+02, 0.10000E+02, 0.45995E+03, 0.20108E+00, 0.14736E-01
 0.49000E+02, 0.10000E+02, 0.47200E+03, 0.22427E+00, 0.13429E-01
 0.50000E+02, 0.10000E+02, 0.48876E+03, 0.23686E+00, 0.13001E-01
 0.51000E+02, 0.10000E+02, 0.46524E+03, 0.24572E+00, 0.12146E-01
 0.52000E+02, 0.10000E+02, 0.48243E+03, 0.27638E+00, 0.11050E-01
 0.53000E+02, 0.10000E+02, 0.59961E+03, 0.29655E+00, 0.11895E-01
 0.54000E+02, 0.10000E+02, 0.64580E+03, 0.36264E+00, 0.10242E-01
 0.55000E+02, 0.10000E+02, 0.63379E+03, 0.32167E+00, 0.11396E-01
 0.56000E+02, 0.10000E+02, 0.93872E+03, 0.18576E+00, 0.26368E-01
 0.57000E+02, 0.10000E+02, 0.95931E+03, 0.17157E+00, 0.29034E-01
 0.58000E+02, 0.10000E+02, 0.99664E+03, 0.26513E+00, 0.19358E-01
 0.59000E+02, 0.10000E+02, 0.87473E+03, 0.29547E+00, 0.15702E-01
 0.60000E+02, 0.10000E+02, 0.77450E+03, 0.26732E+00, 0.15840E-01
 0.61000E+02, 0.10000E+02, 0.72827E+03, 0.24266E+00, 0.16680E-01
 0.62000E+02, 0.10000E+02, 0.70404E+03, 0.23088E+00, 0.17107E-01
 0.63000E+02, 0.10000E+02, 0.68470E+03, 0.23572E+00, 0.16424E-01
 0.64000E+02, 0.10000E+02, 0.69426E+03, 0.22843E+00, 0.17117E-01
 0.65000E+02, 0.10000E+02, 0.68567E+03, 0.23949E+00, 0.16182E-01
 0.00000E+00, 0.11000E+02, 0.65967E+02, 0.31715E+00, 0.43218E-02
 0.10000E+01, 0.11000E+02, 0.64705E+02, 0.33861E+00, 0.40328E-02
 0.20000E+01, 0.11000E+02, 0.63458E+02, 0.35689E+00, 0.38121E-02
 0.30000E+01, 0.11000E+02, 0.65610E+02, 0.34531E+00, 0.39651E-02
 0.40000E+01, 0.11000E+02, 0.74026E+02, 0.29073E+00, 0.48265E-02
 0.50000E+01, 0.11000E+02, 0.79606E+02, 0.26365E+00, 0.54079E-02
 0.60000E+01, 0.11000E+02, 0.81215E+02, 0.25602E+00, 0.55944E-02
 0.70000E+01, 0.11000E+02, 0.68565E+02, 0.31703E+00, 0.43565E-02
 0.80000E+01, 0.11000E+02, 0.22000E+02, 0.30000E+02, 0.00000E+00
 0.90000E+01, 0.11000E+02, 0.28800E+03, 0.86984E-01, 0.26075E-01
 0.10000E+02, 0.11000E+02, 0.27137E+03, 0.97378E-01, 0.22601E-01
 0.11000E+02, 0.11000E+02, 0.27227E+03, 0.98299E-01, 0.22427E-01
 0.12000E+02, 0.11000E+02, 0.27576E+03, 0.10019E+00, 0.22144E-01
 0.13000E+02, 0.11000E+02, 0.27265E+03, 0.10237E+00, 0.21550E-01
 0.14000E+02, 0.11000E+02, 0.31250E+03, 0.92747E-01, 0.25522E-01
 0.15000E+02, 0.11000E+02, 0.29544E+03, 0.96799E-01, 0.23742E-01
 0.16000E+02, 0.11000E+02, 0.28050E+03, 0.97562E-01, 0.22937E-01
 0.17000E+02, 0.11000E+02, 0.26573E+03, 0.10607E+00, 0.20535E-01
 0.18000E+02, 0.11000E+02, 0.27029E+03, 0.10759E+00, 0.20416E-01
 0.19000E+02, 0.11000E+02, 0.27685E+03, 0.11196E+00, 0.19856E-01
 0.20000E+02, 0.11000E+02, 0.28552E+03, 0.11512E+00, 0.19615E-01
 0.21000E+02, 0.11000E+02, 0.29999E+03, 0.11705E+00, 0.19791E-01
 0.22000E+02, 0.11000E+02, 0.30173E+03, 0.11767E+00, 0.19746E-01
 0.23000E+02, 0.11000E+02, 0.29556E+03, 0.11907E+00, 0.19304E-01
 0.24000E+02, 0.11000E+02, 0.30602E+03, 0.12140E+00, 0.19283E-01
 0.25000E+02, 0.11000E+02, 0.30659E+03, 0.12210E+00, 0.19191E-01
 0.26000E+02, 0.11000E+02, 0.29619E+03, 0.11950E+00, 0.19257E-01
 0.27000E+02, 0.11000E+02, 0.28758E+03, 0.11876E+00, 0.19083E-01
 0.28000E+02, 0.11000E+02, 0.29175E+03, 0.12178E+00, 0.18749E-01
 0.29000E+02, 0.11000E+02, 0.28806E+03, 0.12324E+00, 0.18406E-01
 0.30000E+02, 0.11000E+02, 0.28201E+03, 0.12235E+00, 0.18339E-01
 0.31000E+02, 0.11000E+02, 0.30078E+03, 0.12614E+00, 0.18390E-01
 0.32000E+02, 0.11000E+02, 0.32040E+03, 0.13105E+00, 0.18306E-01
 0.33000E+02, 0.11000E+02, 0.36182E+03, 0.13810E+00, 0.18583E-01
 0.34000E+02, 0.11000E+02, 0.36896E+03, 0.13583E+00, 0.19107E-01
 0.35000E+02, 0.11000E+02, 0.41965E+03, 0.13383E+00, 0.20923E-01
 0.36000E+02, 0.11000E+02, 0.41900E+03, 0.13270E+00, 0.21081E-01
 0.37000E+02, 0.11000E+02, 0.42146E+03, 0.13838E+00, 0.20289E-01
 0.38000E+02, 0.11000E+02, 0.39668E+03, 0.14053E+00, 0.19265E-01
 0.39000E+02, 0.11000E+02, 0.36026E+03, 0.14226E+00, 0.17996E-01
 0.40000E+02, 0.11000E+02, 0.35193E+03, 0.14507E+00, 0.17415E-01
 0.41000E+02, 0.11000E+02, 0.33287E+03, 0.14795E+00, 0.16556E-01
 0.42000E+02, 0.11000E+02, 0.35832E+03, 0.15817E+00, 0.16136E-01
 0.43000E+02, 0.11000E+02, 0.45948E+03, 0.16292E+00, 0.18175E-01
 0.44000E+02, 0.11000E+02, 0.47843E+03, 0.16518E+00, 0.18391E-01
 0.45000E+02, 0.11000E+02, 0.47741E+03, 0.17182E+00, 0.17656E-01
 0.46000E+02, 0.11000E+02, 0.47593E+03, 0.17280E+00, 0.17521E-01
 0.47000E+02, 0.11000E+02, 0.47038E+03, 0.18135E+00, 0.16572E-01
 0.48000E+02, 0.11000E+02, 0.43436E+03, 0.18731E+00, 0.15266E-01
 0.49000E+02, 0.11000E+02, 0.43604E+03, 0.20658E+00, 0.13876E-01
 0.50000E+02, 0.11000E+02, 0.44808E+03, 0.23777E+00, 0.12260E-01
 0.51000E+02, 0.11000E+02, 0.43377E+03, 0.24661E+00, 0.11586E-01
 0.52000E+02, 0.11000E+02, 0.45805E+03, 0.24923E+00, 0.11858E-01
 0.53000E+02, 0.11000E+02, 0.58051E+03, 0.29271E+00, 0.11787E-01
 0.54000E+02, 0.11000E+02, 0.60140E+03, 0.35401E+00, 0.99849E-02
 0.55000E+02, 0.11000E+02, 0.57440E+03, 0.36491E+00, 0.93877E-02
 0.56000E+02, 0.11000E+02, 0.89807E+03, 0.20284E+00, 0.23338E-01
 0.57000E+02, 0.11000E+02, 0.97509E+03, 0.21747E+00, 0.23200E-01
 0.58000E+02, 0.11000E+02, 0.10007E+04, 0.29324E+00, 0.17559E-01
 0.59000E+02, 0.11000E+02, 0.97218E+03, 0.26668E+00, 0.18874E-01
 0.60000E+02, 0.11000E+02, 0.85263E+03, 0.27805E+00, 0.16365E-01
 0.61000E+02, 0.11000E+02, 0.75049E+03, 0.27069E+00, 0.15285E-01
 0.62000E+02, 0.11000E+02, 0.71933E+03, 0.26153E+00, 0.15338E-01
 0.63000E+02, 0.11000E+02, 0.73571E+03, 0.23244E+00, 0.17543E-01
 0.64000E+02, 0.11000E+02, 0.72872E+03, 0.21033E+00, 0.19252E-01
 0.65000E+02, 0.11000E+02, 0.68936E+03, 0.22221E+00, 0.17507E-01
 0.00000E+00, 0.12000E+02, 0.67631E+02, 0.31073E+00, 0.44327E-02
 0.10000E+01, 0.12000E+02, 0.68588E+02, 0.31640E+00, 0.43655E-02
 0.20000E+01, 0.12000E+02, 0.69299E+02, 0.31850E+00, 0.43458E-02
 0.30000E+01, 0.12000E+02, 0.69958E+02, 0.31633E+00, 0.43840E-02
 0.40000E+01, 0.12000E+02, 0.73059E+02, 0.29620E+00, 0.47243E-02
 0.50000E+01, 0.12000E+02, 0.78767E+02, 0.26942E+00, 0.52794E-02
 0.60000E+01, 0.12000E+02, 0.91088E+02, 0.22607E+00, 0.65122E-02
 0.70000E+01, 0.12000E+02, 0.79084E+02, 0.26563E+00, 0.53597E-02
 0.80000E+01, 0.12000E+02, 0.22000E+02, 0.30000E+02, 0.00000E+00
 0.90000E+01, 0.12000E+02, 0.30029E+03, 0.87001E-01, 0.26640E-01
 0.10000E+02, 0.12000E+02, 0.28124E+03, 0.94277E-01, 0.23768E-01
 0.11000E+02, 0.12000E+02, 0.27209E+03, 0.10099E+00, 0.21822E-01
 0.12000E+02, 0.12000E+02, 0.27020E+03, 0.10366E+00, 0.21186E-01
 0.13000E+02, 0.12000E+02, 0.27090E+03, 0.10386E+00, 0.21173E-01
 0.14000E+02, 0.12000E+02, 0.29508E+03, 0.97104E-01, 0.23652E-01
 0.15000E+02, 0.12000E+02, 0.30704E+03, 0.97612E-01, 0.24024E-01
 0.16000E+02, 0.12000E+02, 0.31177E+03, 0.92392E-01, 0.25589E-01
 0.17000E+02, 0.12000E+02, 0.30013E+03, 0.94609E-01, 0.24491E-01
 0.18000E+02, 0.12000E+02, 0.30068E+03, 0.93299E-01, 0.24859E-01
 0.19000E+02, 0.12000E+02, 0.29356E+03, 0.98733E-01, 0.23200E-01
 0.20000E+02, 0.12000E+02, 0.29547E+03, 0.11638E+00, 0.19748E-01
 0.21000E+02, 0.12000E+02, 0.30009E+03, 0.11846E+00, 0.19559E-01
 0.22000E+02, 0.12000E+02, 0.30298E+03, 0.12011E+00, 0.19387E-01
 0.23000E+02, 0.12000E+02, 0.30230E+03, 0.12022E+00, 0.19346E-01
 0.24000E+02, 0.12000E+02, 0.29371E+03, 0.11923E+00, 0.19217E-01
 0.25000E+02, 0.12000E+02, 0.29900E+03, 0.12175E+00, 0.18994E-01
 0.26000E+02, 0.12000E+02, 0.29850E+03, 0.12117E+00, 0.19068E-01
 0.27000E+02, 0.12000E+02, 0.30036E+03, 0.12141E+00, 0.19093E-01
 0.28000E+02, 0.12000E+02, 0.29621E+03, 0.12189E+00, 0.18880E-01
 0.29000E+02, 0.12000E+02, 0.28668E+03, 0.12075E+00, 0.18739E-01
 0.30000E+02, 0.12000E+02, 0.28355E+03, 0.12391E+00, 0.18159E-01
 0.31000E+02, 0.12000E+02, 0.28108E+03, 0.12457E+00, 0.17983E-01
 0.32000E+02, 0.12000E+02, 0.29436E+03, 0.12840E+00, 0.17864E-01
 0.33000E+02, 0.12000E+02, 0.36727E+03, 0.13390E+00, 0.19331E-01
 0.34000E+02, 0.12000E+02, 0.37909E+03, 0.13140E+00, 0.20062E-01
 0.35000E+02, 0.12000E+02, 0.36271E+03, 0.13420E+00, 0.19150E-01
 0.36000E+02, 0.12000E+02, 0.38215E+03, 0.13474E+00, 0.19657E-01
 0.37000E+02, 0.12000E+02, 0.43292E+03, 0.13443E+00, 0.21229E-01
 0.38000E+02, 0.12000E+02, 0.42326E+03, 0.14021E+00, 0.20076E-01
 0.39000E+02, 0.12000E+02, 0.38248E+03, 0.14280E+00, 0.18556E-01
 0.40000E+02, 0.12000E+02, 0.34864E+03, 0.14530E+00, 0.17296E-01
 0.41000E+02, 0.12000E+02, 0.32575E+03, 0.14624E+00, 0.16553E-01
 0.42000E+02, 0.12000E+02, 0.43742E+03, 0.15818E+00, 0.18156E-01
 0.43000E+02, 0.12000E+02, 0.48166E+03, 0.15659E+00, 0.19483E-01
 0.44000E+02, 0.12000E+02, 0.50818E+03, 0.16162E+00, 0.19540E-01
 0.45000E+02, 0.12000E+02, 0.51051E+03, 0.17080E+00, 0.18545E-01
 0.46000E+02, 0.12000E+02, 0.48104E+03, 0.17154E+00, 0.17770E-01
 0.47000E+02, 0.12000E+02, 0.43369E+03, 0.17549E+00, 0.16280E-01
 0.48000E+02, 0.12000E+02, 0.40532E+03, 0.18110E+00, 0.15143E-01
 0.49000E+02, 0.12000E+02, 0.38774E+03, 0.18861E+00, 0.14163E-01
 0.50000E+02, 0.12000E+02, 0.40289E+03, 0.20048E+00, 0.13630E-01
 0.51000E+02, 0.12000E+02, 0.44884E+03, 0.20923E+00, 0.13947E-01
 0.52000E+02, 0.12000E+02, 0.45881E+03, 0.22384E+00, 0.13217E-01
 0.53000E+02, 0.12000E+02, 0.47782E+03, 0.25626E+00, 0.11845E-01
 0.54000E+02, 0.12000E+02, 0.51274E+03, 0.30013E+00, 0.10583E-01
 0.55000E+02, 0.12000E+02, 0.56216E+03, 0.35946E+00, 0.93922E-02
 0.56000E+02, 0.12000E+02, 0.76341E+03, 0.37314E+00, 0.11228E-01
 0.57000E+02, 0.12000E+02, 0.95001E+03, 0.20669E+00, 0.23918E-01
 0.58000E+02, 0.12000E+02, 0.10766E+04, 0.29817E+00, 0.18296E-01
 0.59000E+02, 0.12000E+02, 0.95216E+03, 0.31703E+00, 0.15621E-01
 0.60000E+02, 0.12000E+02, 0.85189E+03, 0.32995E+00, 0.13782E-01
 0.61000E+02, 0.12000E+02, 0.74523E+03, 0.28733E+00, 0.14326E-01
 0.62000E+02, 0.12000E+02, 0.74062E+03, 0.26722E+00, 0.15334E-01
 0.63000E+02, 0.12000E+02, 0.74878E+03, 0.22432E+00, 0.18413E-01
 0.64000E+02, 0.12000E+02, 0.72891E+03, 0.22321E+00, 0.18145E-01
 0.65000E+02, 0.12000E+02, 0.69593E+03, 0.25459E+00, 0.15385E-01
 0.00000E+00, 0.13000E+02, 0.70408E+02, 0.29196E+00, 0.47562E-02
 0.10000E+01, 0.13000E+02, 0.74289E+02, 0.28356E+00, 0.49523E-02
 0.20000E+01, 0.13000E+02, 0.75417E+02, 0.28219E+00, 0.49926E-02
 0.30000E+01, 0.13000E+02, 0.76366E+02, 0.27992E+00, 0.50467E-02
 0.40000E+01, 0.13000E+02, 0.83849E+02, 0.25183E+00, 0.57298E-02
 0.50000E+01, 0.13000E+02, 0.91061E+02, 0.23106E+00, 0.63710E-02
 0.60000E+01, 0.13000E+02, 0.10980E+03, 0.18983E+00, 0.81537E-02
 0.70000E+01, 0.13000E+02, 0.12034E+03, 0.16957E+00, 0.93791E-02
 0.80000E+01, 0.13000E+02, 0.22000E+02, 0.30000E+02, 0.00000E+00
 0.90000E+01, 0.13000E+02, 0.30855E+03, 0.86171E-01, 0.27285E-01
 0.10000E+02, 0.13000E+02, 0.28451E+03, 0.96299E-01, 0.23406E-01
 0.11000E+02, 0.13000E+02, 0.28013E+03, 0.10059E+00, 0.22231E-01
 0.12000E+02, 0.13000E+02, 0.32330E+03, 0.95384E-01, 0.25274E-01
 0.13000E+02, 0.13000E+02, 0.27104E+03, 0.10511E+00, 0.20927E-01
 0.14000E+02, 0.13000E+02, 0.29120E+03, 0.10115E+00, 0.22552E-01
 0.15000E+02, 0.13000E+02, 0.28699E+03, 0.10450E+00, 0.21664E-01
 0.16000E+02, 0.13000E+02, 0.28307E+03, 0.10413E+00, 0.21590E-01
 0.17000E+02, 0.13000E+02, 0.29868E+03, 0.98974E-01, 0.23352E-01
 0.18000E+02, 0.13000E+02, 0.30912E+03, 0.92916E-01, 0.25329E-01
 0.19000E+02, 0.13000E+02, 0.29420E+03, 0.10788E+00, 0.21256E-01
 0.20000E+02, 0.13000E+02, 0.29577E+03, 0.11751E+00, 0.19569E-01
 0.21000E+02, 0.13000E+02, 0.29770E+03, 0.11789E+00, 0.19571E-01
 0.22000E+02, 0.13000E+02, 0.29439E+03, 0.11629E+00, 0.19726E-01
 0.23000E+02, 0.13000E+02, 0.28933E+03, 0.11643E+00, 0.19527E-01
 0.24000E+02, 0.13000E+02, 0.28207E+03, 0.11624E+00, 0.19305E-01
 0.25000E+02, 0.13000E+02, 0.28613E+03, 0.11621E+00, 0.19452E-01
 0.26000E+02, 0.13000E+02, 0.28791E+03, 0.11639E+00, 0.19483E-01
 0.27000E+02, 0.13000E+02, 0.31101E+03, 0.12356E+00, 0.19109E-01
 0.28000E+02, 0.13000E+02, 0.30622E+03, 0.12498E+00, 0.18737E-01
 0.29000E+02, 0.13000E+02, 0.28837E+03, 0.12057E+00, 0.18823E-01
 0.30000E+02, 0.13000E+02, 0.27915E+03, 0.11940E+00, 0.18696E-01
 0.31000E+02, 0.13000E+02, 0.27680E+03, 0.12110E+00, 0.18355E-01
 0.32000E+02, 0.13000E+02, 0.29615E+03, 0.12524E+00, 0.18373E-01
 0.33000E+02, 0.13000E+02, 0.33972E+03, 0.12974E+00, 0.19093E-01
 0.34000E+02, 0.13000E+02, 0.33263E+03, 0.13443E+00, 0.18214E-01
 0.35000E+02, 0.13000E+02, 0.33856E+03, 0.14010E+00, 0.17648E-01
 0.36000E+02, 0.13000E+02, 0.34600E+03, 0.13935E+00, 0.17958E-01
 0.37000E+02, 0.13000E+02, 0.37827E+03, 0.13827E+00, 0.19042E-01
 0.38000E+02, 0.13000E+02, 0.43136E+03, 0.14463E+00, 0.19689E-01
 0.39000E+02, 0.13000E+02, 0.40107E+03, 0.14442E+00, 0.18869E-01
 0.40000E+02, 0.13000E+02, 0.35537E+03, 0.14900E+00, 0.17050E-01
 0.41000E+02, 0.13000E+02, 0.41825E+03, 0.14217E+00, 0.19656E-01
 0.42000E+02, 0.13000E+02, 0.48165E+03, 0.14079E+00, 0.21669E-01
 0.43000E+02, 0.13000E+02, 0.49012E+03, 0.14246E+00, 0.21655E-01
 0.44000E+02, 0.13000E+02, 0.50857E+03, 0.14336E+00, 0.22040E-01
 0.45000E+02, 0.13000E+02, 0.49925E+03, 0.14502E+00, 0.21527E-01
 0.46000E+02, 0.13000E+02, 0.47589E+03, 0.15694E+00, 0.19291E-01
 0.47000E+02, 0.13000E+02, 0.45927E+03, 0.17187E+00, 0.17224E-01
 0.48000E+02, 0.13000E+02, 0.45663E+03, 0.18350E+00, 0.16075E-01
 0.49000E+02, 0.13000E+02, 0.38401E+03, 0.18186E+00, 0.14606E-01
 0.50000E+02, 0.13000E+02, 0.43539E+03, 0.18473E+00, 0.15502E-01
 0.51000E+02, 0.13000E+02, 0.50095E+03, 0.17805E+00, 0.17573E-01
 0.52000E+02, 0.13000E+02, 0.53211E+03, 0.21755E+00, 0.14961E-01
 0.53000E+02, 0.13000E+02, 0.57251E+03, 0.25315E+00, 0.13502E-01
 0.54000E+02, 0.13000E+02, 0.55495E+03, 0.29677E+00, 0.11278E-01
 0.55000E+02, 0.13000E+02, 0.66523E+03, 0.37675E+00, 0.10067E-01
 0.56000E+02, 0.13000E+02, 0.74416E+03, 0.40497E+00, 0.10153E-01
 0.57000E+02, 0.13000E+02, 0.87344E+03, 0.22980E+00, 0.20167E-01
 0.58000E+02, 0.13000E+02, 0.96244E+03, 0.23650E+00, 0.21116E-01
 0.59000E+02, 0.13000E+02, 0.91742E+03, 0.34463E+00, 0.13963E-01
 0.60000E+02, 0.13000E+02, 0.82074E+03, 0.31804E+00, 0.13902E-01
 0.61000E+02, 0.13000E+02, 0.79462E+03, 0.30932E+00, 0.13952E-01
 0.62000E+02, 0.13000E+02, 0.76725E+03, 0.29095E+00, 0.14453E-01
 0.63000E+02, 0.13000E+02, 0.75578E+03, 0.26017E+00, 0.15985E-01
 0.64000E+02, 0.13000E+02, 0.74010E+03, 0.23463E+00, 0.17455E-01
 0.65000E+02, 0.13000E+02, 0.71286E+03, 0.22234E+00, 0.17924E-01
 0.00000E+00, 0.14000E+02, 0.72020E+02, 0.27578E+00, 0.50588E-02
 0.10000E+01, 0.14000E+02, 0.75674E+02, 0.27203E+00, 0.51829E-02
 0.20000E+01, 0.14000E+02, 0.82496E+02, 0.24929E+00, 0.57661E-02
 0.30000E+01, 0.14000E+02, 0.89151E+02, 0.23059E+00, 0.63505E-02
 0.40000E+01, 0.14000E+02, 0.10014E+03, 0.20558E+00, 0.73391E-02
 0.50000E+01, 0.14000E+02, 0.10330E+03, 0.20546E+00, 0.74057E-02
 0.60000E+01, 0.14000E+02, 0.13887E+03, 0.15366E+00, 0.10838E-01
 0.70000E+01, 0.14000E+02, 0.18685E+03, 0.11493E+00, 0.16177E-01
 0.80000E+01, 0.14000E+02, 0.22000E+02, 0.30000E+02, 0.00000E+00
 0.90000E+01, 0.14000E+02, 0.30355E+03, 0.93332E-01, 0.24974E-01
 0.10000E+02, 0.14000E+02, 0.30409E+03, 0.95775E-01, 0.24360E-01
 0.11000E+02, 0.14000E+02, 0.32371E+03, 0.94582E-01, 0.25506E-01
 0.12000E+02, 0.14000E+02, 0.32226E+03, 0.95115E-01, 0.25301E-01
 0.13000E+02, 0.14000E+02, 0.27598E+03, 0.10446E+00, 0.21247E-01
 0.14000E+02, 0.14000E+02, 0.29092E+03, 0.10361E+00, 0.22003E-01
 0.15000E+02, 0.14000E+02, 0.27740E+03, 0.10678E+00, 0.20839E-01
 0.16000E+02, 0.14000E+02, 0.26657E+03, 0.10621E+00, 0.20539E-01
 0.17000E+02, 0.14000E+02, 0.28615E+03, 0.10128E+00, 0.22321E-01
 0.18000E+02, 0.14000E+02, 0.28946E+03, 0.10036E+00, 0.22658E-01
 0.19000E+02, 0.14000E+02, 0.28748E+03, 0.10086E+00, 0.22466E-01
 0.20000E+02, 0.14000E+02, 0.29333E+03, 0.11479E+00, 0.19946E-01
 0.21000E+02, 0.14000E+02, 0.29119E+03, 0.11449E+00, 0.19924E-01
 0.22000E+02, 0.14000E+02, 0.29095E+03, 0.11393E+00, 0.20012E-01
 0.23000E+02, 0.14000E+02, 0.29255E+03, 0.11490E+00, 0.19900E-01
 0.24000E+02, 0.14000E+02, 0.28850E+03, 0.11405E+00, 0.19904E-01
 0.25000E+02, 0.14000E+02, 0.29184E+03, 0.11538E+00, 0.19792E-01
 0.26000E+02, 0.14000E+02, 0.30270E+03, 0.12123E+00, 0.19199E-01
 0.27000E+02, 0.14000E+02, 0.31176E+03, 0.12493E+00, 0.18923E-01
 0.28000E+02, 0.14000E+02, 0.29994E+03, 0.12112E+00, 0.19124E-01
 0.29000E+02, 0.14000E+02, 0.28397E+03, 0.11726E+00, 0.19203E-01
 0.30000E+02, 0.14000E+02, 0.28151E+03, 0.11772E+00, 0.19044E-01
 0.31000E+02, 0.14000E+02, 0.28660E+03, 0.12169E+00, 0.18592E-01
 0.32000E+02, 0.14000E+02, 0.29168E+03, 0.12577E+00, 0.18152E-01
 0.33000E+02, 0.14000E+02, 0.31522E+03, 0.12971E+00, 0.18335E-01
 0.34000E+02, 0.14000E+02, 0.33544E+03, 0.13359E+00, 0.18414E-01
 0.35000E+02, 0.14000E+02, 0.34469E+03, 0.13950E+00, 0.17901E-01
 0.36000E+02, 0.14000E+02, 0.34444E+03, 0.13877E+00, 0.17988E-01
 0.37000E+02, 0.14000E+02, 0.35045E+03, 0.14010E+00, 0.17991E-01
 0.38000E+02, 0.14000E+02, 0.37264E+03, 0.14643E+00, 0.17825E-01
 0.39000E+02, 0.14000E+02, 0.41922E+03, 0.15496E+00, 0.18059E-01
 0.40000E+02, 0.14000E+02, 0.37279E+03, 0.15242E+00, 0.17129E-01
 0.41000E+02, 0.14000E+02, 0.35541E+03, 0.15062E+00, 0.16867E-01
 0.42000E+02, 0.14000E+02, 0.40430E+03, 0.14170E+00, 0.19323E-01
 0.43000E+02, 0.14000E+02, 0.43668E+03, 0.14345E+00, 0.20001E-01
 0.44000E+02, 0.14000E+02, 0.45470E+03, 0.13986E+00, 0.21033E-01
 0.45000E+02, 0.14000E+02, 0.51898E+03, 0.13776E+00, 0.23240E-01
 0.46000E+02, 0.14000E+02, 0.53959E+03, 0.14580E+00, 0.22530E-01
 0.47000E+02, 0.14000E+02, 0.54404E+03, 0.16298E+00, 0.20266E-01
 0.48000E+02, 0.14000E+02, 0.48543E+03, 0.18581E+00, 0.16501E-01
 0.49000E+02, 0.14000E+02, 0.51155E+03, 0.20539E+00, 0.15442E-01
 0.50000E+02, 0.14000E+02, 0.52946E+03, 0.20553E+00, 0.15784E-01
 0.51000E+02, 0.14000E+02, 0.53410E+03, 0.20706E+00, 0.15758E-01
 0.52000E+02, 0.14000E+02, 0.47802E+03, 0.24473E+00, 0.12406E-01
 0.53000E+02, 0.14000E+02, 0.50361E+03, 0.24515E+00, 0.12806E-01
 0.54000E+02, 0.14000E+02, 0.57210E+03, 0.25966E+00, 0.13157E-01
 0.55000E+02, 0.14000E+02, 0.60858E+03, 0.31314E+00, 0.11381E-01
 0.56000E+02, 0.14000E+02, 0.85095E+03, 0.34714E+00, 0.13088E-01
 0.57000E+02, 0.14000E+02, 0.85033E+03, 0.21321E+00, 0.21298E-01
 0.58000E+02, 0.14000E+02, 0.94678E+03, 0.20762E+00, 0.23749E-01
 0.59000E+02, 0.14000E+02, 0.95512E+03, 0.23743E+00, 0.20909E-01
 0.60000E+02, 0.14000E+02, 0.79971E+03, 0.24274E+00, 0.17864E-01
 0.61000E+02, 0.14000E+02, 0.72453E+03, 0.29918E+00, 0.13478E-01
 0.62000E+02, 0.14000E+02, 0.75027E+03, 0.27052E+00, 0.15291E-01
 0.63000E+02, 0.14000E+02, 0.71341E+03, 0.28135E+00, 0.14173E-01
 0.64000E+02, 0.14000E+02, 0.69727E+03, 0.26726E+00, 0.14676E-01
 0.65000E+02, 0.14000E+02, 0.68225E+03, 0.23586E+00, 0.16373E-01
 0.00000E+00, 0.15000E+02, 0.69612E+02, 0.28454E+00, 0.48688E-02
 0.10000E+01, 0.15000E+02, 0.80083E+02, 0.24464E+00, 0.58360E-02
 0.20000E+01, 0.15000E+02, 0.85947E+02, 0.22875E+00, 0.63450E-02
 0.30000E+01, 0.15000E+02, 0.93218E+02, 0.20977E+00, 0.70590E-02
 0.40000E+01, 0.15000E+02, 0.10713E+03, 0.18379E+00, 0.83630E-02
 0.50000E+01, 0.15000E+02, 0.12110E+03, 0.16573E+00, 0.96148E-02
 0.60000E+01, 0.15000E+02, 0.13672E+03, 0.14947E+00, 0.11084E-01
 0.70000E+01, 0.15000E+02, 0.14991E+03, 0.13718E+00, 0.12465E-01
 0.80000E+01, 0.15000E+02, 0.22000E+02, 0.30000E+02, 0.00000E+00
 0.90000E+01, 0.15000E+02, 0.31513E+03, 0.94478E-01, 0.25167E-01
 0.10000E+02, 0.15000E+02, 0.33600E+03, 0.92711E-01, 0.26557E-01
 0.11000E+02, 0.15000E+02, 0.37672E+03, 0.92331E-01, 0.28448E-01
 0.12000E+02, 0.15000E+02, 0.38437E+03, 0.95771E-01, 0.27749E-01
 0.13000E+02, 0.15000E+02, 0.28971E+03, 0.10381E+00, 0.21914E-01
 0.14000E+02, 0.15000E+02, 0.28038E+03, 0.10613E+00, 0.21080E-01
 0.15000E+02, 0.15000E+02, 0.27319E+03, 0.10483E+00, 0.21065E-01
 0.16000E+02, 0.15000E+02, 0.29104E+03, 0.96507E-01, 0.23629E-01
 0.17000E+02, 0.15000E+02, 0.27583E+03, 0.10088E+00, 0.21995E-01
 0.18000E+02, 0.15000E+02, 0.27782E+03, 0.10187E+00, 0.21861E-01
 0.19000E+02, 0.15000E+02, 0.27912E+03, 0.10909E+00, 0.20462E-01
 0.20000E+02, 0.15000E+02, 0.28667E+03, 0.11272E+00, 0.20073E-01
 0.21000E+02, 0.15000E+02, 0.28886E+03, 0.11408E+00, 0.19912E-01
 0.22000E+02, 0.15000E+02, 0.28792E+03, 0.11286E+00, 0.20094E-01
 0.23000E+02, 0.15000E+02, 0.29653E+03, 0.11679E+00, 0.19715E-01
 0.24000E+02, 0.15000E+02, 0.30072E+03, 0.11963E+00, 0.19389E-01
 0.25000E+02, 0.15000E+02, 0.30475E+03, 0.12087E+00, 0.19326E-01
 0.26000E+02, 0.15000E+02, 0.30398E+03, 0.12039E+00, 0.19376E-01
 0.27000E+02, 0.15000E+02, 0.30554E+03, 0.12169E+00, 0.19221E-01
 0.28000E+02, 0.15000E+02, 0.29635E+03, 0.11766E+00, 0.19563E-01
 0.29000E+02, 0.15000E+02, 0.28577E+03, 0.11658E+00, 0.19377E-01
 0.30000E+02, 0.15000E+02, 0.29552E+03, 0.12234E+00, 0.18787E-01
 0.31000E+02, 0.15000E+02, 0.31358E+03, 0.12394E+00, 0.19134E-01
 0.32000E+02, 0.15000E+02, 0.37021E+03, 0.12016E+00, 0.21640E-01
 0.33000E+02, 0.15000E+02, 0.37904E+03, 0.12459E+00, 0.21158E-01
 0.34000E+02, 0.15000E+02, 0.34862E+03, 0.13367E+00, 0.18800E-01
 0.35000E+02, 0.15000E+02, 0.33148E+03, 0.13320E+00, 0.18346E-01
 0.36000E+02, 0.15000E+02, 0.36428E+03, 0.13835E+00, 0.18623E-01
 0.37000E+02, 0.15000E+02, 0.37144E+03, 0.14046E+00, 0.18548E-01
 0.38000E+02, 0.15000E+02, 0.37246E+03, 0.14718E+00, 0.17730E-01
 0.39000E+02, 0.15000E+02, 0.38917E+03, 0.15542E+00, 0.17224E-01
 0.40000E+02, 0.15000E+02, 0.35458E+03, 0.14724E+00, 0.17232E-01
 0.41000E+02, 0.15000E+02, 0.39883E+03, 0.15390E+00, 0.17648E-01
 0.42000E+02, 0.15000E+02, 0.40140E+03, 0.15705E+00, 0.17360E-01
 0.43000E+02, 0.15000E+02, 0.41459E+03, 0.15907E+00, 0.17474E-01
 0.44000E+02, 0.15000E+02, 0.41571E+03, 0.16535E+00, 0.16839E-01
 0.45000E+02, 0.15000E+02, 0.46576E+03, 0.14563E+00, 0.20507E-01
 0.46000E+02, 0.15000E+02, 0.50703E+03, 0.13975E+00, 0.22564E-01
 0.47000E+02, 0.15000E+02, 0.57742E+03, 0.14218E+00, 0.24180E-01
 0.48000E+02, 0.15000E+02, 0.57903E+03, 0.17990E+00, 0.19146E-01
 0.49000E+02, 0.15000E+02, 0.54280E+03, 0.19897E+00, 0.16575E-01
 0.50000E+02, 0.15000E+02, 0.50750E+03, 0.20936E+00, 0.15071E-01
 0.51000E+02, 0.15000E+02, 0.50525E+03, 0.22028E+00, 0.14283E-01
 0.52000E+02, 0.15000E+02, 0.50415E+03, 0.22930E+00, 0.13701E-01
 0.53000E+02, 0.15000E+02, 0.50193E+03, 0.23941E+00, 0.13085E-01
 0.54000E+02, 0.15000E+02, 0.52557E+03, 0.26070E+00, 0.12383E-01
 0.55000E+02, 0.15000E+02, 0.57618E+03, 0.30188E+00, 0.11371E-01
 0.56000E+02, 0.15000E+02, 0.65713E+03, 0.35675E+00, 0.10540E-01
 0.57000E+02, 0.15000E+02, 0.82753E+03, 0.32003E+00, 0.13901E-01
 0.58000E+02, 0.15000E+02, 0.98490E+03, 0.19419E+00, 0.26185E-01
 0.59000E+02, 0.15000E+02, 0.98449E+03, 0.19927E+00, 0.25509E-01
 0.60000E+02, 0.15000E+02, 0.89652E+03, 0.24560E+00, 0.19249E-01
 0.61000E+02, 0.15000E+02, 0.71804E+03, 0.29225E+00, 0.13708E-01
 0.62000E+02, 0.15000E+02, 0.67810E+03, 0.31730E+00, 0.12117E-01
 0.63000E+02, 0.15000E+02, 0.67496E+03, 0.30433E+00, 0.12592E-01
 0.64000E+02, 0.15000E+02, 0.67095E+03, 0.27538E+00, 0.13857E-01
 0.65000E+02, 0.15000E+02, 0.65212E+03, 0.25883E+00, 0.14449E-01
 0.00000E+00, 0.16000E+02, 0.74912E+02, 0.28275E+00, 0.49754E-02
 0.10000E+01, 0.16000E+02, 0.84668E+02, 0.24291E+00, 0.59537E-02
 0.20000E+01, 0.16000E+02, 0.91834E+02, 0.22229E+00, 0.66365E-02
 0.30000E+01, 0.16000E+02, 0.95910E+02, 0.21478E+00, 0.69452E-02
 0.40000E+01, 0.16000E+02, 0.10924E+03, 0.19391E+00, 0.79705E-02
 0.50000E+01, 0.16000E+02, 0.12689E+03, 0.17402E+00, 0.92914E-02
 0.60000E+01, 0.16000E+02, 0.16055E+03, 0.13889E+00, 0.12621E-01
 0.70000E+01, 0.16000E+02, 0.19588E+03, 0.11601E+00, 0.16341E-01
 0.80000E+01, 0.16000E+02, 0.22000E+02, 0.30000E+02, 0.00000E+00
 0.90000E+01, 0.16000E+02, 0.32434E+03, 0.94498E-01, 0.25556E-01
 0.10000E+02, 0.16000E+02, 0.34173E+03, 0.95058E-01, 0.26144E-01
 0.11000E+02, 0.16000E+02, 0.34041E+03, 0.10139E+00, 0.24459E-01
 0.12000E+02, 0.16000E+02, 0.31316E+03, 0.10314E+00, 0.22977E-01
 0.13000E+02, 0.16000E+02, 0.29226E+03, 0.10603E+00, 0.21554E-01
 0.14000E+02, 0.16000E+02, 0.27807E+03, 0.10696E+00, 0.20830E-01
 0.15000E+02, 0.16000E+02, 0.29212E+03, 0.98630E-01, 0.23164E-01
 0.16000E+02, 0.16000E+02, 0.31696E+03, 0.93433E-01, 0.25527E-01
 0.17000E+02, 0.16000E+02, 0.28939E+03, 0.95770E-01, 0.23741E-01
 0.18000E+02, 0.16000E+02, 0.27291E+03, 0.10202E+00, 0.21634E-01
 0.19000E+02, 0.16000E+02, 0.28318E+03, 0.11158E+00, 0.20152E-01
 0.20000E+02, 0.16000E+02, 0.28489E+03, 0.11216E+00, 0.20109E-01
 0.21000E+02, 0.16000E+02, 0.28690E+03, 0.11311E+00, 0.20013E-01
 0.22000E+02, 0.16000E+02, 0.28832E+03, 0.11389E+00, 0.19926E-01
 0.23000E+02, 0.16000E+02, 0.29161E+03, 0.11565E+00, 0.19737E-01
 0.24000E+02, 0.16000E+02, 0.30644E+03, 0.12392E+00, 0.18904E-01
 0.25000E+02, 0.16000E+02, 0.31064E+03, 0.12555E+00, 0.18795E-01
 0.26000E+02, 0.16000E+02, 0.31304E+03, 0.12548E+00, 0.18882E-01
 0.27000E+02, 0.16000E+02, 0.30052E+03, 0.12035E+00, 0.19266E-01
 0.28000E+02, 0.16000E+02, 0.29358E+03, 0.11836E+00, 0.19352E-01
 0.29000E+02, 0.16000E+02, 0.29325E+03, 0.11877E+00, 0.19275E-01
 0.30000E+02, 0.16000E+02, 0.29646E+03, 0.11856E+00, 0.19418E-01
 0.31000E+02, 0.16000E+02, 0.29456E+03, 0.11744E+00, 0.19538E-01
 0.32000E+02, 0.16000E+02, 0.32144E+03, 0.12018E+00, 0.19997E-01
 0.33000E+02, 0.16000E+02, 0.35360E+03, 0.12240E+00, 0.20696E-01
 0.34000E+02, 0.16000E+02, 0.34411E+03, 0.12665E+00, 0.19699E-01
 0.35000E+02, 0.16000E+02, 0.31209E+03, 0.12580E+00, 0.18803E-01
 0.36000E+02, 0.16000E+02, 0.35991E+03, 0.13406E+00, 0.19087E-01
 0.37000E+02, 0.16000E+02, 0.39929E+03, 0.14321E+00, 0.18978E-01
 0.38000E+02, 0.16000E+02, 0.39094E+03, 0.14644E+00, 0.18329E-01
 0.39000E+02, 0.16000E+02, 0.36847E+03, 0.14013E+00, 0.18506E-01
 0.40000E+02, 0.16000E+02, 0.37689E+03, 0.14997E+00, 0.17519E-01
 0.41000E+02, 0.16000E+02, 0.44346E+03, 0.15378E+00, 0.18835E-01
 0.42000E+02, 0.16000E+02, 0.43371E+03, 0.15675E+00, 0.18226E-01
 0.43000E+02, 0.16000E+02, 0.44642E+03, 0.16769E+00, 0.17344E-01
 0.44000E+02, 0.16000E+02, 0.44104E+03, 0.17695E+00, 0.16313E-01
 0.45000E+02, 0.16000E+02, 0.43654E+03, 0.17866E+00, 0.16055E-01
 0.46000E+02, 0.16000E+02, 0.43166E+03, 0.16783E+00, 0.16974E-01
 0.47000E+02, 0.16000E+02, 0.56052E+03, 0.14280E+00, 0.23597E-01
 0.48000E+02, 0.16000E+02, 0.58974E+03, 0.18975E+00, 0.18380E-01
 0.49000E+02, 0.16000E+02, 0.60410E+03, 0.21554E+00, 0.16450E-01
 0.50000E+02, 0.16000E+02, 0.58432E+03, 0.24491E+00, 0.14151E-01
 0.51000E+02, 0.16000E+02, 0.55890E+03, 0.25104E+00, 0.13396E-01
 0.52000E+02, 0.16000E+02, 0.53796E+03, 0.23936E+00, 0.13696E-01
 0.53000E+02, 0.16000E+02, 0.54905E+03, 0.24869E+00, 0.13363E-01
 0.54000E+02, 0.16000E+02, 0.58464E+03, 0.28741E+00, 0.12063E-01
 0.55000E+02, 0.16000E+02, 0.64176E+03, 0.32977E+00, 0.11214E-01
 0.56000E+02, 0.16000E+02, 0.70210E+03, 0.37706E+00, 0.10454E-01
 0.57000E+02, 0.16000E+02, 0.83749E+03, 0.35834E+00, 0.12527E-01
 0.58000E+02, 0.16000E+02, 0.97355E+03, 0.19307E+00, 0.26100E-01
 0.59000E+02, 0.16000E+02, 0.96778E+03, 0.22588E+00, 0.22205E-01
 0.60000E+02, 0.16000E+02, 0.88447E+03, 0.31426E+00, 0.14888E-01
 0.61000E+02, 0.16000E+02, 0.73511E+03, 0.31690E+00, 0.12860E-01
 0.62000E+02, 0.16000E+02, 0.69592E+03, 0.29681E+00, 0.13196E-01
 0.63000E+02, 0.16000E+02, 0.63852E+03, 0.30757E+00, 0.11980E-01
 0.64000E+02, 0.16000E+02, 0.66146E+03, 0.22557E+00, 0.16746E-01
 0.65000E+02, 0.16000E+02, 0.62225E+03, 0.21976E+00, 0.16468E-01
 0.00000E+00, 0.17000E+02, 0.77957E+02, 0.26525E+00, 0.53500E-02
 0.10000E+01, 0.17000E+02, 0.84231E+02, 0.25314E+00, 0.57062E-02
 0.20000E+01, 0.17000E+02, 0.87907E+02, 0.24100E+00, 0.60552E-02
 0.30000E+01, 0.17000E+02, 0.92559E+02, 0.23265E+00, 0.63535E-02
 0.40000E+01, 0.17000E+02, 0.10684E+03, 0.20267E+00, 0.75781E-02
 0.50000E+01, 0.17000E+02, 0.13024E+03, 0.16827E+00, 0.96894E-02
 0.60000E+01, 0.17000E+02, 0.13437E+03, 0.16118E+00, 0.10220E-01
 0.70000E+01, 0.17000E+02, 0.12411E+03, 0.17055E+00, 0.94147E-02
 0.80000E+01, 0.17000E+02, 0.22000E+02, 0.30000E+02, 0.00000E+00
 0.90000E+01, 0.17000E+02, 0.33108E+03, 0.95410E-01, 0.25597E-01
 0.10000E+02, 0.17000E+02, 0.34258E+03, 0.97514E-01, 0.25521E-01
 0.11000E+02, 0.17000E+02, 0.34468E+03, 0.10318E+00, 0.24202E-01
 0.12000E+02, 0.17000E+02, 0.31050E+03, 0.10669E+00, 0.22110E-01
 0.13000E+02, 0.17000E+02, 0.33323E+03, 0.10843E+00, 0.22603E-01
 0.14000E+02, 0.17000E+02, 0.32333E+03, 0.10902E+00, 0.22115E-01
 0.15000E+02, 0.17000E+02, 0.32462E+03, 0.10342E+00, 0.23363E-01
 0.16000E+02, 0.17000E+02, 0.34697E+03, 0.96902E-01, 0.25866E-01
 0.17000E+02, 0.17000E+02, 0.30469E+03, 0.98348E-01, 0.23748E-01
 0.18000E+02, 0.17000E+02, 0.26645E+03, 0.10161E+00, 0.21465E-01
 0.19000E+02, 0.17000E+02, 0.27768E+03, 0.10831E+00, 0.20554E-01
 0.20000E+02, 0.17000E+02, 0.28134E+03, 0.10909E+00, 0.20544E-01
 0.21000E+02, 0.17000E+02, 0.27317E+03, 0.10487E+00, 0.21056E-01
 0.22000E+02, 0.17000E+02, 0.27424E+03, 0.10580E+00, 0.20912E-01
 0.23000E+02, 0.17000E+02, 0.28981E+03, 0.11414E+00, 0.19935E-01
 0.24000E+02, 0.17000E+02, 0.28863E+03, 0.11524E+00, 0.19704E-01
 0.25000E+02, 0.17000E+02, 0.28826E+03, 0.11503E+00, 0.19726E-01
 0.26000E+02, 0.17000E+02, 0.28599E+03, 0.11516E+00, 0.19624E-01
 0.27000E+02, 0.17000E+02, 0.29090E+03, 0.11689E+00, 0.19504E-01
 0.28000E+02, 0.17000E+02, 0.28228E+03, 0.11566E+00, 0.19409E-01
 0.29000E+02, 0.17000E+02, 0.29569E+03, 0.11596E+00, 0.19828E-01
 0.30000E+02, 0.17000E+02, 0.30229E+03, 0.11875E+00, 0.19587E-01
 0.31000E+02, 0.17000E+02, 0.31998E+03, 0.12134E+00, 0.19756E-01
 0.32000E+02, 0.17000E+02, 0.35303E+03, 0.12002E+00, 0.21088E-01
 0.33000E+02, 0.17000E+02, 0.35132E+03, 0.12344E+00, 0.20447E-01
 0.34000E+02, 0.17000E+02, 0.32313E+03, 0.12425E+00, 0.19397E-01
 0.35000E+02, 0.17000E+02, 0.30764E+03, 0.12283E+00, 0.19111E-01
 0.36000E+02, 0.17000E+02, 0.36707E+03, 0.12650E+00, 0.20455E-01
 0.37000E+02, 0.17000E+02, 0.39346E+03, 0.12938E+00, 0.20825E-01
 0.38000E+02, 0.17000E+02, 0.35076E+03, 0.13140E+00, 0.19192E-01
 0.39000E+02, 0.17000E+02, 0.34916E+03, 0.13215E+00, 0.19033E-01
 0.40000E+02, 0.17000E+02, 0.38315E+03, 0.14050E+00, 0.18881E-01
 0.41000E+02, 0.17000E+02, 0.37871E+03, 0.15022E+00, 0.17539E-01
 0.42000E+02, 0.17000E+02, 0.42625E+03, 0.15307E+00, 0.18467E-01
 0.43000E+02, 0.17000E+02, 0.42957E+03, 0.15684E+00, 0.18110E-01
 0.44000E+02, 0.17000E+02, 0.41830E+03, 0.15955E+00, 0.17516E-01
 0.45000E+02, 0.17000E+02, 0.46962E+03, 0.15211E+00, 0.19737E-01
 0.46000E+02, 0.17000E+02, 0.52828E+03, 0.14186E+00, 0.22834E-01
 0.47000E+02, 0.17000E+02, 0.55768E+03, 0.13625E+00, 0.24646E-01
 0.48000E+02, 0.17000E+02, 0.54098E+03, 0.16260E+00, 0.20237E-01
 0.49000E+02, 0.17000E+02, 0.55974E+03, 0.20243E+00, 0.16630E-01
 0.50000E+02, 0.17000E+02, 0.57373E+03, 0.22095E+00, 0.15492E-01
 0.51000E+02, 0.17000E+02, 0.54767E+03, 0.24128E+00, 0.13750E-01
 0.52000E+02, 0.17000E+02, 0.53797E+03, 0.27268E+00, 0.12023E-01
 0.53000E+02, 0.17000E+02, 0.56776E+03, 0.30408E+00, 0.11178E-01
 0.54000E+02, 0.17000E+02, 0.66268E+03, 0.34018E+00, 0.11119E-01
 0.55000E+02, 0.17000E+02, 0.76987E+03, 0.29099E+00, 0.14487E-01
 0.56000E+02, 0.17000E+02, 0.79423E+03, 0.33522E+00, 0.12870E-01
 0.57000E+02, 0.17000E+02, 0.83759E+03, 0.34691E+00, 0.12941E-01
 0.58000E+02, 0.17000E+02, 0.95145E+03, 0.17366E+00, 0.28502E-01
 0.59000E+02, 0.17000E+02, 0.93193E+03, 0.21841E+00, 0.22301E-01
 0.60000E+02, 0.17000E+02, 0.79869E+03, 0.28134E+00, 0.15398E-01
 0.61000E+02, 0.17000E+02, 0.63113E+03, 0.33564E+00, 0.10890E-01
 0.62000E+02, 0.17000E+02, 0.59192E+03, 0.33427E+00, 0.10460E-01
 0.63000E+02, 0.17000E+02, 0.58792E+03, 0.32293E+00, 0.10777E-01
 0.64000E+02, 0.17000E+02, 0.60105E+03, 0.30197E+00, 0.11701E-01
 0.65000E+02, 0.17000E+02, 0.58878E+03, 0.19245E+00, 0.18103E-01
 0.00000E+00, 0.18000E+02, 0.79811E+02, 0.26506E+00, 0.53822E-02
 0.10000E+01, 0.18000E+02, 0.85125E+02, 0.25177E+00, 0.57516E-02
 0.20000E+01, 0.18000E+02, 0.90151E+02, 0.23588E+00, 0.62252E-02
 0.30000E+01, 0.18000E+02, 0.10377E+03, 0.20462E+00, 0.74453E-02
 0.40000E+01, 0.18000E+02, 0.12188E+03, 0.17599E+00, 0.90726E-02
 0.50000E+01, 0.18000E+02, 0.13120E+03, 0.16308E+00, 0.10021E-01
 0.60000E+01, 0.18000E+02, 0.11745E+03, 0.17665E+00, 0.89372E-02
 0.70000E+01, 0.18000E+02, 0.97180E+02, 0.21049E+00, 0.71111E-02
 0.80000E+01, 0.18000E+02, 0.22000E+02, 0.30000E+02, 0.00000E+00
 0.90000E+01, 0.18000E+02, 0.32820E+03, 0.96557E-01, 0.25172E-01
 0.10000E+02, 0.18000E+02, 0.34771E+03, 0.10054E+00, 0.24959E-01
 0.11000E+02, 0.18000E+02, 0.36629E+03, 0.10526E+00, 0.24553E-01
 0.12000E+02, 0.18000E+02, 0.23319E+03, 0.12058E+00, 0.16972E-01
 0.13000E+02, 0.18000E+02, 0.33575E+03, 0.11080E+00, 0.22212E-01
 0.14000E+02, 0.18000E+02, 0.29713E+03, 0.10919E+00, 0.21110E-01
 0.15000E+02, 0.18000E+02, 0.31964E+03, 0.10047E+00, 0.23848E-01
 0.16000E+02, 0.18000E+02, 0.36879E+03, 0.98162E-01, 0.26432E-01
 0.17000E+02, 0.18000E+02, 0.35615E+03, 0.10222E+00, 0.24882E-01
 0.18000E+02, 0.18000E+02, 0.25708E+03, 0.98438E-01, 0.21771E-01
 0.19000E+02, 0.18000E+02, 0.25979E+03, 0.10018E+00, 0.21501E-01
 0.20000E+02, 0.18000E+02, 0.25743E+03, 0.97282E-01, 0.22044E-01
 0.21000E+02, 0.18000E+02, 0.25585E+03, 0.96255E-01, 0.22213E-01
 0.22000E+02, 0.18000E+02, 0.27046E+03, 0.10364E+00, 0.21201E-01
 0.23000E+02, 0.18000E+02, 0.28008E+03, 0.10925E+00, 0.20468E-01
 0.24000E+02, 0.18000E+02, 0.27070E+03, 0.10993E+00, 0.19995E-01
 0.25000E+02, 0.18000E+02, 0.26884E+03, 0.11226E+00, 0.19514E-01
 0.26000E+02, 0.18000E+02, 0.27869E+03, 0.11439E+00, 0.19499E-01
 0.27000E+02, 0.18000E+02, 0.27669E+03, 0.11706E+00, 0.18985E-01
 0.28000E+02, 0.18000E+02, 0.29591E+03, 0.11848E+00, 0.19412E-01
 0.29000E+02, 0.18000E+02, 0.31314E+03, 0.11278E+00, 0.21012E-01
 0.30000E+02, 0.18000E+02, 0.30475E+03, 0.11155E+00, 0.20940E-01
 0.31000E+02, 0.18000E+02, 0.32878E+03, 0.12108E+00, 0.20093E-01
 0.32000E+02, 0.18000E+02, 0.35007E+03, 0.11969E+00, 0.21046E-01
 0.33000E+02, 0.18000E+02, 0.34670E+03, 0.12049E+00, 0.20793E-01
 0.34000E+02, 0.18000E+02, 0.33287E+03, 0.12083E+00, 0.20272E-01
 0.35000E+02, 0.18000E+02, 0.32925E+03, 0.12393E+00, 0.19646E-01
 0.36000E+02, 0.18000E+02, 0.33425E+03, 0.12740E+00, 0.19269E-01
 0.37000E+02, 0.18000E+02, 0.33573E+03, 0.12705E+00, 0.19371E-01
 0.38000E+02, 0.18000E+02, 0.33441E+03, 0.12403E+00, 0.19799E-01
 0.39000E+02, 0.18000E+02, 0.37336E+03, 0.12548E+00, 0.20824E-01
 0.40000E+02, 0.18000E+02, 0.40069E+03, 0.12182E+00, 0.22357E-01
 0.41000E+02, 0.18000E+02, 0.39918E+03, 0.12903E+00, 0.21061E-01
 0.42000E+02, 0.18000E+02, 0.39491E+03, 0.14043E+00, 0.19228E-01
 0.43000E+02, 0.18000E+02, 0.38948E+03, 0.14328E+00, 0.18692E-01
 0.44000E+02, 0.18000E+02, 0.37569E+03, 0.14940E+00, 0.17554E-01
 0.45000E+02, 0.18000E+02, 0.42028E+03, 0.15689E+00, 0.17864E-01
 0.46000E+02, 0.18000E+02, 0.49759E+03, 0.12386E+00, 0.25152E-01
 0.47000E+02, 0.18000E+02, 0.51398E+03, 0.13090E+00, 0.24305E-01
 0.48000E+02, 0.18000E+02, 0.53823E+03, 0.16648E+00, 0.19699E-01
 0.49000E+02, 0.18000E+02, 0.55285E+03, 0.17897E+00, 0.18654E-01
 0.50000E+02, 0.18000E+02, 0.55863E+03, 0.19985E+00, 0.16822E-01
 0.51000E+02, 0.18000E+02, 0.58297E+03, 0.24242E+00, 0.14274E-01
 0.52000E+02, 0.18000E+02, 0.59437E+03, 0.29962E+00, 0.11703E-01
 0.53000E+02, 0.18000E+02, 0.60009E+03, 0.32005E+00, 0.11028E-01
 0.54000E+02, 0.18000E+02, 0.64194E+03, 0.33009E+00, 0.11205E-01
 0.55000E+02, 0.18000E+02, 0.67593E+03, 0.32044E+00, 0.11971E-01
 0.56000E+02, 0.18000E+02, 0.70743E+03, 0.35009E+00, 0.11321E-01
 0.57000E+02, 0.18000E+02, 0.84831E+03, 0.20372E+00, 0.22249E-01
 0.58000E+02, 0.18000E+02, 0.88659E+03, 0.18404E+00, 0.25469E-01
 0.59000E+02, 0.18000E+02, 0.80179E+03, 0.16345E+00, 0.26582E-01
 0.60000E+02, 0.18000E+02, 0.57287E+03, 0.33802E+00, 0.10116E-01
 0.61000E+02, 0.18000E+02, 0.51881E+03, 0.31843E+00, 0.10052E-01
 0.62000E+02, 0.18000E+02, 0.51670E+03, 0.28672E+00, 0.11134E-01
 0.63000E+02, 0.18000E+02, 0.54184E+03, 0.25378E+00, 0.12980E-01
 0.64000E+02, 0.18000E+02, 0.55699E+03, 0.23665E+00, 0.14178E-01
 0.65000E+02, 0.18000E+02, 0.56513E+03, 0.22663E+00, 0.14950E-01
 0.00000E+00, 0.19000E+02, 0.79893E+02, 0.24521E+00, 0.58193E-02
 0.10000E+01, 0.19000E+02, 0.86986E+02, 0.23344E+00, 0.62356E-02
 0.20000E+01, 0.19000E+02, 0.95282E+02, 0.20978E+00, 0.70986E-02
 0.30000E+01, 0.19000E+02, 0.10685E+03, 0.18976E+00, 0.80939E-02
 0.40000E+01, 0.19000E+02, 0.11431E+03, 0.17713E+00, 0.88411E-02
 0.50000E+01, 0.19000E+02, 0.11354E+03, 0.17682E+00, 0.88393E-02
 0.60000E+01, 0.19000E+02, 0.10023E+03, 0.19513E+00, 0.77339E-02
 0.70000E+01, 0.19000E+02, 0.91623E+02, 0.21362E+00, 0.69016E-02
 0.80000E+01, 0.19000E+02, 0.22000E+02, 0.30000E+02, 0.00000E+00
 0.90000E+01, 0.19000E+02, 0.37893E+03, 0.96993E-01, 0.27173E-01
 0.10000E+02, 0.19000E+02, 0.39703E+03, 0.99906E-01, 0.27113E-01
 0.11000E+02, 0.19000E+02, 0.36265E+03, 0.10383E+00, 0.24750E-01
 0.12000E+02, 0.19000E+02, 0.25717E+03, 0.11945E+00, 0.17945E-01
 0.13000E+02, 0.19000E+02, 0.41595E+03, 0.11464E+00, 0.24295E-01
 0.14000E+02, 0.19000E+02, 0.44287E+03, 0.11549E+00, 0.25058E-01
 0.15000E+02, 0.19000E+02, 0.34886E+03, 0.10787E+00, 0.23305E-01
 0.16000E+02, 0.19000E+02, 0.36463E+03, 0.10011E+00, 0.25749E-01
 0.17000E+02, 0.19000E+02, 0.41108E+03, 0.10806E+00, 0.25592E-01
 0.18000E+02, 0.19000E+02, 0.31939E+03, 0.93404E-01, 0.25641E-01
 0.19000E+02, 0.19000E+02, 0.23352E+03, 0.14447E+00, 0.14175E-01
 0.20000E+02, 0.19000E+02, 0.22290E+03, 0.14142E+00, 0.14177E-01
 0.21000E+02, 0.19000E+02, 0.17089E+03, 0.18070E+00, 0.99322E-02
 0.22000E+02, 0.19000E+02, 0.16635E+03, 0.18417E+00, 0.96453E-02
 0.23000E+02, 0.19000E+02, 0.17240E+03, 0.17601E+00, 0.10231E-01
 0.24000E+02, 0.19000E+02, 0.15006E+03, 0.19511E+00, 0.87672E-02
 0.25000E+02, 0.19000E+02, 0.14977E+03, 0.18516E+00, 0.92318E-02
 0.26000E+02, 0.19000E+02, 0.16894E+03, 0.16421E+00, 0.10881E-01
 0.27000E+02, 0.19000E+02, 0.19833E+03, 0.14871E+00, 0.12814E-01
 0.28000E+02, 0.19000E+02, 0.22476E+03, 0.14087E+00, 0.14286E-01
 0.29000E+02, 0.19000E+02, 0.19189E+03, 0.14722E+00, 0.12767E-01
 0.30000E+02, 0.19000E+02, 0.60121E+02, 0.44805E+00, 0.30064E-02
 0.31000E+02, 0.19000E+02, 0.56429E+02, 0.46155E+00, 0.28862E-02
 0.32000E+02, 0.19000E+02, 0.54100E+02, 0.49862E+00, 0.26527E-02
 0.33000E+02, 0.19000E+02, 0.53982E+02, 0.53976E+00, 0.24496E-02
 0.34000E+02, 0.19000E+02, 0.52706E+02, 0.55832E+00, 0.23589E-02
 0.35000E+02, 0.19000E+02, 0.59761E+02, 0.50190E+00, 0.26810E-02
 0.36000E+02, 0.19000E+02, 0.10440E+03, 0.28982E+00, 0.52653E-02
 0.37000E+02, 0.19000E+02, 0.16950E+03, 0.20035E+00, 0.89298E-02
 0.38000E+02, 0.19000E+02, 0.14672E+03, 0.23050E+00, 0.73624E-02
 0.39000E+02, 0.19000E+02, 0.80960E+02, 0.38745E+00, 0.36940E-02
 0.40000E+02, 0.19000E+02, 0.68420E+02, 0.44872E+00, 0.30767E-02
 0.41000E+02, 0.19000E+02, 0.62482E+02, 0.51757E+00, 0.26210E-02
 0.42000E+02, 0.19000E+02, 0.62990E+02, 0.51507E+00, 0.26377E-02
 0.43000E+02, 0.19000E+02, 0.57981E+02, 0.58125E+00, 0.23026E-02
 0.44000E+02, 0.19000E+02, 0.58954E+02, 0.60465E+00, 0.22200E-02
 0.45000E+02, 0.19000E+02, 0.77847E+02, 0.47704E+00, 0.29739E-02
 0.46000E+02, 0.19000E+02, 0.16191E+03, 0.26930E+00, 0.65296E-02
 0.47000E+02, 0.19000E+02, 0.12057E+03, 0.30583E+00, 0.52033E-02
 0.48000E+02, 0.19000E+02, 0.39825E+03, 0.16711E+00, 0.16239E-01
 0.49000E+02, 0.19000E+02, 0.42021E+03, 0.17296E+00, 0.16203E-01
 0.50000E+02, 0.19000E+02, 0.42216E+03, 0.17326E+00, 0.16220E-01
 0.51000E+02, 0.19000E+02, 0.42555E+03, 0.17999E+00, 0.15690E-01
 0.52000E+02, 0.19000E+02, 0.43094E+03, 0.19127E+00, 0.14879E-01
 0.53000E+02, 0.19000E+02, 0.43737E+03, 0.19845E+00, 0.14471E-01
 0.54000E+02, 0.19000E+02, 0.42538E+03, 0.20221E+00, 0.13962E-01
 0.55000E+02, 0.19000E+02, 0.41027E+03, 0.20941E+00, 0.13191E-01
 0.56000E+02, 0.19000E+02, 0.39706E+03, 0.21561E+00, 0.12564E-01
 0.57000E+02, 0.19000E+02, 0.44118E+03, 0.22308E+00, 0.12942E-01
 0.58000E+02, 0.19000E+02, 0.62853E+03, 0.17038E+00, 0.21391E-01
 0.59000E+02, 0.19000E+02, 0.22000E+02, 0.30000E+02, 0.00000E+00
 0.60000E+02, 0.19000E+02, 0.47484E+03, 0.36936E+00, 0.81851E-02
 0.61000E+02, 0.19000E+02, 0.49480E+03, 0.30488E+00, 0.10181E-01
 0.62000E+02, 0.19000E+02, 0.50197E+03, 0.25605E+00, 0.12236E-01
 0.63000E+02, 0.19000E+02, 0.49751E+03, 0.25866E+00, 0.12042E-01
 0.64000E+02, 0.19000E+02, 0.50806E+03, 0.27283E+00, 0.11573E-01
 0.65000E+02, 0.19000E+02, 0.53599E+03, 0.22790E+00, 0.14350E-01
 0.00000E+00, 0.20000E+02, 0.77661E+02, 0.31925E+00, 0.44414E-02
 0.10000E+01, 0.20000E+02, 0.82307E+02, 0.30583E+00, 0.46977E-02
 0.20000E+01, 0.20000E+02, 0.89915E+02, 0.27378E+00, 0.53600E-02
 0.30000E+01, 0.20000E+02, 0.10082E+03, 0.24577E+00, 0.61500E-02
 0.40000E+01, 0.20000E+02, 0.10964E+03, 0.23350E+00, 0.66260E-02
 0.50000E+01, 0.20000E+02, 0.13379E+03, 0.20106E+00, 0.81804E-02
 0.60000E+01, 0.20000E+02, 0.13435E+03, 0.20552E+00, 0.80141E-02
 0.70000E+01, 0.20000E+02, 0.22619E+03, 0.13064E+00, 0.15449E-01
 0.80000E+01, 0.20000E+02, 0.22000E+02, 0.30000E+02, 0.00000E+00
 0.90000E+01, 0.20000E+02, 0.35996E+03, 0.10156E+00, 0.25196E-01
 0.10000E+02, 0.20000E+02, 0.43686E+03, 0.10133E+00, 0.28322E-01
 0.11000E+02, 0.20000E+02, 0.44841E+03, 0.96015E-01, 0.30375E-01
 0.12000E+02, 0.20000E+02, 0.44180E+03, 0.10033E+00, 0.28802E-01
 0.13000E+02, 0.20000E+02, 0.44118E+03, 0.11663E+00, 0.24755E-01
 0.14000E+02, 0.20000E+02, 0.44397E+03, 0.11824E+00, 0.24513E-01
 0.15000E+02, 0.20000E+02, 0.34451E+03, 0.10793E+00, 0.23130E-01
 0.16000E+02, 0.20000E+02, 0.34202E+03, 0.10317E+00, 0.24100E-01
 0.17000E+02, 0.20000E+02, 0.42798E+03, 0.11548E+00, 0.24540E-01
 0.18000E+02, 0.20000E+02, 0.40143E+03, 0.10169E+00, 0.26813E-01
 0.19000E+02, 0.20000E+02, 0.19669E+03, 0.18746E+00, 0.10130E-01
 0.20000E+02, 0.20000E+02, 0.14684E+03, 0.23189E+00, 0.73203E-02
 0.21000E+02, 0.20000E+02, 0.13500E+03, 0.24447E+00, 0.67481E-02
 0.22000E+02, 0.20000E+02, 0.13362E+03, 0.24268E+00, 0.67747E-02
 0.23000E+02, 0.20000E+02, 0.14420E+03, 0.22425E+00, 0.75224E-02
 0.24000E+02, 0.20000E+02, 0.14682E+03, 0.21421E+00, 0.79240E-02
 0.25000E+02, 0.20000E+02, 0.14510E+03, 0.20474E+00, 0.82569E-02
 0.26000E+02, 0.20000E+02, 0.16590E+03, 0.17221E+00, 0.10305E-01
 0.27000E+02, 0.20000E+02, 0.19371E+03, 0.15484E+00, 0.12186E-01
 0.28000E+02, 0.20000E+02, 0.18448E+03, 0.16039E+00, 0.11532E-01
 0.29000E+02, 0.20000E+02, 0.19210E+03, 0.14572E+00, 0.12904E-01
 0.30000E+02, 0.20000E+02, 0.61443E+02, 0.44574E+00, 0.30340E-02
 0.31000E+02, 0.20000E+02, 0.56713E+02, 0.49013E+00, 0.27202E-02
 0.32000E+02, 0.20000E+02, 0.55218E+02, 0.53668E+00, 0.24730E-02
 0.33000E+02, 0.20000E+02, 0.55580E+02, 0.59033E+00, 0.22507E-02
 0.34000E+02, 0.20000E+02, 0.58037E+02, 0.57313E+00, 0.23356E-02
 0.35000E+02, 0.20000E+02, 0.57475E+02, 0.59222E+00, 0.22565E-02
 0.36000E+02, 0.20000E+02, 0.87688E+02, 0.35301E+00, 0.41315E-02
 0.37000E+02, 0.20000E+02, 0.67012E+02, 0.50073E+00, 0.27458E-02
 0.38000E+02, 0.20000E+02, 0.54917E+02, 0.65135E+00, 0.20358E-02
 0.39000E+02, 0.20000E+02, 0.53143E+02, 0.63424E+00, 0.20794E-02
 0.40000E+02, 0.20000E+02, 0.61683E+02, 0.51532E+00, 0.26262E-02
 0.41000E+02, 0.20000E+02, 0.73240E+02, 0.41854E+00, 0.33451E-02
 0.42000E+02, 0.20000E+02, 0.65476E+02, 0.49679E+00, 0.27550E-02
 0.43000E+02, 0.20000E+02, 0.61795E+02, 0.54901E+00, 0.24659E-02
 0.44000E+02, 0.20000E+02, 0.60692E+02, 0.60862E+00, 0.22170E-02
 0.45000E+02, 0.20000E+02, 0.79359E+02, 0.49623E+00, 0.28712E-02
 0.46000E+02, 0.20000E+02, 0.91264E+02, 0.44834E+00, 0.32853E-02
 0.47000E+02, 0.20000E+02, 0.91636E+02, 0.38911E+00, 0.37892E-02
 0.48000E+02, 0.20000E+02, 0.39878E+03, 0.17367E+00, 0.15638E-01
 0.49000E+02, 0.20000E+02, 0.43436E+03, 0.17984E+00, 0.15901E-01
 0.50000E+02, 0.20000E+02, 0.45465E+03, 0.17864E+00, 0.16467E-01
 0.51000E+02, 0.20000E+02, 0.46496E+03, 0.18012E+00, 0.16563E-01
 0.52000E+02, 0.20000E+02, 0.45925E+03, 0.20148E+00, 0.14693E-01
 0.53000E+02, 0.20000E+02, 0.44667E+03, 0.20896E+00, 0.13923E-01
 0.54000E+02, 0.20000E+02, 0.41054E+03, 0.22260E+00, 0.12414E-01
 0.55000E+02, 0.20000E+02, 0.39254E+03, 0.22896E+00, 0.11752E-01
 0.56000E+02, 0.20000E+02, 0.38526E+03, 0.23722E+00, 0.11218E-01
 0.57000E+02, 0.20000E+02, 0.44191E+03, 0.25249E+00, 0.11447E-01
 0.58000E+02, 0.20000E+02, 0.51551E+03, 0.21078E+00, 0.15123E-01
 0.59000E+02, 0.20000E+02, 0.22000E+02, 0.30000E+02, 0.00000E+00
 0.60000E+02, 0.20000E+02, 0.47215E+03, 0.43918E+00, 0.68590E-02
 0.61000E+02, 0.20000E+02, 0.48302E+03, 0.34466E+00, 0.88678E-02
 0.62000E+02, 0.20000E+02, 0.47959E+03, 0.24756E+00, 0.12290E-01
 0.63000E+02, 0.20000E+02, 0.46920E+03, 0.26141E+00, 0.11478E-01
 0.64000E+02, 0.20000E+02, 0.45986E+03, 0.27465E+00, 0.10787E-01
 0.65000E+02, 0.20000E+02, 0.46878E+03, 0.25896E+00, 0.11580E-01
 0.00000E+00, 0.21000E+02, 0.74927E+02, 0.36161E+00, 0.38906E-02
 0.10000E+01, 0.21000E+02, 0.75167E+02, 0.36145E+00, 0.38950E-02
 0.20000E+01, 0.21000E+02, 0.77737E+02, 0.33987E+00, 0.41729E-02
 0.30000E+01, 0.21000E+02, 0.94819E+02, 0.26949E+00, 0.55188E-02
 0.40000E+01, 0.21000E+02, 0.10492E+03, 0.24706E+00, 0.61852E-02
 0.50000E+01, 0.21000E+02, 0.11894E+03, 0.22271E+00, 0.71159E-02
 0.60000E+01, 0.21000E+02, 0.13651E+03, 0.20001E+00, 0.82786E-02
 0.70000E+01, 0.21000E+02, 0.15530E+03, 0.17767E+00, 0.97467E-02
 0.80000E+01, 0.21000E+02, 0.22000E+02, 0.30000E+02, 0.00000E+00
 0.90000E+01, 0.21000E+02, 0.41587E+03, 0.10504E+00, 0.26513E-01
 0.10000E+02, 0.21000E+02, 0.54497E+03, 0.10363E+00, 0.31907E-01
 0.11000E+02, 0.21000E+02, 0.55428E+03, 0.10253E+00, 0.32617E-01
 0.12000E+02, 0.21000E+02, 0.40561E+03, 0.91680E-01, 0.29924E-01
 0.13000E+02, 0.21000E+02, 0.53274E+03, 0.11953E+00, 0.27250E-01
 0.14000E+02, 0.21000E+02, 0.49165E+03, 0.12689E+00, 0.24361E-01
 0.15000E+02, 0.21000E+02, 0.51094E+03, 0.11736E+00, 0.27004E-01
 0.16000E+02, 0.21000E+02, 0.43502E+03, 0.11009E+00, 0.26000E-01
 0.17000E+02, 0.21000E+02, 0.41741E+03, 0.11569E+00, 0.24125E-01
 0.18000E+02, 0.21000E+02, 0.47125E+03, 0.98671E-01, 0.30493E-01
 0.19000E+02, 0.21000E+02, 0.23722E+03, 0.16410E+00, 0.12570E-01
 0.20000E+02, 0.21000E+02, 0.14404E+03, 0.23078E+00, 0.73067E-02
 0.21000E+02, 0.21000E+02, 0.12977E+03, 0.24237E+00, 0.67192E-02
 0.22000E+02, 0.21000E+02, 0.13089E+03, 0.23684E+00, 0.68953E-02
 0.23000E+02, 0.21000E+02, 0.13245E+03, 0.22699E+00, 0.72221E-02
 0.24000E+02, 0.21000E+02, 0.14119E+03, 0.20586E+00, 0.81352E-02
 0.25000E+02, 0.21000E+02, 0.15396E+03, 0.18695E+00, 0.92340E-02
 0.26000E+02, 0.21000E+02, 0.16665E+03, 0.17321E+00, 0.10263E-01
 0.27000E+02, 0.21000E+02, 0.17792E+03, 0.16418E+00, 0.11105E-01
 0.28000E+02, 0.21000E+02, 0.17979E+03, 0.16527E+00, 0.11077E-01
 0.29000E+02, 0.21000E+02, 0.18084E+03, 0.15280E+00, 0.12008E-01
 0.30000E+02, 0.21000E+02, 0.59866E+02, 0.46794E+00, 0.28764E-02
 0.31000E+02, 0.21000E+02, 0.53891E+02, 0.56903E+00, 0.23230E-02
 0.32000E+02, 0.21000E+02, 0.54947E+02, 0.57981E+00, 0.22872E-02
 0.33000E+02, 0.21000E+02, 0.57180E+02, 0.55793E+00, 0.23930E-02
 0.34000E+02, 0.21000E+02, 0.57737E+02, 0.56505E+00, 0.23668E-02
 0.35000E+02, 0.21000E+02, 0.55629E+02, 0.58526E+00, 0.22705E-02
 0.36000E+02, 0.21000E+02, 0.58384E+02, 0.57666E+00, 0.23237E-02
 0.37000E+02, 0.21000E+02, 0.55716E+02, 0.63199E+00, 0.21032E-02
 0.38000E+02, 0.21000E+02, 0.54747E+02, 0.65423E+00, 0.20257E-02
 0.39000E+02, 0.21000E+02, 0.52497E+02, 0.68655E+00, 0.19171E-02
 0.40000E+02, 0.21000E+02, 0.49264E+02, 0.79462E+00, 0.16400E-02
 0.41000E+02, 0.21000E+02, 0.64754E+02, 0.50698E+00, 0.26939E-02
 0.42000E+02, 0.21000E+02, 0.74496E+02, 0.41661E+00, 0.33727E-02
 0.43000E+02, 0.21000E+02, 0.67833E+02, 0.49902E+00, 0.27618E-02
 0.44000E+02, 0.21000E+02, 0.64006E+02, 0.55735E+00, 0.24450E-02
 0.45000E+02, 0.21000E+02, 0.68475E+02, 0.55126E+00, 0.25048E-02
 0.46000E+02, 0.21000E+02, 0.74375E+02, 0.53221E+00, 0.26392E-02
 0.47000E+02, 0.21000E+02, 0.80985E+02, 0.44236E+00, 0.32357E-02
 0.48000E+02, 0.21000E+02, 0.40321E+03, 0.17690E+00, 0.15454E-01
 0.49000E+02, 0.21000E+02, 0.42292E+03, 0.18428E+00, 0.15267E-01
 0.50000E+02, 0.21000E+02, 0.43451E+03, 0.18658E+00, 0.15330E-01
 0.51000E+02, 0.21000E+02, 0.42488E+03, 0.19166E+00, 0.14720E-01
 0.52000E+02, 0.21000E+02, 0.43146E+03, 0.19431E+00, 0.14656E-01
 0.53000E+02, 0.21000E+02, 0.42673E+03, 0.19812E+00, 0.14278E-01
 0.54000E+02, 0.21000E+02, 0.41795E+03, 0.21628E+00, 0.12915E-01
 0.55000E+02, 0.21000E+02, 0.40678E+03, 0.22310E+00, 0.12318E-01
 0.56000E+02, 0.21000E+02, 0.40352E+03, 0.24268E+00, 0.11270E-01
 0.57000E+02, 0.21000E+02, 0.38989E+03, 0.25837E+00, 0.10372E-01
 0.58000E+02, 0.21000E+02, 0.46293E+03, 0.26729E+00, 0.11131E-01
 0.59000E+02, 0.21000E+02, 0.22000E+02, 0.30000E+02, 0.00000E+00
 0.60000E+02, 0.21000E+02, 0.65131E+03, 0.19620E+00, 0.19045E-01
 0.61000E+02, 0.21000E+02, 0.45464E+03, 0.31683E+00, 0.92845E-02
 0.62000E+02, 0.21000E+02, 0.45805E+03, 0.26502E+00, 0.11151E-01
 0.63000E+02, 0.21000E+02, 0.45296E+03, 0.26133E+00, 0.11230E-01
 0.64000E+02, 0.21000E+02, 0.43774E+03, 0.27145E+00, 0.10585E-01
 0.65000E+02, 0.21000E+02, 0.42688E+03, 0.26528E+00, 0.10666E-01
 0.00000E+00, 0.22000E+02, 0.74018E+02, 0.36990E+00, 0.37934E-02
 0.10000E+01, 0.22000E+02, 0.79767E+02, 0.32848E+00, 0.43425E-02
 0.20000E+01, 0.22000E+02, 0.81317E+02, 0.31806E+00, 0.45045E-02
 0.30000E+01, 0.22000E+02, 0.92971E+02, 0.27464E+00, 0.53881E-02
 0.40000E+01, 0.22000E+02, 0.10121E+03, 0.25356E+00, 0.59675E-02
 0.50000E+01, 0.22000E+02, 0.11147E+03, 0.23188E+00, 0.67042E-02
 0.60000E+01, 0.22000E+02, 0.12373E+03, 0.21005E+00, 0.76369E-02
 0.70000E+01, 0.22000E+02, 0.12870E+03, 0.20373E+00, 0.79722E-02
 0.80000E+01, 0.22000E+02, 0.22000E+02, 0.30000E+02, 0.00000E+00
 0.90000E+01, 0.22000E+02, 0.52657E+03, 0.10943E+00, 0.29537E-01
 0.10000E+02, 0.22000E+02, 0.58533E+03, 0.10608E+00, 0.32710E-01
 0.11000E+02, 0.22000E+02, 0.59843E+03, 0.10792E+00, 0.32643E-01
 0.12000E+02, 0.22000E+02, 0.52619E+03, 0.10469E+00, 0.30859E-01
 0.13000E+02, 0.22000E+02, 0.57800E+03, 0.11929E+00, 0.28840E-01
 0.14000E+02, 0.22000E+02, 0.52434E+03, 0.13343E+00, 0.24157E-01
 0.15000E+02, 0.22000E+02, 0.51498E+03, 0.13726E+00, 0.23207E-01
 0.16000E+02, 0.22000E+02, 0.51213E+03, 0.11575E+00, 0.27421E-01
 0.17000E+02, 0.22000E+02, 0.49378E+03, 0.10984E+00, 0.28222E-01
 0.18000E+02, 0.22000E+02, 0.52923E+03, 0.10207E+00, 0.31773E-01
 0.19000E+02, 0.22000E+02, 0.18530E+03, 0.20259E+00, 0.91465E-02
 0.20000E+02, 0.22000E+02, 0.13487E+03, 0.23626E+00, 0.69801E-02
 0.21000E+02, 0.22000E+02, 0.13401E+03, 0.23228E+00, 0.70849E-02
 0.22000E+02, 0.22000E+02, 0.13280E+03, 0.23076E+00, 0.71104E-02
 0.23000E+02, 0.22000E+02, 0.13154E+03, 0.22652E+00, 0.72210E-02
 0.24000E+02, 0.22000E+02, 0.13920E+03, 0.20645E+00, 0.80731E-02
 0.25000E+02, 0.22000E+02, 0.15391E+03, 0.18295E+00, 0.94349E-02
 0.26000E+02, 0.22000E+02, 0.15801E+03, 0.17914E+00, 0.97281E-02
 0.27000E+02, 0.22000E+02, 0.15854E+03, 0.17806E+00, 0.97990E-02
 0.28000E+02, 0.22000E+02, 0.16711E+03, 0.17203E+00, 0.10344E-01
 0.29000E+02, 0.22000E+02, 0.17059E+03, 0.15895E+00, 0.11283E-01
 0.30000E+02, 0.22000E+02, 0.60720E+02, 0.46056E+00, 0.29300E-02
 0.31000E+02, 0.22000E+02, 0.55645E+02, 0.56097E+00, 0.23690E-02
 0.32000E+02, 0.22000E+02, 0.56401E+02, 0.55414E+00, 0.24037E-02
 0.33000E+02, 0.22000E+02, 0.57679E+02, 0.54126E+00, 0.24704E-02
 0.34000E+02, 0.22000E+02, 0.58443E+02, 0.53029E+00, 0.25274E-02
 0.35000E+02, 0.22000E+02, 0.57221E+02, 0.55385E+00, 0.24110E-02
 0.36000E+02, 0.22000E+02, 0.54774E+02, 0.61198E+00, 0.21658E-02
 0.37000E+02, 0.22000E+02, 0.50056E+02, 0.72086E+00, 0.18122E-02
 0.38000E+02, 0.22000E+02, 0.52727E+02, 0.66974E+00, 0.19666E-02
 0.39000E+02, 0.22000E+02, 0.53162E+02, 0.66489E+00, 0.19836E-02
 0.40000E+02, 0.22000E+02, 0.56289E+02, 0.62008E+00, 0.21474E-02
 0.41000E+02, 0.22000E+02, 0.72709E+02, 0.43172E+00, 0.32379E-02
 0.42000E+02, 0.22000E+02, 0.74618E+02, 0.43485E+00, 0.32324E-02
 0.43000E+02, 0.22000E+02, 0.69561E+02, 0.49113E+00, 0.28204E-02
 0.44000E+02, 0.22000E+02, 0.70300E+02, 0.49860E+00, 0.27841E-02
 0.45000E+02, 0.22000E+02, 0.65733E+02, 0.53511E+00, 0.25597E-02
 0.46000E+02, 0.22000E+02, 0.62181E+02, 0.60881E+00, 0.22262E-02
 0.47000E+02, 0.22000E+02, 0.76305E+02, 0.46872E+00, 0.30134E-02
 0.48000E+02, 0.22000E+02, 0.40532E+03, 0.17671E+00, 0.15518E-01
 0.49000E+02, 0.22000E+02, 0.40404E+03, 0.18035E+00, 0.15176E-01
 0.50000E+02, 0.22000E+02, 0.39853E+03, 0.18333E+00, 0.14808E-01
 0.51000E+02, 0.22000E+02, 0.40335E+03, 0.18804E+00, 0.14541E-01
 0.52000E+02, 0.22000E+02, 0.39053E+03, 0.19006E+00, 0.14114E-01
 0.53000E+02, 0.22000E+02, 0.41445E+03, 0.19549E+00, 0.14217E-01
 0.54000E+02, 0.22000E+02, 0.40360E+03, 0.19908E+00, 0.13740E-01
 0.55000E+02, 0.22000E+02, 0.41014E+03, 0.21115E+00, 0.13080E-01
 0.56000E+02, 0.22000E+02, 0.40796E+03, 0.23458E+00, 0.11735E-01
 0.57000E+02, 0.22000E+02, 0.39110E+03, 0.25903E+00, 0.10365E-01
 0.58000E+02, 0.22000E+02, 0.48101E+03, 0.28066E+00, 0.10861E-01
 0.59000E+02, 0.22000E+02, 0.22000E+02, 0.30000E+02, 0.00000E+00
 0.60000E+02, 0.22000E+02, 0.69270E+03, 0.15592E+00, 0.25037E-01
 0.61000E+02, 0.22000E+02, 0.54681E+03, 0.24242E+00, 0.13671E-01
 0.62000E+02, 0.22000E+02, 0.46908E+03, 0.30075E+00, 0.99749E-02
 0.63000E+02, 0.22000E+02, 0.44435E+03, 0.23701E+00, 0.12236E-01
 0.64000E+02, 0.22000E+02, 0.42709E+03, 0.25334E+00, 0.11172E-01
 0.65000E+02, 0.22000E+02, 0.41153E+03, 0.26093E+00, 0.10606E-01
 0.00000E+00, 0.23000E+02, 0.75495E+02, 0.36334E+00, 0.38784E-02
 0.10000E+01, 0.23000E+02, 0.78651E+02, 0.33730E+00, 0.42156E-02
 0.20000E+01, 0.23000E+02, 0.84483E+02, 0.29670E+00, 0.48718E-02
 0.30000E+01, 0.23000E+02, 0.91901E+02, 0.27082E+00, 0.54482E-02
 0.40000E+01, 0.23000E+02, 0.99055E+02, 0.25208E+00, 0.59680E-02
 0.50000E+01, 0.23000E+02, 0.10604E+03, 0.23524E+00, 0.65152E-02
 0.60000E+01, 0.23000E+02, 0.11442E+03, 0.21689E+00, 0.72225E-02
 0.70000E+01, 0.23000E+02, 0.11491E+03, 0.21656E+00, 0.72427E-02
 0.80000E+01, 0.23000E+02, 0.22000E+02, 0.30000E+02, 0.00000E+00
 0.90000E+01, 0.23000E+02, 0.53946E+03, 0.11218E+00, 0.29278E-01
 0.10000E+02, 0.23000E+02, 0.60111E+03, 0.10384E+00, 0.34031E-01
 0.11000E+02, 0.23000E+02, 0.73346E+03, 0.13993E+00, 0.29075E-01
 0.12000E+02, 0.23000E+02, 0.60583E+03, 0.10842E+00, 0.32767E-01
 0.13000E+02, 0.23000E+02, 0.59039E+03, 0.11126E+00, 0.31371E-01
 0.14000E+02, 0.23000E+02, 0.58768E+03, 0.14286E+00, 0.24354E-01
 0.15000E+02, 0.23000E+02, 0.53454E+03, 0.15090E+00, 0.21634E-01
 0.16000E+02, 0.23000E+02, 0.48768E+03, 0.13722E+00, 0.22411E-01
 0.17000E+02, 0.23000E+02, 0.51150E+03, 0.12012E+00, 0.26403E-01
 0.18000E+02, 0.23000E+02, 0.51650E+03, 0.11848E+00, 0.26939E-01
 0.19000E+02, 0.23000E+02, 0.18379E+03, 0.20723E+00, 0.89120E-02
 0.20000E+02, 0.23000E+02, 0.13021E+03, 0.23710E+00, 0.68760E-02
 0.21000E+02, 0.23000E+02, 0.13651E+03, 0.22337E+00, 0.74127E-02
 0.22000E+02, 0.23000E+02, 0.13654E+03, 0.21990E+00, 0.75304E-02
 0.23000E+02, 0.23000E+02, 0.13850E+03, 0.21228E+00, 0.78377E-02
 0.24000E+02, 0.23000E+02, 0.14031E+03, 0.20381E+00, 0.81995E-02
 0.25000E+02, 0.23000E+02, 0.15613E+03, 0.18502E+00, 0.93778E-02
 0.26000E+02, 0.23000E+02, 0.16294E+03, 0.17723E+00, 0.99451E-02
 0.27000E+02, 0.23000E+02, 0.16334E+03, 0.17333E+00, 0.10178E-01
 0.28000E+02, 0.23000E+02, 0.15669E+03, 0.17548E+00, 0.99002E-02
 0.29000E+02, 0.23000E+02, 0.16383E+03, 0.16187E+00, 0.10911E-01
 0.30000E+02, 0.23000E+02, 0.60664E+02, 0.46715E+00, 0.28882E-02
 0.31000E+02, 0.23000E+02, 0.57721E+02, 0.51364E+00, 0.26036E-02
 0.32000E+02, 0.23000E+02, 0.56687E+02, 0.54768E+00, 0.24342E-02
 0.33000E+02, 0.23000E+02, 0.56229E+02, 0.53677E+00, 0.24802E-02
 0.34000E+02, 0.23000E+02, 0.59498E+02, 0.50728E+00, 0.26504E-02
 0.35000E+02, 0.23000E+02, 0.60439E+02, 0.50485E+00, 0.26707E-02
 0.36000E+02, 0.23000E+02, 0.56166E+02, 0.57636E+00, 0.23094E-02
 0.37000E+02, 0.23000E+02, 0.52214E+02, 0.66359E+00, 0.19817E-02
 0.38000E+02, 0.23000E+02, 0.48791E+02, 0.75469E+00, 0.17242E-02
 0.39000E+02, 0.23000E+02, 0.56086E+02, 0.60472E+00, 0.22006E-02
 0.40000E+02, 0.23000E+02, 0.65017E+02, 0.49509E+00, 0.27607E-02
 0.41000E+02, 0.23000E+02, 0.76230E+02, 0.40047E+00, 0.35262E-02
 0.42000E+02, 0.23000E+02, 0.73506E+02, 0.43948E+00, 0.31881E-02
 0.43000E+02, 0.23000E+02, 0.71698E+02, 0.47139E+00, 0.29569E-02
 0.44000E+02, 0.23000E+02, 0.70277E+02, 0.48899E+00, 0.28386E-02
 0.45000E+02, 0.23000E+02, 0.66816E+02, 0.51808E+00, 0.26522E-02
 0.46000E+02, 0.23000E+02, 0.60865E+02, 0.59842E+00, 0.22560E-02
 0.47000E+02, 0.23000E+02, 0.67437E+02, 0.52698E+00, 0.26122E-02
 0.48000E+02, 0.23000E+02, 0.37423E+03, 0.17160E+00, 0.15248E-01
 0.49000E+02, 0.23000E+02, 0.38158E+03, 0.17675E+00, 0.14972E-01
 0.50000E+02, 0.23000E+02, 0.39673E+03, 0.18129E+00, 0.14935E-01
 0.51000E+02, 0.23000E+02, 0.41214E+03, 0.18076E+00, 0.15323E-01
 0.52000E+02, 0.23000E+02, 0.42298E+03, 0.18639E+00, 0.15096E-01
 0.53000E+02, 0.23000E+02, 0.41298E+03, 0.19032E+00, 0.14572E-01
 0.54000E+02, 0.23000E+02, 0.42916E+03, 0.19688E+00, 0.14418E-01
 0.55000E+02, 0.23000E+02, 0.45839E+03, 0.21620E+00, 0.13676E-01
 0.56000E+02, 0.23000E+02, 0.41073E+03, 0.24862E+00, 0.11118E-01
 0.57000E+02, 0.23000E+02, 0.41530E+03, 0.27058E+00, 0.10284E-01
 0.58000E+02, 0.23000E+02, 0.53993E+03, 0.25836E+00, 0.12720E-01
 0.59000E+02, 0.23000E+02, 0.22000E+02, 0.30000E+02, 0.00000E+00
 0.60000E+02, 0.23000E+02, 0.62069E+03, 0.21223E+00, 0.17023E-01
 0.61000E+02, 0.23000E+02, 0.58340E+03, 0.27890E+00, 0.12413E-01
 0.62000E+02, 0.23000E+02, 0.47665E+03, 0.31835E+00, 0.95197E-02
 0.63000E+02, 0.23000E+02, 0.43047E+03, 0.25856E+00, 0.10999E-01
 0.64000E+02, 0.23000E+02, 0.42357E+03, 0.25666E+00, 0.10972E-01
 0.65000E+02, 0.23000E+02, 0.40177E+03, 0.27375E+00, 0.99648E-02
 0.00000E+00, 0.24000E+02, 0.78301E+02, 0.33372E+00, 0.42566E-02
 0.10000E+01, 0.24000E+02, 0.77899E+02, 0.34393E+00, 0.41255E-02
 0.20000E+01, 0.24000E+02, 0.82455E+02, 0.30976E+00, 0.46401E-02
 0.30000E+01, 0.24000E+02, 0.91934E+02, 0.26489E+00, 0.55707E-02
 0.40000E+01, 0.24000E+02, 0.98378E+02, 0.24582E+00, 0.61087E-02
 0.50000E+01, 0.24000E+02, 0.10216E+03, 0.23530E+00, 0.64468E-02
 0.60000E+01, 0.24000E+02, 0.10503E+03, 0.22558E+00, 0.67760E-02
 0.70000E+01, 0.24000E+02, 0.10601E+03, 0.22399E+00, 0.68418E-02
 0.80000E+01, 0.24000E+02, 0.22000E+02, 0.30000E+02, 0.00000E+00
 0.90000E+01, 0.24000E+02, 0.64138E+03, 0.11307E+00, 0.32691E-01
 0.10000E+02, 0.24000E+02, 0.71264E+03, 0.12729E+00, 0.31303E-01
 0.11000E+02, 0.24000E+02, 0.68129E+03, 0.16351E+00, 0.23592E-01
 0.12000E+02, 0.24000E+02, 0.69525E+03, 0.14139E+00, 0.27683E-01
 0.13000E+02, 0.24000E+02, 0.60277E+03, 0.10936E+00, 0.32374E-01
 0.14000E+02, 0.24000E+02, 0.61047E+03, 0.14170E+00, 0.25204E-01
 0.15000E+02, 0.24000E+02, 0.58526E+03, 0.16560E+00, 0.20951E-01
 0.16000E+02, 0.24000E+02, 0.55371E+03, 0.16473E+00, 0.20288E-01
 0.17000E+02, 0.24000E+02, 0.52170E+03, 0.14593E+00, 0.22014E-01
 0.18000E+02, 0.24000E+02, 0.59786E+03, 0.11531E+00, 0.30530E-01
 0.19000E+02, 0.24000E+02, 0.15265E+03, 0.23879E+00, 0.72072E-02
 0.20000E+02, 0.24000E+02, 0.12548E+03, 0.25182E+00, 0.63982E-02
 0.21000E+02, 0.24000E+02, 0.13394E+03, 0.22586E+00, 0.72850E-02
 0.22000E+02, 0.24000E+02, 0.13731E+03, 0.21434E+00, 0.77400E-02
 0.23000E+02, 0.24000E+02, 0.14098E+03, 0.21108E+00, 0.79300E-02
 0.24000E+02, 0.24000E+02, 0.14536E+03, 0.19952E+00, 0.84780E-02
 0.25000E+02, 0.24000E+02, 0.15413E+03, 0.18670E+00, 0.92502E-02
 0.26000E+02, 0.24000E+02, 0.16262E+03, 0.17978E+00, 0.97971E-02
 0.27000E+02, 0.24000E+02, 0.16082E+03, 0.17629E+00, 0.99498E-02
 0.28000E+02, 0.24000E+02, 0.15497E+03, 0.16969E+00, 0.10197E-01
 0.29000E+02, 0.24000E+02, 0.15891E+03, 0.16624E+00, 0.10504E-01
 0.30000E+02, 0.24000E+02, 0.57481E+02, 0.50887E+00, 0.26261E-02
 0.31000E+02, 0.24000E+02, 0.57887E+02, 0.51567E+00, 0.25947E-02
 0.32000E+02, 0.24000E+02, 0.55039E+02, 0.56487E+00, 0.23483E-02
 0.33000E+02, 0.24000E+02, 0.56808E+02, 0.51772E+00, 0.25760E-02
 0.34000E+02, 0.24000E+02, 0.63787E+02, 0.46749E+00, 0.29131E-02
 0.35000E+02, 0.24000E+02, 0.64294E+02, 0.45631E+00, 0.29890E-02
 0.36000E+02, 0.24000E+02, 0.56732E+02, 0.54073E+00, 0.24658E-02
 0.37000E+02, 0.24000E+02, 0.58276E+02, 0.54806E+00, 0.24442E-02
 0.38000E+02, 0.24000E+02, 0.62014E+02, 0.50356E+00, 0.26902E-02
 0.39000E+02, 0.24000E+02, 0.66352E+02, 0.46600E+00, 0.29447E-02
 0.40000E+02, 0.24000E+02, 0.70110E+02, 0.44293E+00, 0.31323E-02
 0.41000E+02, 0.24000E+02, 0.76129E+02, 0.39876E+00, 0.35403E-02
 0.42000E+02, 0.24000E+02, 0.71278E+02, 0.45413E+00, 0.30654E-02
 0.43000E+02, 0.24000E+02, 0.68884E+02, 0.49011E+00, 0.28207E-02
 0.44000E+02, 0.24000E+02, 0.68976E+02, 0.48903E+00, 0.28277E-02
 0.45000E+02, 0.24000E+02, 0.64997E+02, 0.53901E+00, 0.25357E-02
 0.46000E+02, 0.24000E+02, 0.66028E+02, 0.53405E+00, 0.25670E-02
 0.47000E+02, 0.24000E+02, 0.65865E+02, 0.53725E+00, 0.25505E-02
 0.48000E+02, 0.24000E+02, 0.35368E+03, 0.16450E+00, 0.15402E-01
 0.49000E+02, 0.24000E+02, 0.40695E+03, 0.16721E+00, 0.16439E-01
 0.50000E+02, 0.24000E+02, 0.42080E+03, 0.17447E+00, 0.16076E-01
 0.51000E+02, 0.24000E+02, 0.40754E+03, 0.18215E+00, 0.15104E-01
 0.52000E+02, 0.24000E+02, 0.42696E+03, 0.19375E+00, 0.14605E-01
 0.53000E+02, 0.24000E+02, 0.47138E+03, 0.17933E+00, 0.16780E-01
 0.54000E+02, 0.24000E+02, 0.46302E+03, 0.19826E+00, 0.15008E-01
 0.55000E+02, 0.24000E+02, 0.44746E+03, 0.21231E+00, 0.13718E-01
 0.56000E+02, 0.24000E+02, 0.42778E+03, 0.23070E+00, 0.12280E-01
 0.57000E+02, 0.24000E+02, 0.49768E+03, 0.23424E+00, 0.13301E-01
 0.58000E+02, 0.24000E+02, 0.50962E+03, 0.25661E+00, 0.12329E-01
 0.59000E+02, 0.24000E+02, 0.22000E+02, 0.30000E+02, 0.00000E+00
 0.60000E+02, 0.24000E+02, 0.74396E+03, 0.19044E+00, 0.21587E-01
 0.61000E+02, 0.24000E+02, 0.65991E+03, 0.20359E+00, 0.18524E-01
 0.62000E+02, 0.24000E+02, 0.56688E+03, 0.25586E+00, 0.13270E-01
 0.63000E+02, 0.24000E+02, 0.43388E+03, 0.31473E+00, 0.90797E-02
 0.64000E+02, 0.24000E+02, 0.39686E+03, 0.31591E+00, 0.85722E-02
 0.65000E+02, 0.24000E+02, 0.38677E+03, 0.26348E+00, 0.10123E-01
 0.00000E+00, 0.25000E+02, 0.73826E+02, 0.33685E+00, 0.41633E-02
 0.10000E+01, 0.25000E+02, 0.78755E+02, 0.31695E+00, 0.44876E-02
 0.20000E+01, 0.25000E+02, 0.79208E+02, 0.32216E+00, 0.44207E-02
 0.30000E+01, 0.25000E+02, 0.83768E+02, 0.29625E+00, 0.48696E-02
 0.40000E+01, 0.25000E+02, 0.81698E+02, 0.30356E+00, 0.47247E-02
 0.50000E+01, 0.25000E+02, 0.91335E+02, 0.25343E+00, 0.58129E-02
 0.60000E+01, 0.25000E+02, 0.90245E+02, 0.25721E+00, 0.57104E-02
 0.70000E+01, 0.25000E+02, 0.89658E+02, 0.26135E+00, 0.56108E-02
 0.80000E+01, 0.25000E+02, 0.22000E+02, 0.30000E+02, 0.00000E+00
 0.90000E+01, 0.25000E+02, 0.68484E+03, 0.13347E+00, 0.29011E-01
 0.10000E+02, 0.25000E+02, 0.62515E+03, 0.16453E+00, 0.22067E-01
 0.11000E+02, 0.25000E+02, 0.60317E+03, 0.15956E+00, 0.22198E-01
 0.12000E+02, 0.25000E+02, 0.64027E+03, 0.13688E+00, 0.26973E-01
 0.13000E+02, 0.25000E+02, 0.63919E+03, 0.11873E+00, 0.31059E-01
 0.14000E+02, 0.25000E+02, 0.63329E+03, 0.15575E+00, 0.23522E-01
 0.15000E+02, 0.25000E+02, 0.60543E+03, 0.17156E+00, 0.20698E-01
 0.16000E+02, 0.25000E+02, 0.55106E+03, 0.17098E+00, 0.19483E-01
 0.17000E+02, 0.25000E+02, 0.58984E+03, 0.14197E+00, 0.24568E-01
 0.18000E+02, 0.25000E+02, 0.63098E+03, 0.11804E+00, 0.30958E-01
 0.19000E+02, 0.25000E+02, 0.13611E+03, 0.23955E+00, 0.69052E-02
 0.20000E+02, 0.25000E+02, 0.13496E+03, 0.22839E+00, 0.72223E-02
 0.21000E+02, 0.25000E+02, 0.14025E+03, 0.21576E+00, 0.77441E-02
 0.22000E+02, 0.25000E+02, 0.13581E+03, 0.21552E+00, 0.76694E-02
 0.23000E+02, 0.25000E+02, 0.14249E+03, 0.20690E+00, 0.81197E-02
 0.24000E+02, 0.25000E+02, 0.14343E+03, 0.20080E+00, 0.83851E-02
 0.25000E+02, 0.25000E+02, 0.15043E+03, 0.18867E+00, 0.90745E-02
 0.26000E+02, 0.25000E+02, 0.15351E+03, 0.18164E+00, 0.94942E-02
 0.27000E+02, 0.25000E+02, 0.14872E+03, 0.17645E+00, 0.96638E-02
 0.28000E+02, 0.25000E+02, 0.15102E+03, 0.16611E+00, 0.10321E-01
 0.29000E+02, 0.25000E+02, 0.15651E+03, 0.16616E+00, 0.10452E-01
 0.30000E+02, 0.25000E+02, 0.60266E+02, 0.48696E+00, 0.27674E-02
 0.31000E+02, 0.25000E+02, 0.61092E+02, 0.49048E+00, 0.27543E-02
 0.32000E+02, 0.25000E+02, 0.57879E+02, 0.51928E+00, 0.25766E-02
 0.33000E+02, 0.25000E+02, 0.59172E+02, 0.48638E+00, 0.27616E-02
 0.34000E+02, 0.25000E+02, 0.65456E+02, 0.44434E+00, 0.30800E-02
 0.35000E+02, 0.25000E+02, 0.66422E+02, 0.42856E+00, 0.32026E-02
 0.36000E+02, 0.25000E+02, 0.65597E+02, 0.43371E+00, 0.31569E-02
 0.37000E+02, 0.25000E+02, 0.69952E+02, 0.41382E+00, 0.33511E-02
 0.38000E+02, 0.25000E+02, 0.67552E+02, 0.43959E+00, 0.31326E-02
 0.39000E+02, 0.25000E+02, 0.71312E+02, 0.41972E+00, 0.33171E-02
 0.40000E+02, 0.25000E+02, 0.72036E+02, 0.42050E+00, 0.33179E-02
 0.41000E+02, 0.25000E+02, 0.68745E+02, 0.45775E+00, 0.30188E-02
 0.42000E+02, 0.25000E+02, 0.67570E+02, 0.48172E+00, 0.28588E-02
 0.43000E+02, 0.25000E+02, 0.65002E+02, 0.51009E+00, 0.26794E-02
 0.44000E+02, 0.25000E+02, 0.71637E+02, 0.45740E+00, 0.30467E-02
 0.45000E+02, 0.25000E+02, 0.67827E+02, 0.50811E+00, 0.27123E-02
 0.46000E+02, 0.25000E+02, 0.67342E+02, 0.51470E+00, 0.26738E-02
 0.47000E+02, 0.25000E+02, 0.69178E+02, 0.50041E+00, 0.27650E-02
 0.48000E+02, 0.25000E+02, 0.36700E+03, 0.15791E+00, 0.16386E-01
 0.49000E+02, 0.25000E+02, 0.40000E+03, 0.16539E+00, 0.16450E-01
 0.50000E+02, 0.25000E+02, 0.40662E+03, 0.17422E+00, 0.15771E-01
 0.51000E+02, 0.25000E+02, 0.40741E+03, 0.18068E+00, 0.15224E-01
 0.52000E+02, 0.25000E+02, 0.43853E+03, 0.18590E+00, 0.15473E-01
 0.53000E+02, 0.25000E+02, 0.46322E+03, 0.17682E+00, 0.16832E-01
 0.54000E+02, 0.25000E+02, 0.41071E+03, 0.19052E+00, 0.14508E-01
 0.55000E+02, 0.25000E+02, 0.38207E+03, 0.21080E+00, 0.12563E-01
 0.56000E+02, 0.25000E+02, 0.38670E+03, 0.24093E+00, 0.11070E-01
 0.57000E+02, 0.25000E+02, 0.41773E+03, 0.27039E+00, 0.10327E-01
 0.58000E+02, 0.25000E+02, 0.60171E+03, 0.24884E+00, 0.14210E-01
 0.59000E+02, 0.25000E+02, 0.22000E+02, 0.30000E+02, 0.00000E+00
 0.60000E+02, 0.25000E+02, 0.52522E+03, 0.26383E+00, 0.12231E-01
 0.61000E+02, 0.25000E+02, 0.47570E+03, 0.35083E+00, 0.86273E-02
 0.62000E+02, 0.25000E+02, 0.51402E+03, 0.28298E+00, 0.11243E-01
 0.63000E+02, 0.25000E+02, 0.40564E+03, 0.35354E+00, 0.77602E-02
 0.64000E+02, 0.25000E+02, 0.35246E+03, 0.39222E+00, 0.64470E-02
 0.65000E+02, 0.25000E+02, 0.37106E+03, 0.26248E+00, 0.99198E-02
 0.00000E+00, 0.26000E+02, 0.70712E+03, 0.12450E+00, 0.31824E-01
 0.10000E+01, 0.26000E+02, 0.69625E+03, 0.12216E+00, 0.32074E-01
 0.20000E+01, 0.26000E+02, 0.63597E+03, 0.11495E+00, 0.31966E-01
 0.30000E+01, 0.26000E+02, 0.77397E+03, 0.13212E+00, 0.32034E-01
 0.40000E+01, 0.26000E+02, 0.72685E+03, 0.12395E+00, 0.32608E-01
 0.50000E+01, 0.26000E+02, 0.68484E+03, 0.12362E+00, 0.31321E-01
 0.60000E+01, 0.26000E+02, 0.64167E+03, 0.11669E+00, 0.31688E-01
 0.70000E+01, 0.26000E+02, 0.22000E+02, 0.30000E+02, 0.00000E+00
 0.80000E+01, 0.26000E+02, 0.71155E+03, 0.14419E+00, 0.27602E-01
 0.90000E+01, 0.26000E+02, 0.60281E+03, 0.16133E+00, 0.21945E-01
 0.10000E+02, 0.26000E+02, 0.53904E+03, 0.15719E+00, 0.20884E-01
 0.11000E+02, 0.26000E+02, 0.53665E+03, 0.16077E+00, 0.20359E-01
 0.12000E+02, 0.26000E+02, 0.54864E+03, 0.16435E+00, 0.20210E-01
 0.13000E+02, 0.26000E+02, 0.61856E+03, 0.15468E+00, 0.23301E-01
 0.14000E+02, 0.26000E+02, 0.64380E+03, 0.16283E+00, 0.22760E-01
 0.15000E+02, 0.26000E+02, 0.63157E+03, 0.17460E+00, 0.20944E-01
 0.16000E+02, 0.26000E+02, 0.61814E+03, 0.14462E+00, 0.24909E-01
 0.17000E+02, 0.26000E+02, 0.66330E+03, 0.12018E+00, 0.31494E-01
 0.18000E+02, 0.26000E+02, 0.65525E+03, 0.11757E+00, 0.31916E-01
 0.19000E+02, 0.26000E+02, 0.13920E+03, 0.22419E+00, 0.74342E-02
 0.20000E+02, 0.26000E+02, 0.14364E+03, 0.21819E+00, 0.77207E-02
 0.21000E+02, 0.26000E+02, 0.14588E+03, 0.21371E+00, 0.79250E-02
 0.22000E+02, 0.26000E+02, 0.13931E+03, 0.21087E+00, 0.79059E-02
 0.23000E+02, 0.26000E+02, 0.14436E+03, 0.20800E+00, 0.81131E-02
 0.24000E+02, 0.26000E+02, 0.14409E+03, 0.19877E+00, 0.84843E-02
 0.25000E+02, 0.26000E+02, 0.14842E+03, 0.19006E+00, 0.89653E-02
 0.26000E+02, 0.26000E+02, 0.15267E+03, 0.18581E+00, 0.92625E-02
 0.27000E+02, 0.26000E+02, 0.14472E+03, 0.18578E+00, 0.90913E-02
 0.28000E+02, 0.26000E+02, 0.14101E+03, 0.17779E+00, 0.94154E-02
 0.29000E+02, 0.26000E+02, 0.14861E+03, 0.16227E+00, 0.10505E-01
 0.30000E+02, 0.26000E+02, 0.59893E+02, 0.47431E+00, 0.28380E-02
 0.31000E+02, 0.26000E+02, 0.59686E+02, 0.47795E+00, 0.28147E-02
 0.32000E+02, 0.26000E+02, 0.61434E+02, 0.46341E+00, 0.29182E-02
 0.33000E+02, 0.26000E+02, 0.65171E+02, 0.43383E+00, 0.31520E-02
 0.34000E+02, 0.26000E+02, 0.66957E+02, 0.43197E+00, 0.31823E-02
 0.35000E+02, 0.26000E+02, 0.67899E+02, 0.41314E+00, 0.33365E-02
 0.36000E+02, 0.26000E+02, 0.72571E+02, 0.38638E+00, 0.36165E-02
 0.37000E+02, 0.26000E+02, 0.73087E+02, 0.38679E+00, 0.36181E-02
 0.38000E+02, 0.26000E+02, 0.66709E+02, 0.44345E+00, 0.30977E-02
 0.39000E+02, 0.26000E+02, 0.67352E+02, 0.44523E+00, 0.30911E-02
 0.40000E+02, 0.26000E+02, 0.67585E+02, 0.44851E+00, 0.30706E-02
 0.41000E+02, 0.26000E+02, 0.69182E+02, 0.44429E+00, 0.31143E-02
 0.42000E+02, 0.26000E+02, 0.70194E+02, 0.44441E+00, 0.31226E-02
 0.43000E+02, 0.26000E+02, 0.71003E+02, 0.44840E+00, 0.31022E-02
 0.44000E+02, 0.26000E+02, 0.73431E+02, 0.42949E+00, 0.32616E-02
 0.45000E+02, 0.26000E+02, 0.70987E+02, 0.46766E+00, 0.29743E-02
 0.46000E+02, 0.26000E+02, 0.65109E+02, 0.51698E+00, 0.26445E-02
 0.47000E+02, 0.26000E+02, 0.65920E+02, 0.51164E+00, 0.26786E-02
 0.48000E+02, 0.26000E+02, 0.39625E+03, 0.14318E+00, 0.18896E-01
 0.49000E+02, 0.26000E+02, 0.41847E+03, 0.15943E+00, 0.17534E-01
 0.50000E+02, 0.26000E+02, 0.43819E+03, 0.15985E+00, 0.17986E-01
 0.51000E+02, 0.26000E+02, 0.42401E+03, 0.17307E+00, 0.16282E-01
 0.52000E+02, 0.26000E+02, 0.41422E+03, 0.19130E+00, 0.14523E-01
 0.53000E+02, 0.26000E+02, 0.36524E+03, 0.20605E+00, 0.12523E-01
 0.54000E+02, 0.26000E+02, 0.32774E+03, 0.21284E+00, 0.11411E-01
 0.55000E+02, 0.26000E+02, 0.40736E+03, 0.24092E+00, 0.11417E-01
 0.56000E+02, 0.26000E+02, 0.41590E+03, 0.25749E+00, 0.10816E-01
 0.57000E+02, 0.26000E+02, 0.43601E+03, 0.26756E+00, 0.10713E-01
 0.58000E+02, 0.26000E+02, 0.79631E+03, 0.15856E+00, 0.27261E-01
 0.59000E+02, 0.26000E+02, 0.22000E+02, 0.30000E+02, 0.00000E+00
 0.60000E+02, 0.26000E+02, 0.44470E+03, 0.27822E+00, 0.10428E-01
 0.61000E+02, 0.26000E+02, 0.46546E+03, 0.30530E+00, 0.97785E-02
 0.62000E+02, 0.26000E+02, 0.47450E+03, 0.27677E+00, 0.10918E-01
 0.63000E+02, 0.26000E+02, 0.33243E+03, 0.41925E+00, 0.58381E-02
 0.64000E+02, 0.26000E+02, 0.34313E+03, 0.33188E+00, 0.75054E-02
 0.65000E+02, 0.26000E+02, 0.34767E+03, 0.26959E+00, 0.93078E-02
 0.00000E+00, 0.27000E+02, 0.71446E+03, 0.13093E+00, 0.30487E-01
 0.10000E+01, 0.27000E+02, 0.71632E+03, 0.12796E+00, 0.31253E-01
 0.20000E+01, 0.27000E+02, 0.66433E+03, 0.11923E+00, 0.31781E-01
 0.30000E+01, 0.27000E+02, 0.76339E+03, 0.12947E+00, 0.32360E-01
 0.40000E+01, 0.27000E+02, 0.76528E+03, 0.13063E+00, 0.32130E-01
 0.50000E+01, 0.27000E+02, 0.76136E+03, 0.13060E+00, 0.32016E-01
 0.60000E+01, 0.27000E+02, 0.70050E+03, 0.12560E+00, 0.31332E-01
 0.70000E+01, 0.27000E+02, 0.22000E+02, 0.30000E+02, 0.00000E+00
 0.80000E+01, 0.27000E+02, 0.60007E+03, 0.14763E+00, 0.23907E-01
 0.90000E+01, 0.27000E+02, 0.58905E+03, 0.14992E+00, 0.23245E-01
 0.10000E+02, 0.27000E+02, 0.51322E+03, 0.14956E+00, 0.21251E-01
 0.11000E+02, 0.27000E+02, 0.48625E+03, 0.15785E+00, 0.19445E-01
 0.12000E+02, 0.27000E+02, 0.45657E+03, 0.17531E+00, 0.16824E-01
 0.13000E+02, 0.27000E+02, 0.57152E+03, 0.17116E+00, 0.19946E-01
 0.14000E+02, 0.27000E+02, 0.64654E+03, 0.16377E+00, 0.22698E-01
 0.15000E+02, 0.27000E+02, 0.62360E+03, 0.18840E+00, 0.19238E-01
 0.16000E+02, 0.27000E+02, 0.65453E+03, 0.12424E+00, 0.30181E-01
 0.17000E+02, 0.27000E+02, 0.69744E+03, 0.12471E+00, 0.31456E-01
 0.18000E+02, 0.27000E+02, 0.69260E+03, 0.12422E+00, 0.31423E-01
 0.19000E+02, 0.27000E+02, 0.39023E+03, 0.11556E+00, 0.23201E-01
 0.20000E+02, 0.27000E+02, 0.38941E+03, 0.12820E+00, 0.20888E-01
 0.21000E+02, 0.27000E+02, 0.38715E+03, 0.13184E+00, 0.20243E-01
 0.22000E+02, 0.27000E+02, 0.39029E+03, 0.11529E+00, 0.23258E-01
 0.23000E+02, 0.27000E+02, 0.38068E+03, 0.10502E+00, 0.25165E-01
 0.24000E+02, 0.27000E+02, 0.38252E+03, 0.10244E+00, 0.25870E-01
 0.25000E+02, 0.27000E+02, 0.37737E+03, 0.10317E+00, 0.25485E-01
 0.26000E+02, 0.27000E+02, 0.37863E+03, 0.10223E+00, 0.25770E-01
 0.27000E+02, 0.27000E+02, 0.38141E+03, 0.10017E+00, 0.26411E-01
 0.28000E+02, 0.27000E+02, 0.38736E+03, 0.93301E-01, 0.28613E-01
 0.29000E+02, 0.27000E+02, 0.35537E+03, 0.82318E-01, 0.30860E-01
 0.30000E+02, 0.27000E+02, 0.30439E+03, 0.15912E+00, 0.14670E-01
 0.31000E+02, 0.27000E+02, 0.32849E+03, 0.16267E+00, 0.14949E-01
 0.32000E+02, 0.27000E+02, 0.33502E+03, 0.16879E+00, 0.14563E-01
 0.33000E+02, 0.27000E+02, 0.33838E+03, 0.17181E+00, 0.14386E-01
 0.34000E+02, 0.27000E+02, 0.34546E+03, 0.17303E+00, 0.14450E-01
 0.35000E+02, 0.27000E+02, 0.35450E+03, 0.16982E+00, 0.14939E-01
 0.36000E+02, 0.27000E+02, 0.36450E+03, 0.16239E+00, 0.15871E-01
 0.37000E+02, 0.27000E+02, 0.38474E+03, 0.15283E+00, 0.17399E-01
 0.38000E+02, 0.27000E+02, 0.40290E+03, 0.14923E+00, 0.18311E-01
 0.39000E+02, 0.27000E+02, 0.37860E+03, 0.15268E+00, 0.17254E-01
 0.40000E+02, 0.27000E+02, 0.37099E+03, 0.15665E+00, 0.16620E-01
 0.41000E+02, 0.27000E+02, 0.36165E+03, 0.16626E+00, 0.15433E-01
 0.42000E+02, 0.27000E+02, 0.35350E+03, 0.17210E+00, 0.14717E-01
 0.43000E+02, 0.27000E+02, 0.35566E+03, 0.17018E+00, 0.14934E-01
 0.44000E+02, 0.27000E+02, 0.35812E+03, 0.16885E+00, 0.15111E-01
 0.45000E+02, 0.27000E+02, 0.35634E+03, 0.16359E+00, 0.15553E-01
 0.46000E+02, 0.27000E+02, 0.34399E+03, 0.14235E+00, 0.17523E-01
 0.47000E+02, 0.27000E+02, 0.32163E+03, 0.13296E+00, 0.18080E-01
 0.48000E+02, 0.27000E+02, 0.18801E+03, 0.47109E+00, 0.39566E-02
 0.49000E+02, 0.27000E+02, 0.19706E+03, 0.51529E+00, 0.36882E-02
 0.50000E+02, 0.27000E+02, 0.20345E+03, 0.51453E+00, 0.37439E-02
 0.51000E+02, 0.27000E+02, 0.20401E+03, 0.53052E+00, 0.36353E-02
 0.52000E+02, 0.27000E+02, 0.19871E+03, 0.63275E+00, 0.30141E-02
 0.53000E+02, 0.27000E+02, 0.20010E+03, 0.66601E+00, 0.28720E-02
 0.54000E+02, 0.27000E+02, 0.20207E+03, 0.69366E+00, 0.27690E-02
 0.55000E+02, 0.27000E+02, 0.19525E+03, 0.63784E+00, 0.29681E-02
 0.56000E+02, 0.27000E+02, 0.19606E+03, 0.56937E+00, 0.33308E-02
 0.57000E+02, 0.27000E+02, 0.18966E+03, 0.58253E+00, 0.32112E-02
 0.58000E+02, 0.27000E+02, 0.18151E+03, 0.58873E+00, 0.31214E-02
 0.59000E+02, 0.27000E+02, 0.22000E+02, 0.30000E+02, 0.00000E+00
 0.60000E+02, 0.27000E+02, 0.43084E+03, 0.23707E+00, 0.12002E-01
 0.61000E+02, 0.27000E+02, 0.45446E+03, 0.26894E+00, 0.10935E-01
 0.62000E+02, 0.27000E+02, 0.38432E+03, 0.33569E+00, 0.79161E-02
 0.63000E+02, 0.27000E+02, 0.30944E+03, 0.39994E+00, 0.58877E-02
 0.64000E+02, 0.27000E+02, 0.31312E+03, 0.37514E+00, 0.63165E-02
 0.65000E+02, 0.27000E+02, 0.33039E+03, 0.31862E+00, 0.76561E-02
 0.00000E+00, 0.28000E+02, 0.68807E+03, 0.13076E+00, 0.29710E-01
 0.10000E+01, 0.28000E+02, 0.66839E+03, 0.12357E+00, 0.30798E-01
 0.20000E+01, 0.28000E+02, 0.59043E+03, 0.11208E+00, 0.31141E-01
 0.30000E+01, 0.28000E+02, 0.78502E+03, 0.13344E+00, 0.32051E-01
 0.40000E+01, 0.28000E+02, 0.75274E+03, 0.13011E+00, 0.31869E-01
 0.50000E+01, 0.28000E+02, 0.73311E+03, 0.12916E+00, 0.31490E-01
 0.60000E+01, 0.28000E+02, 0.69286E+03, 0.13143E+00, 0.29707E-01
 0.70000E+01, 0.28000E+02, 0.68851E+03, 0.13382E+00, 0.29045E-01
 0.80000E+01, 0.28000E+02, 0.22000E+02, 0.30000E+02, 0.00000E+00
 0.90000E+01, 0.28000E+02, 0.66971E+03, 0.15610E+00, 0.24414E-01
 0.10000E+02, 0.28000E+02, 0.60528E+03, 0.16235E+00, 0.21870E-01
 0.11000E+02, 0.28000E+02, 0.50590E+03, 0.17280E+00, 0.18222E-01
 0.12000E+02, 0.28000E+02, 0.40662E+03, 0.17316E+00, 0.15867E-01
 0.13000E+02, 0.28000E+02, 0.48381E+03, 0.18382E+00, 0.16644E-01
 0.14000E+02, 0.28000E+02, 0.63273E+03, 0.17265E+00, 0.21208E-01
 0.15000E+02, 0.28000E+02, 0.66009E+03, 0.18621E+00, 0.20257E-01
 0.16000E+02, 0.28000E+02, 0.74557E+03, 0.16013E+00, 0.25713E-01
 0.17000E+02, 0.28000E+02, 0.76189E+03, 0.14197E+00, 0.29467E-01
 0.18000E+02, 0.28000E+02, 0.66756E+03, 0.13300E+00, 0.28588E-01
 0.19000E+02, 0.28000E+02, 0.41624E+03, 0.10593E+00, 0.26304E-01
 0.20000E+02, 0.28000E+02, 0.40191E+03, 0.11248E+00, 0.24256E-01
 0.21000E+02, 0.28000E+02, 0.38958E+03, 0.11535E+00, 0.23221E-01
 0.22000E+02, 0.28000E+02, 0.39729E+03, 0.10838E+00, 0.25002E-01
 0.23000E+02, 0.28000E+02, 0.40483E+03, 0.10891E+00, 0.25161E-01
 0.24000E+02, 0.28000E+02, 0.39751E+03, 0.11377E+00, 0.23827E-01
 0.25000E+02, 0.28000E+02, 0.39691E+03, 0.11548E+00, 0.23452E-01
 0.26000E+02, 0.28000E+02, 0.39602E+03, 0.11236E+00, 0.24072E-01
 0.27000E+02, 0.28000E+02, 0.39571E+03, 0.10646E+00, 0.25393E-01
 0.28000E+02, 0.28000E+02, 0.40473E+03, 0.97161E-01, 0.28199E-01
 0.29000E+02, 0.28000E+02, 0.36052E+03, 0.83889E-01, 0.30530E-01
 0.30000E+02, 0.28000E+02, 0.31270E+03, 0.16096E+00, 0.14711E-01
 0.31000E+02, 0.28000E+02, 0.30796E+03, 0.15627E+00, 0.15030E-01
 0.32000E+02, 0.28000E+02, 0.31180E+03, 0.15844E+00, 0.14922E-01
 0.33000E+02, 0.28000E+02, 0.30193E+03, 0.16229E+00, 0.14322E-01
 0.34000E+02, 0.28000E+02, 0.29928E+03, 0.16852E+00, 0.13729E-01
 0.35000E+02, 0.28000E+02, 0.30688E+03, 0.17470E+00, 0.13420E-01
 0.36000E+02, 0.28000E+02, 0.31704E+03, 0.17211E+00, 0.13860E-01
 0.37000E+02, 0.28000E+02, 0.31540E+03, 0.17464E+00, 0.13621E-01
 0.38000E+02, 0.28000E+02, 0.31084E+03, 0.18127E+00, 0.13021E-01
 0.39000E+02, 0.28000E+02, 0.32140E+03, 0.17960E+00, 0.13380E-01
 0.40000E+02, 0.28000E+02, 0.32827E+03, 0.17507E+00, 0.13885E-01
 0.41000E+02, 0.28000E+02, 0.32287E+03, 0.18213E+00, 0.13227E-01
 0.42000E+02, 0.28000E+02, 0.31527E+03, 0.16939E+00, 0.14040E-01
 0.43000E+02, 0.28000E+02, 0.30587E+03, 0.15546E+00, 0.15054E-01
 0.44000E+02, 0.28000E+02, 0.31459E+03, 0.15475E+00, 0.15351E-01
 0.45000E+02, 0.28000E+02, 0.33004E+03, 0.15862E+00, 0.15370E-01
 0.46000E+02, 0.28000E+02, 0.33733E+03, 0.14785E+00, 0.16688E-01
 0.47000E+02, 0.28000E+02, 0.33617E+03, 0.12910E+00, 0.19076E-01
 0.48000E+02, 0.28000E+02, 0.19406E+03, 0.54178E+00, 0.34855E-02
 0.49000E+02, 0.28000E+02, 0.20618E+03, 0.52032E+00, 0.37234E-02
 0.50000E+02, 0.28000E+02, 0.20790E+03, 0.46896E+00, 0.41460E-02
 0.51000E+02, 0.28000E+02, 0.20864E+03, 0.47612E+00, 0.40900E-02
 0.52000E+02, 0.28000E+02, 0.20730E+03, 0.50024E+00, 0.38819E-02
 0.53000E+02, 0.28000E+02, 0.20786E+03, 0.59212E+00, 0.32834E-02
 0.54000E+02, 0.28000E+02, 0.20202E+03, 0.70279E+00, 0.27328E-02
 0.55000E+02, 0.28000E+02, 0.19833E+03, 0.65644E+00, 0.29030E-02
 0.56000E+02, 0.28000E+02, 0.19749E+03, 0.62658E+00, 0.30359E-02
 0.57000E+02, 0.28000E+02, 0.19693E+03, 0.61803E+00, 0.30743E-02
 0.58000E+02, 0.28000E+02, 0.19145E+03, 0.64008E+00, 0.29338E-02
 0.59000E+02, 0.28000E+02, 0.22000E+02, 0.30000E+02, 0.00000E+00
 0.60000E+02, 0.28000E+02, 0.41349E+03, 0.21875E+00, 0.12687E-01
 0.61000E+02, 0.28000E+02, 0.40893E+03, 0.26428E+00, 0.10431E-01
 0.62000E+02, 0.28000E+02, 0.35499E+03, 0.31957E+00, 0.79446E-02
 0.63000E+02, 0.28000E+02, 0.32097E+03, 0.34872E+00, 0.68860E-02
 0.64000E+02, 0.28000E+02, 0.29876E+03, 0.39312E+00, 0.58801E-02
 0.65000E+02, 0.28000E+02, 0.33758E+03, 0.26034E+00, 0.94815E-02
 0.00000E+00, 0.29000E+02, 0.22000E+02, 0.30000E+02, 0.00000E+00
 0.10000E+01, 0.29000E+02, 0.22000E+02, 0.30000E+02, 0.00000E+00
 0.20000E+01, 0.29000E+02, 0.22000E+02, 0.30000E+02, 0.00000E+00
 0.30000E+01, 0.29000E+02, 0.22000E+02, 0.30000E+02, 0.00000E+00
 0.40000E+01, 0.29000E+02, 0.22000E+02, 0.30000E+02, 0.00000E+00
 0.50000E+01, 0.29000E+02, 0.22000E+02, 0.30000E+02, 0.00000E+00
 0.60000E+01, 0.29000E+02, 0.22000E+02, 0.30000E+02, 0.00000E+00
 0.70000E+01, 0.29000E+02, 0.22000E+02, 0.30000E+02, 0.00000E+00
 0.80000E+01, 0.29000E+02, 0.22000E+02, 0.30000E+02, 0.00000E+00
 0.90000E+01, 0.29000E+02, 0.78845E+03, 0.15794E+00, 0.27167E-01
 0.10000E+02, 0.29000E+02, 0.80738E+03, 0.16369E+00, 0.26681E-01
 0.11000E+02, 0.29000E+02, 0.63589E+03, 0.19086E+00, 0.19251E-01
 0.12000E+02, 0.29000E+02, 0.43432E+03, 0.17528E+00, 0.16314E-01
 0.13000E+02, 0.29000E+02, 0.43882E+03, 0.19402E+00, 0.14832E-01
 0.14000E+02, 0.29000E+02, 0.60577E+03, 0.20094E+00, 0.17679E-01
 0.15000E+02, 0.29000E+02, 0.69822E+03, 0.16966E+00, 0.23141E-01
 0.16000E+02, 0.29000E+02, 0.78191E+03, 0.19634E+00, 0.21719E-01
 0.17000E+02, 0.29000E+02, 0.81824E+03, 0.14666E+00, 0.30077E-01
 0.18000E+02, 0.29000E+02, 0.73819E+03, 0.13981E+00, 0.29236E-01
 0.19000E+02, 0.29000E+02, 0.45313E+03, 0.11135E+00, 0.26364E-01
 0.20000E+02, 0.29000E+02, 0.43723E+03, 0.10633E+00, 0.27003E-01
 0.21000E+02, 0.29000E+02, 0.43046E+03, 0.10579E+00, 0.26883E-01
 0.22000E+02, 0.29000E+02, 0.42696E+03, 0.10695E+00, 0.26459E-01
 0.23000E+02, 0.29000E+02, 0.41250E+03, 0.10773E+00, 0.25725E-01
 0.24000E+02, 0.29000E+02, 0.40262E+03, 0.11079E+00, 0.24654E-01
 0.25000E+02, 0.29000E+02, 0.40590E+03, 0.11437E+00, 0.23999E-01
 0.26000E+02, 0.29000E+02, 0.40798E+03, 0.11213E+00, 0.24552E-01
 0.27000E+02, 0.29000E+02, 0.38955E+03, 0.10522E+00, 0.25455E-01
 0.28000E+02, 0.29000E+02, 0.40630E+03, 0.10493E+00, 0.26171E-01
 0.29000E+02, 0.29000E+02, 0.37566E+03, 0.90572E-01, 0.28954E-01
 0.30000E+02, 0.29000E+02, 0.33890E+03, 0.16087E+00, 0.15378E-01
 0.31000E+02, 0.29000E+02, 0.32971E+03, 0.15700E+00, 0.15520E-01
 0.32000E+02, 0.29000E+02, 0.30306E+03, 0.15552E+00, 0.14976E-01
 0.33000E+02, 0.29000E+02, 0.29334E+03, 0.16069E+00, 0.14249E-01
 0.34000E+02, 0.29000E+02, 0.27980E+03, 0.17047E+00, 0.13111E-01
 0.35000E+02, 0.29000E+02, 0.29605E+03, 0.18185E+00, 0.12651E-01
 0.36000E+02, 0.29000E+02, 0.30326E+03, 0.18643E+00, 0.12497E-01
 0.37000E+02, 0.29000E+02, 0.31056E+03, 0.18719E+00, 0.12603E-01
 0.38000E+02, 0.29000E+02, 0.31981E+03, 0.19603E+00, 0.12226E-01
 0.39000E+02, 0.29000E+02, 0.31764E+03, 0.20672E+00, 0.11551E-01
 0.40000E+02, 0.29000E+02, 0.32741E+03, 0.21842E+00, 0.11113E-01
 0.41000E+02, 0.29000E+02, 0.32387E+03, 0.20929E+00, 0.11530E-01
 0.42000E+02, 0.29000E+02, 0.29099E+03, 0.15805E+00, 0.14427E-01
 0.43000E+02, 0.29000E+02, 0.28562E+03, 0.15185E+00, 0.14873E-01
 0.44000E+02, 0.29000E+02, 0.30303E+03, 0.15331E+00, 0.15190E-01
 0.45000E+02, 0.29000E+02, 0.31589E+03, 0.15698E+00, 0.15166E-01
 0.46000E+02, 0.29000E+02, 0.32574E+03, 0.14585E+00, 0.16597E-01
 0.47000E+02, 0.29000E+02, 0.34355E+03, 0.13243E+00, 0.18821E-01
 0.48000E+02, 0.29000E+02, 0.20581E+03, 0.60912E+00, 0.31781E-02
 0.49000E+02, 0.29000E+02, 0.21124E+03, 0.52454E+00, 0.37324E-02
 0.50000E+02, 0.29000E+02, 0.20944E+03, 0.51047E+00, 0.38211E-02
 0.51000E+02, 0.29000E+02, 0.20674E+03, 0.50977E+00, 0.38049E-02
 0.52000E+02, 0.29000E+02, 0.20796E+03, 0.57599E+00, 0.33761E-02
 0.53000E+02, 0.29000E+02, 0.20775E+03, 0.65014E+00, 0.29897E-02
 0.54000E+02, 0.29000E+02, 0.20293E+03, 0.69095E+00, 0.27849E-02
 0.55000E+02, 0.29000E+02, 0.20225E+03, 0.66499E+00, 0.28895E-02
 0.56000E+02, 0.29000E+02, 0.19995E+03, 0.71690E+00, 0.26673E-02
 0.57000E+02, 0.29000E+02, 0.19709E+03, 0.69029E+00, 0.27534E-02
 0.58000E+02, 0.29000E+02, 0.19560E+03, 0.70401E+00, 0.26912E-02
 0.59000E+02, 0.29000E+02, 0.22000E+02, 0.30000E+02, 0.00000E+00
 0.60000E+02, 0.29000E+02, 0.41179E+03, 0.17093E+00, 0.16197E-01
 0.61000E+02, 0.29000E+02, 0.38902E+03, 0.21552E+00, 0.12418E-01
 0.62000E+02, 0.29000E+02, 0.32805E+03, 0.29922E+00, 0.81211E-02
 0.63000E+02, 0.29000E+02, 0.31995E+03, 0.30977E+00, 0.77386E-02
 0.64000E+02, 0.29000E+02, 0.31813E+03, 0.33487E+00, 0.71366E-02
 0.65000E+02, 0.29000E+02, 0.30986E+03, 0.28628E+00, 0.82313E-02
 0.00000E+00, 0.30000E+02, 0.96904E+03, 0.20096E+00, 0.24984E-01
 0.10000E+01, 0.30000E+02, 0.82358E+03, 0.15278E+00, 0.29014E-01
 0.20000E+01, 0.30000E+02, 0.84267E+03, 0.15403E+00, 0.29280E-01
 0.30000E+01, 0.30000E+02, 0.80970E+03, 0.13434E+00, 0.32579E-01
 0.40000E+01, 0.30000E+02, 0.78541E+03, 0.13291E+00, 0.32192E-01
 0.50000E+01, 0.30000E+02, 0.68171E+03, 0.11829E+00, 0.32627E-01
 0.60000E+01, 0.30000E+02, 0.21112E+03, 0.29772E+00, 0.65745E-02
 0.70000E+01, 0.30000E+02, 0.23799E+03, 0.30657E+00, 0.67390E-02
 0.80000E+01, 0.30000E+02, 0.64111E+03, 0.15312E+00, 0.24134E-01
 0.90000E+01, 0.30000E+02, 0.78740E+03, 0.19227E+00, 0.22294E-01
 0.10000E+02, 0.30000E+02, 0.86150E+03, 0.14763E+00, 0.31064E-01
 0.11000E+02, 0.30000E+02, 0.77725E+03, 0.17162E+00, 0.24739E-01
 0.12000E+02, 0.30000E+02, 0.57395E+03, 0.15578E+00, 0.21979E-01
 0.13000E+02, 0.30000E+02, 0.55420E+03, 0.18512E+00, 0.18063E-01
 0.14000E+02, 0.30000E+02, 0.62155E+03, 0.20701E+00, 0.17469E-01
 0.15000E+02, 0.30000E+02, 0.70258E+03, 0.17943E+00, 0.21979E-01
 0.16000E+02, 0.30000E+02, 0.82048E+03, 0.20289E+00, 0.21786E-01
 0.17000E+02, 0.30000E+02, 0.85888E+03, 0.17033E+00, 0.26862E-01
 0.18000E+02, 0.30000E+02, 0.75409E+03, 0.14043E+00, 0.29567E-01
 0.19000E+02, 0.30000E+02, 0.43435E+03, 0.11816E+00, 0.24201E-01
 0.20000E+02, 0.30000E+02, 0.40429E+03, 0.10228E+00, 0.26770E-01
 0.21000E+02, 0.30000E+02, 0.38835E+03, 0.98961E-01, 0.27017E-01
 0.22000E+02, 0.30000E+02, 0.41597E+03, 0.10258E+00, 0.27154E-01
 0.23000E+02, 0.30000E+02, 0.42616E+03, 0.10254E+00, 0.27565E-01
 0.24000E+02, 0.30000E+02, 0.39415E+03, 0.10253E+00, 0.26305E-01
 0.25000E+02, 0.30000E+02, 0.38826E+03, 0.10181E+00, 0.26257E-01
 0.26000E+02, 0.30000E+02, 0.38845E+03, 0.98246E-01, 0.27218E-01
 0.27000E+02, 0.30000E+02, 0.40279E+03, 0.10469E+00, 0.26097E-01
 0.28000E+02, 0.30000E+02, 0.40966E+03, 0.10461E+00, 0.26381E-01
 0.29000E+02, 0.30000E+02, 0.37626E+03, 0.93313E-01, 0.28129E-01
 0.30000E+02, 0.30000E+02, 0.36110E+03, 0.15700E+00, 0.16328E-01
 0.31000E+02, 0.30000E+02, 0.36147E+03, 0.15520E+00, 0.16527E-01
 0.32000E+02, 0.30000E+02, 0.32188E+03, 0.15712E+00, 0.15307E-01
 0.33000E+02, 0.30000E+02, 0.29578E+03, 0.15463E+00, 0.14872E-01
 0.34000E+02, 0.30000E+02, 0.29564E+03, 0.16665E+00, 0.13795E-01
 0.35000E+02, 0.30000E+02, 0.30612E+03, 0.17427E+00, 0.13435E-01
 0.36000E+02, 0.30000E+02, 0.33595E+03, 0.19286E+00, 0.12765E-01
 0.37000E+02, 0.30000E+02, 0.34492E+03, 0.21555E+00, 0.11590E-01
 0.38000E+02, 0.30000E+02, 0.35026E+03, 0.21919E+00, 0.11495E-01
 0.39000E+02, 0.30000E+02, 0.34108E+03, 0.22283E+00, 0.11141E-01
 0.40000E+02, 0.30000E+02, 0.35263E+03, 0.22792E+00, 0.11097E-01
 0.41000E+02, 0.30000E+02, 0.31844E+03, 0.19321E+00, 0.12376E-01
 0.42000E+02, 0.30000E+02, 0.30664E+03, 0.16890E+00, 0.13875E-01
 0.43000E+02, 0.30000E+02, 0.30346E+03, 0.15252E+00, 0.15280E-01
 0.44000E+02, 0.30000E+02, 0.30906E+03, 0.14522E+00, 0.16205E-01
 0.45000E+02, 0.30000E+02, 0.31924E+03, 0.14855E+00, 0.16118E-01
 0.46000E+02, 0.30000E+02, 0.32593E+03, 0.14203E+00, 0.17048E-01
 0.47000E+02, 0.30000E+02, 0.34128E+03, 0.13309E+00, 0.18659E-01
 0.48000E+02, 0.30000E+02, 0.21440E+03, 0.65872E+00, 0.29915E-02
 0.49000E+02, 0.30000E+02, 0.21534E+03, 0.56692E+00, 0.34827E-02
 0.50000E+02, 0.30000E+02, 0.21433E+03, 0.62553E+00, 0.31498E-02
 0.51000E+02, 0.30000E+02, 0.21075E+03, 0.59097E+00, 0.33095E-02
 0.52000E+02, 0.30000E+02, 0.20949E+03, 0.88550E+00, 0.22030E-02
 0.53000E+02, 0.30000E+02, 0.20951E+03, 0.92537E+00, 0.21081E-02
 0.54000E+02, 0.30000E+02, 0.20402E+03, 0.97279E+00, 0.19826E-02
 0.55000E+02, 0.30000E+02, 0.20459E+03, 0.80647E+00, 0.23943E-02
 0.56000E+02, 0.30000E+02, 0.20084E+03, 0.12679E+01, 0.15110E-02
 0.57000E+02, 0.30000E+02, 0.19643E+03, 0.94885E+00, 0.20003E-02
 0.58000E+02, 0.30000E+02, 0.19216E+03, 0.85082E+00, 0.22105E-02
 0.59000E+02, 0.30000E+02, 0.22000E+02, 0.30000E+02, 0.00000E+00
 0.60000E+02, 0.30000E+02, 0.34484E+03, 0.21521E+00, 0.11606E-01
 0.61000E+02, 0.30000E+02, 0.33084E+03, 0.24618E+00, 0.99165E-02
 0.62000E+02, 0.30000E+02, 0.32599E+03, 0.26170E+00, 0.92534E-02
 0.63000E+02, 0.30000E+02, 0.32972E+03, 0.27360E+00, 0.89061E-02
 0.64000E+02, 0.30000E+02, 0.32151E+03, 0.28487E+00, 0.84374E-02
 0.65000E+02, 0.30000E+02, 0.32331E+03, 0.28114E+00, 0.85749E-02
 0.00000E+00, 0.31000E+02, 0.99607E+03, 0.17709E+00, 0.28969E-01
 0.10000E+01, 0.31000E+02, 0.91481E+03, 0.17636E+00, 0.27225E-01
 0.20000E+01, 0.31000E+02, 0.79855E+03, 0.15297E+00, 0.28316E-01
 0.30000E+01, 0.31000E+02, 0.78991E+03, 0.13551E+00, 0.31707E-01
 0.40000E+01, 0.31000E+02, 0.80643E+03, 0.13215E+00, 0.33019E-01
 0.50000E+01, 0.31000E+02, 0.74653E+03, 0.12845E+00, 0.32086E-01
 0.60000E+01, 0.31000E+02, 0.21506E+03, 0.31528E+00, 0.62587E-02
 0.70000E+01, 0.31000E+02, 0.24786E+03, 0.30736E+00, 0.68514E-02
 0.80000E+01, 0.31000E+02, 0.68521E+03, 0.19729E+00, 0.19634E-01
 0.90000E+01, 0.31000E+02, 0.79467E+03, 0.21352E+00, 0.20213E-01
 0.10000E+02, 0.31000E+02, 0.84737E+03, 0.14774E+00, 0.30655E-01
 0.11000E+02, 0.31000E+02, 0.79644E+03, 0.13825E+00, 0.31270E-01
 0.12000E+02, 0.31000E+02, 0.64391E+03, 0.11762E+00, 0.31512E-01
 0.13000E+02, 0.31000E+02, 0.71872E+03, 0.12842E+00, 0.31218E-01
 0.14000E+02, 0.31000E+02, 0.78664E+03, 0.13768E+00, 0.31111E-01
 0.15000E+02, 0.31000E+02, 0.80646E+03, 0.17694E+00, 0.24661E-01
 0.16000E+02, 0.31000E+02, 0.89139E+03, 0.23088E+00, 0.20387E-01
 0.17000E+02, 0.31000E+02, 0.90911E+03, 0.17761E+00, 0.26904E-01
 0.18000E+02, 0.31000E+02, 0.78443E+03, 0.14181E+00, 0.30143E-01
 0.19000E+02, 0.31000E+02, 0.42377E+03, 0.11105E+00, 0.25365E-01
 0.20000E+02, 0.31000E+02, 0.38413E+03, 0.97953E-01, 0.27121E-01
 0.21000E+02, 0.31000E+02, 0.38257E+03, 0.97359E-01, 0.27222E-01
 0.22000E+02, 0.31000E+02, 0.39897E+03, 0.99033E-01, 0.27431E-01
 0.23000E+02, 0.31000E+02, 0.41097E+03, 0.10109E+00, 0.27352E-01
 0.24000E+02, 0.31000E+02, 0.36492E+03, 0.93901E-01, 0.27465E-01
 0.25000E+02, 0.31000E+02, 0.36839E+03, 0.94900E-01, 0.27323E-01
 0.26000E+02, 0.31000E+02, 0.38104E+03, 0.98577E-01, 0.26823E-01
 0.27000E+02, 0.31000E+02, 0.39481E+03, 0.10309E+00, 0.26190E-01
 0.28000E+02, 0.31000E+02, 0.40079E+03, 0.10042E+00, 0.27125E-01
 0.29000E+02, 0.31000E+02, 0.36642E+03, 0.96527E-01, 0.26780E-01
 0.30000E+02, 0.31000E+02, 0.37942E+03, 0.14839E+00, 0.17775E-01
 0.31000E+02, 0.31000E+02, 0.34741E+03, 0.15911E+00, 0.15764E-01
 0.32000E+02, 0.31000E+02, 0.33836E+03, 0.16553E+00, 0.14931E-01
 0.33000E+02, 0.31000E+02, 0.30326E+03, 0.15579E+00, 0.14954E-01
 0.34000E+02, 0.31000E+02, 0.29652E+03, 0.15792E+00, 0.14580E-01
 0.35000E+02, 0.31000E+02, 0.31139E+03, 0.16451E+00, 0.14362E-01
 0.36000E+02, 0.31000E+02, 0.34982E+03, 0.21513E+00, 0.11704E-01
 0.37000E+02, 0.31000E+02, 0.36261E+03, 0.23332E+00, 0.11014E-01
 0.38000E+02, 0.31000E+02, 0.40823E+03, 0.25298E+00, 0.10886E-01
 0.39000E+02, 0.31000E+02, 0.39261E+03, 0.24748E+00, 0.10873E-01
 0.40000E+02, 0.31000E+02, 0.39302E+03, 0.23612E+00, 0.11403E-01
 0.41000E+02, 0.31000E+02, 0.34705E+03, 0.17927E+00, 0.13983E-01
 0.42000E+02, 0.31000E+02, 0.30146E+03, 0.15465E+00, 0.15018E-01
 0.43000E+02, 0.31000E+02, 0.30633E+03, 0.14908E+00, 0.15711E-01
 0.44000E+02, 0.31000E+02, 0.31904E+03, 0.14340E+00, 0.16691E-01
 0.45000E+02, 0.31000E+02, 0.31575E+03, 0.13855E+00, 0.17179E-01
 0.46000E+02, 0.31000E+02, 0.32662E+03, 0.14215E+00, 0.17053E-01
 0.47000E+02, 0.31000E+02, 0.34078E+03, 0.13605E+00, 0.18239E-01
 0.48000E+02, 0.31000E+02, 0.21361E+03, 0.97045E+00, 0.20273E-02
 0.49000E+02, 0.31000E+02, 0.21951E+03, 0.10742E+01, 0.18537E-02
 0.50000E+02, 0.31000E+02, 0.21722E+03, 0.93849E+00, 0.21119E-02
 0.51000E+02, 0.31000E+02, 0.21042E+03, 0.10815E+01, 0.18072E-02
 0.52000E+02, 0.31000E+02, 0.20479E+03, 0.86546E+00, 0.22320E-02
 0.53000E+02, 0.31000E+02, 0.20924E+03, 0.99579E+00, 0.19580E-02
 0.54000E+02, 0.31000E+02, 0.20192E+03, 0.11375E+01, 0.16881E-02
 0.55000E+02, 0.31000E+02, 0.20167E+03, 0.10214E+01, 0.18789E-02
 0.56000E+02, 0.31000E+02, 0.19934E+03, 0.10135E+01, 0.18843E-02
 0.57000E+02, 0.31000E+02, 0.19408E+03, 0.83464E+00, 0.22626E-02
 0.58000E+02, 0.31000E+02, 0.18747E+03, 0.81693E+00, 0.22790E-02
 0.59000E+02, 0.31000E+02, 0.22000E+02, 0.30000E+02, 0.00000E+00
 0.60000E+02, 0.31000E+02, 0.29573E+03, 0.23004E+00, 0.99950E-02
 0.61000E+02, 0.31000E+02, 0.31048E+03, 0.25869E+00, 0.91189E-02
 0.62000E+02, 0.31000E+02, 0.33859E+03, 0.22701E+00, 0.10892E-01
 0.63000E+02, 0.31000E+02, 0.32912E+03, 0.26026E+00, 0.93532E-02
 0.64000E+02, 0.31000E+02, 0.29918E+03, 0.31377E+00, 0.73725E-02
 0.65000E+02, 0.31000E+02, 0.29793E+03, 0.31726E+00, 0.72754E-02
 0.00000E+00, 0.32000E+02, 0.10073E+04, 0.19385E+00, 0.26699E-01
 0.10000E+01, 0.32000E+02, 0.95418E+03, 0.20492E+00, 0.24208E-01
 0.20000E+01, 0.32000E+02, 0.85192E+03, 0.16790E+00, 0.27083E-01
 0.30000E+01, 0.32000E+02, 0.82256E+03, 0.13646E+00, 0.32455E-01
 0.40000E+01, 0.32000E+02, 0.81462E+03, 0.13463E+00, 0.32658E-01
 0.50000E+01, 0.32000E+02, 0.74015E+03, 0.12975E+00, 0.31566E-01
 0.60000E+01, 0.32000E+02, 0.21825E+03, 0.34213E+00, 0.58052E-02
 0.70000E+01, 0.32000E+02, 0.22512E+03, 0.31773E+00, 0.63385E-02
 0.80000E+01, 0.32000E+02, 0.70046E+03, 0.24127E+00, 0.16310E-01
 0.90000E+01, 0.32000E+02, 0.83754E+03, 0.21748E+00, 0.20642E-01
 0.10000E+02, 0.32000E+02, 0.85462E+03, 0.15076E+00, 0.30236E-01
 0.11000E+02, 0.32000E+02, 0.82955E+03, 0.16881E+00, 0.26401E-01
 0.12000E+02, 0.32000E+02, 0.72428E+03, 0.13564E+00, 0.29722E-01
 0.13000E+02, 0.32000E+02, 0.76688E+03, 0.14407E+00, 0.29178E-01
 0.14000E+02, 0.32000E+02, 0.91533E+03, 0.16977E+00, 0.28295E-01
 0.15000E+02, 0.32000E+02, 0.89870E+03, 0.21311E+00, 0.22225E-01
 0.16000E+02, 0.32000E+02, 0.97155E+03, 0.22525E+00, 0.22334E-01
 0.17000E+02, 0.32000E+02, 0.91752E+03, 0.15863E+00, 0.30337E-01
 0.18000E+02, 0.32000E+02, 0.78095E+03, 0.14239E+00, 0.29922E-01
 0.19000E+02, 0.32000E+02, 0.49224E+03, 0.17275E+00, 0.17907E-01
 0.20000E+02, 0.32000E+02, 0.38649E+03, 0.10397E+00, 0.25642E-01
 0.21000E+02, 0.32000E+02, 0.37971E+03, 0.10537E+00, 0.25042E-01
 0.22000E+02, 0.32000E+02, 0.37548E+03, 0.98646E-01, 0.26576E-01
 0.23000E+02, 0.32000E+02, 0.35834E+03, 0.94575E-01, 0.26988E-01
 0.24000E+02, 0.32000E+02, 0.36294E+03, 0.98997E-01, 0.25970E-01
 0.25000E+02, 0.32000E+02, 0.34512E+03, 0.91498E-01, 0.27311E-01
 0.26000E+02, 0.32000E+02, 0.35181E+03, 0.92575E-01, 0.27286E-01
 0.27000E+02, 0.32000E+02, 0.36001E+03, 0.96286E-01, 0.26578E-01
 0.28000E+02, 0.32000E+02, 0.37617E+03, 0.10320E+00, 0.25431E-01
 0.29000E+02, 0.32000E+02, 0.35803E+03, 0.99412E-01, 0.25662E-01
 0.30000E+02, 0.32000E+02, 0.36787E+03, 0.15693E+00, 0.16510E-01
 0.31000E+02, 0.32000E+02, 0.33109E+03, 0.16791E+00, 0.14545E-01
 0.32000E+02, 0.32000E+02, 0.33804E+03, 0.17671E+00, 0.13980E-01
 0.33000E+02, 0.32000E+02, 0.31598E+03, 0.16699E+00, 0.14259E-01
 0.34000E+02, 0.32000E+02, 0.32463E+03, 0.16732E+00, 0.14441E-01
 0.35000E+02, 0.32000E+02, 0.36224E+03, 0.22647E+00, 0.11340E-01
 0.36000E+02, 0.32000E+02, 0.36786E+03, 0.23923E+00, 0.10830E-01
 0.37000E+02, 0.32000E+02, 0.41087E+03, 0.26077E+00, 0.10602E-01
 0.38000E+02, 0.32000E+02, 0.39071E+03, 0.26653E+00, 0.10067E-01
 0.39000E+02, 0.32000E+02, 0.41955E+03, 0.24712E+00, 0.11330E-01
 0.40000E+02, 0.32000E+02, 0.41705E+03, 0.23251E+00, 0.11998E-01
 0.41000E+02, 0.32000E+02, 0.40812E+03, 0.19911E+00, 0.13829E-01
 0.42000E+02, 0.32000E+02, 0.31327E+03, 0.15737E+00, 0.15061E-01
 0.43000E+02, 0.32000E+02, 0.30166E+03, 0.15192E+00, 0.15292E-01
 0.44000E+02, 0.32000E+02, 0.31090E+03, 0.14417E+00, 0.16374E-01
 0.45000E+02, 0.32000E+02, 0.30457E+03, 0.13969E+00, 0.16716E-01
 0.46000E+02, 0.32000E+02, 0.31698E+03, 0.13812E+00, 0.17269E-01
 0.47000E+02, 0.32000E+02, 0.34229E+03, 0.13565E+00, 0.18337E-01
 0.48000E+02, 0.32000E+02, 0.20926E+03, 0.10890E+01, 0.17904E-02
 0.49000E+02, 0.32000E+02, 0.21368E+03, 0.11914E+01, 0.16516E-02
 0.50000E+02, 0.32000E+02, 0.21029E+03, 0.11826E+01, 0.16523E-02
 0.51000E+02, 0.32000E+02, 0.21000E+03, 0.10684E+01, 0.18278E-02
 0.52000E+02, 0.32000E+02, 0.20840E+03, 0.96350E+00, 0.20201E-02
 0.53000E+02, 0.32000E+02, 0.20440E+03, 0.13368E+01, 0.14438E-02
 0.54000E+02, 0.32000E+02, 0.20276E+03, 0.11260E+01, 0.17083E-02
 0.55000E+02, 0.32000E+02, 0.20061E+03, 0.10174E+01, 0.18821E-02
 0.56000E+02, 0.32000E+02, 0.20384E+03, 0.89147E+00, 0.21626E-02
 0.57000E+02, 0.32000E+02, 0.20230E+03, 0.74638E+00, 0.25746E-02
 0.58000E+02, 0.32000E+02, 0.18844E+03, 0.76080E+00, 0.24523E-02
 0.59000E+02, 0.32000E+02, 0.22000E+02, 0.30000E+02, 0.00000E+00
 0.60000E+02, 0.32000E+02, 0.30056E+03, 0.21456E+00, 0.10808E-01
 0.61000E+02, 0.32000E+02, 0.33016E+03, 0.22891E+00, 0.10653E-01
 0.62000E+02, 0.32000E+02, 0.33747E+03, 0.21697E+00, 0.11375E-01
 0.63000E+02, 0.32000E+02, 0.31869E+03, 0.25693E+00, 0.93104E-02
 0.64000E+02, 0.32000E+02, 0.29624E+03, 0.32977E+00, 0.69788E-02
 0.65000E+02, 0.32000E+02, 0.28979E+03, 0.35459E+00, 0.64167E-02
 0.00000E+00, 0.33000E+02, 0.81243E+03, 0.22449E+00, 0.19545E-01
 0.10000E+01, 0.33000E+02, 0.79899E+03, 0.21741E+00, 0.19932E-01
 0.20000E+01, 0.33000E+02, 0.88702E+03, 0.20260E+00, 0.23145E-01
 0.30000E+01, 0.33000E+02, 0.83160E+03, 0.14374E+00, 0.31064E-01
 0.40000E+01, 0.33000E+02, 0.81672E+03, 0.13649E+00, 0.32273E-01
 0.50000E+01, 0.33000E+02, 0.77255E+03, 0.13504E+00, 0.31299E-01
 0.60000E+01, 0.33000E+02, 0.22928E+03, 0.36082E+00, 0.56282E-02
 0.70000E+01, 0.33000E+02, 0.23184E+03, 0.31685E+00, 0.64419E-02
 0.80000E+01, 0.33000E+02, 0.68977E+03, 0.21360E+00, 0.18221E-01
 0.90000E+01, 0.33000E+02, 0.80811E+03, 0.27266E+00, 0.16028E-01
 0.10000E+02, 0.33000E+02, 0.81260E+03, 0.16340E+00, 0.26856E-01
 0.11000E+02, 0.33000E+02, 0.80341E+03, 0.14629E+00, 0.29744E-01
 0.12000E+02, 0.33000E+02, 0.70450E+03, 0.15410E+00, 0.25643E-01
 0.13000E+02, 0.33000E+02, 0.83015E+03, 0.14752E+00, 0.30228E-01
 0.14000E+02, 0.33000E+02, 0.85093E+03, 0.21269E+00, 0.21361E-01
 0.15000E+02, 0.33000E+02, 0.89450E+03, 0.27502E+00, 0.17160E-01
 0.16000E+02, 0.33000E+02, 0.95495E+03, 0.19374E+00, 0.25621E-01
 0.17000E+02, 0.33000E+02, 0.87777E+03, 0.15262E+00, 0.30481E-01
 0.18000E+02, 0.33000E+02, 0.76114E+03, 0.15256E+00, 0.27402E-01
 0.19000E+02, 0.33000E+02, 0.40460E+03, 0.19761E+00, 0.13862E-01
 0.20000E+02, 0.33000E+02, 0.36355E+03, 0.10908E+00, 0.23591E-01
 0.21000E+02, 0.33000E+02, 0.36543E+03, 0.10379E+00, 0.24867E-01
 0.22000E+02, 0.33000E+02, 0.36705E+03, 0.10541E+00, 0.24547E-01
 0.23000E+02, 0.33000E+02, 0.36427E+03, 0.10548E+00, 0.24424E-01
 0.24000E+02, 0.33000E+02, 0.36634E+03, 0.10362E+00, 0.24944E-01
 0.25000E+02, 0.33000E+02, 0.34318E+03, 0.97093E-01, 0.25657E-01
 0.26000E+02, 0.33000E+02, 0.33756E+03, 0.91131E-01, 0.27086E-01
 0.27000E+02, 0.33000E+02, 0.33737E+03, 0.89631E-01, 0.27531E-01
 0.28000E+02, 0.33000E+02, 0.34403E+03, 0.97416E-01, 0.25607E-01
 0.29000E+02, 0.33000E+02, 0.34140E+03, 0.99643E-01, 0.24928E-01
 0.30000E+02, 0.33000E+02, 0.39591E+03, 0.15622E+00, 0.17310E-01
 0.31000E+02, 0.33000E+02, 0.34103E+03, 0.18585E+00, 0.13357E-01
 0.32000E+02, 0.33000E+02, 0.34825E+03, 0.19171E+00, 0.13101E-01
 0.33000E+02, 0.33000E+02, 0.36480E+03, 0.20680E+00, 0.12468E-01
 0.34000E+02, 0.33000E+02, 0.37080E+03, 0.22523E+00, 0.11556E-01
 0.35000E+02, 0.33000E+02, 0.37422E+03, 0.25879E+00, 0.10111E-01
 0.36000E+02, 0.33000E+02, 0.46288E+03, 0.27764E+00, 0.10715E-01
 0.37000E+02, 0.33000E+02, 0.56434E+03, 0.26247E+00, 0.12897E-01
 0.38000E+02, 0.33000E+02, 0.65696E+03, 0.21810E+00, 0.17237E-01
 0.39000E+02, 0.33000E+02, 0.47568E+03, 0.23528E+00, 0.12864E-01
 0.40000E+02, 0.33000E+02, 0.44719E+03, 0.21857E+00, 0.13320E-01
 0.41000E+02, 0.33000E+02, 0.40079E+03, 0.19071E+00, 0.14284E-01
 0.42000E+02, 0.33000E+02, 0.31903E+03, 0.16499E+00, 0.14507E-01
 0.43000E+02, 0.33000E+02, 0.29416E+03, 0.16033E+00, 0.14301E-01
 0.44000E+02, 0.33000E+02, 0.29733E+03, 0.14965E+00, 0.15408E-01
 0.45000E+02, 0.33000E+02, 0.29989E+03, 0.14613E+00, 0.15850E-01
 0.46000E+02, 0.33000E+02, 0.30829E+03, 0.14274E+00, 0.16464E-01
 0.47000E+02, 0.33000E+02, 0.34115E+03, 0.13348E+00, 0.18601E-01
 0.48000E+02, 0.33000E+02, 0.20701E+03, 0.11798E+01, 0.16450E-02
 0.49000E+02, 0.33000E+02, 0.20944E+03, 0.11239E+01, 0.17355E-02
 0.50000E+02, 0.33000E+02, 0.20468E+03, 0.96666E+00, 0.19979E-02
 0.51000E+02, 0.33000E+02, 0.20857E+03, 0.12619E+01, 0.15429E-02
 0.52000E+02, 0.33000E+02, 0.20937E+03, 0.95860E+00, 0.20345E-02
 0.53000E+02, 0.33000E+02, 0.20325E+03, 0.91310E+00, 0.21088E-02
 0.54000E+02, 0.33000E+02, 0.20496E+03, 0.10826E+01, 0.17851E-02
 0.55000E+02, 0.33000E+02, 0.20246E+03, 0.10597E+01, 0.18140E-02
 0.56000E+02, 0.33000E+02, 0.20576E+03, 0.90216E+00, 0.21456E-02
 0.57000E+02, 0.33000E+02, 0.20503E+03, 0.76493E+00, 0.25267E-02
 0.58000E+02, 0.33000E+02, 0.19724E+03, 0.70088E+00, 0.27127E-02
 0.59000E+02, 0.33000E+02, 0.22000E+02, 0.30000E+02, 0.00000E+00
 0.60000E+02, 0.33000E+02, 0.30322E+03, 0.23941E+00, 0.97304E-02
 0.61000E+02, 0.33000E+02, 0.32083E+03, 0.20701E+00, 0.11598E-01
 0.62000E+02, 0.33000E+02, 0.33398E+03, 0.20455E+00, 0.11997E-01
 0.63000E+02, 0.33000E+02, 0.31462E+03, 0.24180E+00, 0.98249E-02
 0.64000E+02, 0.33000E+02, 0.29095E+03, 0.33265E+00, 0.68541E-02
 0.65000E+02, 0.33000E+02, 0.31260E+03, 0.27108E+00, 0.87337E-02
 0.00000E+00, 0.34000E+02, 0.68885E+03, 0.23401E+00, 0.16616E-01
 0.10000E+01, 0.34000E+02, 0.81871E+03, 0.20423E+00, 0.21609E-01
 0.20000E+01, 0.34000E+02, 0.90204E+03, 0.19488E+00, 0.24374E-01
 0.30000E+01, 0.34000E+02, 0.86034E+03, 0.15254E+00, 0.30035E-01
 0.40000E+01, 0.34000E+02, 0.84351E+03, 0.14526E+00, 0.31070E-01
 0.50000E+01, 0.34000E+02, 0.77198E+03, 0.13559E+00, 0.31155E-01
 0.60000E+01, 0.34000E+02, 0.25567E+03, 0.36847E+00, 0.58008E-02
 0.70000E+01, 0.34000E+02, 0.23467E+03, 0.32199E+00, 0.63745E-02
 0.80000E+01, 0.34000E+02, 0.64795E+03, 0.20062E+00, 0.18557E-01
 0.90000E+01, 0.34000E+02, 0.64426E+03, 0.28352E+00, 0.13078E-01
 0.10000E+02, 0.34000E+02, 0.80455E+03, 0.23141E+00, 0.18823E-01
 0.11000E+02, 0.34000E+02, 0.63287E+03, 0.26452E+00, 0.13844E-01
 0.12000E+02, 0.34000E+02, 0.59661E+03, 0.24968E+00, 0.14080E-01
 0.13000E+02, 0.34000E+02, 0.59219E+03, 0.46204E+00, 0.75698E-02
 0.14000E+02, 0.34000E+02, 0.72651E+03, 0.32511E+00, 0.12428E-01
 0.15000E+02, 0.34000E+02, 0.79344E+03, 0.47977E+00, 0.89855E-02
 0.16000E+02, 0.34000E+02, 0.84209E+03, 0.17072E+00, 0.26403E-01
 0.17000E+02, 0.34000E+02, 0.86245E+03, 0.15341E+00, 0.29919E-01
 0.18000E+02, 0.34000E+02, 0.71708E+03, 0.14476E+00, 0.27648E-01
 0.19000E+02, 0.34000E+02, 0.34864E+03, 0.16721E+00, 0.15030E-01
 0.20000E+02, 0.34000E+02, 0.34936E+03, 0.14176E+00, 0.17749E-01
 0.21000E+02, 0.34000E+02, 0.34586E+03, 0.15841E+00, 0.15795E-01
 0.22000E+02, 0.34000E+02, 0.35170E+03, 0.14195E+00, 0.17792E-01
 0.23000E+02, 0.34000E+02, 0.35558E+03, 0.13039E+00, 0.19489E-01
 0.24000E+02, 0.34000E+02, 0.34928E+03, 0.12311E+00, 0.20434E-01
 0.25000E+02, 0.34000E+02, 0.33494E+03, 0.10259E+00, 0.23957E-01
 0.26000E+02, 0.34000E+02, 0.33395E+03, 0.91719E-01, 0.26754E-01
 0.27000E+02, 0.34000E+02, 0.32142E+03, 0.93693E-01, 0.25649E-01
 0.28000E+02, 0.34000E+02, 0.31399E+03, 0.90801E-01, 0.26135E-01
 0.29000E+02, 0.34000E+02, 0.29632E+03, 0.87606E-01, 0.26273E-01
 0.30000E+02, 0.34000E+02, 0.37476E+03, 0.17984E+00, 0.14562E-01
 0.31000E+02, 0.34000E+02, 0.35662E+03, 0.17571E+00, 0.14486E-01
 0.32000E+02, 0.34000E+02, 0.33065E+03, 0.19089E+00, 0.12785E-01
 0.33000E+02, 0.34000E+02, 0.35839E+03, 0.20796E+00, 0.12275E-01
 0.34000E+02, 0.34000E+02, 0.37988E+03, 0.22115E+00, 0.11935E-01
 0.35000E+02, 0.34000E+02, 0.43790E+03, 0.23995E+00, 0.11977E-01
 0.36000E+02, 0.34000E+02, 0.52275E+03, 0.25677E+00, 0.12528E-01
 0.37000E+02, 0.34000E+02, 0.68023E+03, 0.24595E+00, 0.15667E-01
 0.38000E+02, 0.34000E+02, 0.88416E+03, 0.17217E+00, 0.27168E-01
 0.39000E+02, 0.34000E+02, 0.59705E+03, 0.23372E+00, 0.15049E-01
 0.40000E+02, 0.34000E+02, 0.49968E+03, 0.20224E+00, 0.15445E-01
 0.41000E+02, 0.34000E+02, 0.39537E+03, 0.18253E+00, 0.14803E-01
 0.42000E+02, 0.34000E+02, 0.35921E+03, 0.17024E+00, 0.15014E-01
 0.43000E+02, 0.34000E+02, 0.33197E+03, 0.15955E+00, 0.15330E-01
 0.44000E+02, 0.34000E+02, 0.30959E+03, 0.15558E+00, 0.15139E-01
 0.45000E+02, 0.34000E+02, 0.31084E+03, 0.15277E+00, 0.15451E-01
 0.46000E+02, 0.34000E+02, 0.32362E+03, 0.14608E+00, 0.16512E-01
 0.47000E+02, 0.34000E+02, 0.33780E+03, 0.12955E+00, 0.19061E-01
 0.48000E+02, 0.34000E+02, 0.20919E+03, 0.14355E+01, 0.13581E-02
 0.49000E+02, 0.34000E+02, 0.20601E+03, 0.12662E+01, 0.15295E-02
 0.50000E+02, 0.34000E+02, 0.20318E+03, 0.12238E+01, 0.15732E-02
 0.51000E+02, 0.34000E+02, 0.19802E+03, 0.10718E+01, 0.17768E-02
 0.52000E+02, 0.34000E+02, 0.20389E+03, 0.10169E+01, 0.18960E-02
 0.53000E+02, 0.34000E+02, 0.20766E+03, 0.11517E+01, 0.16873E-02
 0.54000E+02, 0.34000E+02, 0.20742E+03, 0.99732E+00, 0.19476E-02
 0.55000E+02, 0.34000E+02, 0.20593E+03, 0.85024E+00, 0.22774E-02
 0.56000E+02, 0.34000E+02, 0.20573E+03, 0.80790E+00, 0.23958E-02
 0.57000E+02, 0.34000E+02, 0.19912E+03, 0.74622E+00, 0.25580E-02
 0.58000E+02, 0.34000E+02, 0.18689E+03, 0.70837E+00, 0.26249E-02
 0.59000E+02, 0.34000E+02, 0.22000E+02, 0.30000E+02, 0.00000E+00
 0.60000E+02, 0.34000E+02, 0.29946E+03, 0.21761E+00, 0.10636E-01
 0.61000E+02, 0.34000E+02, 0.30503E+03, 0.21039E+00, 0.11108E-01
 0.62000E+02, 0.34000E+02, 0.31694E+03, 0.20087E+00, 0.11874E-01
 0.63000E+02, 0.34000E+02, 0.30974E+03, 0.24902E+00, 0.94609E-02
 0.64000E+02, 0.34000E+02, 0.30182E+03, 0.30321E+00, 0.76644E-02
 0.65000E+02, 0.34000E+02, 0.30684E+03, 0.26425E+00, 0.88712E-02
 0.00000E+00, 0.35000E+02, 0.62611E+03, 0.24740E+00, 0.14692E-01
 0.10000E+01, 0.35000E+02, 0.68758E+03, 0.21646E+00, 0.17939E-01
 0.20000E+01, 0.35000E+02, 0.84270E+03, 0.17676E+00, 0.25516E-01
 0.30000E+01, 0.35000E+02, 0.85638E+03, 0.15313E+00, 0.29814E-01
 0.40000E+01, 0.35000E+02, 0.80874E+03, 0.14295E+00, 0.30589E-01
 0.50000E+01, 0.35000E+02, 0.75914E+03, 0.13359E+00, 0.31232E-01
 0.60000E+01, 0.35000E+02, 0.29491E+03, 0.37088E+00, 0.61907E-02
 0.70000E+01, 0.35000E+02, 0.24674E+03, 0.33064E+00, 0.63553E-02
 0.80000E+01, 0.35000E+02, 0.55241E+03, 0.30038E+00, 0.11109E-01
 0.90000E+01, 0.35000E+02, 0.59590E+03, 0.30620E+00, 0.11471E-01
 0.10000E+02, 0.35000E+02, 0.66028E+03, 0.26985E+00, 0.13981E-01
 0.11000E+02, 0.35000E+02, 0.54053E+03, 0.39110E+00, 0.84089E-02
 0.12000E+02, 0.35000E+02, 0.53487E+03, 0.43200E+00, 0.75598E-02
 0.13000E+02, 0.35000E+02, 0.62297E+03, 0.35548E+00, 0.10189E-01
 0.14000E+02, 0.35000E+02, 0.70061E+03, 0.36479E+00, 0.10789E-01
 0.15000E+02, 0.35000E+02, 0.78740E+03, 0.43284E+00, 0.99033E-02
 0.16000E+02, 0.35000E+02, 0.86468E+03, 0.16763E+00, 0.27436E-01
 0.17000E+02, 0.35000E+02, 0.75626E+03, 0.18634E+00, 0.22329E-01
 0.18000E+02, 0.35000E+02, 0.52773E+03, 0.31435E+00, 0.10298E-01
 0.19000E+02, 0.35000E+02, 0.36594E+03, 0.50996E+00, 0.50653E-02
 0.20000E+02, 0.35000E+02, 0.34963E+03, 0.60300E+00, 0.41744E-02
 0.21000E+02, 0.35000E+02, 0.36003E+03, 0.48972E+00, 0.52258E-02
 0.22000E+02, 0.35000E+02, 0.36626E+03, 0.48627E+00, 0.53147E-02
 0.23000E+02, 0.35000E+02, 0.35280E+03, 0.85601E+00, 0.29555E-02
 0.24000E+02, 0.35000E+02, 0.38890E+03, 0.63562E+00, 0.42099E-02
 0.25000E+02, 0.35000E+02, 0.40922E+03, 0.67630E+00, 0.40781E-02
 0.26000E+02, 0.35000E+02, 0.43755E+03, 0.55697E+00, 0.51574E-02
 0.27000E+02, 0.35000E+02, 0.48769E+03, 0.45994E+00, 0.66860E-02
 0.28000E+02, 0.35000E+02, 0.61169E+03, 0.49093E+00, 0.72849E-02
 0.29000E+02, 0.35000E+02, 0.83292E+03, 0.20301E+00, 0.22022E-01
 0.30000E+02, 0.35000E+02, 0.85925E+03, 0.16219E+00, 0.28220E-01
 0.31000E+02, 0.35000E+02, 0.62062E+03, 0.41062E+00, 0.87976E-02
 0.32000E+02, 0.35000E+02, 0.49149E+03, 0.48811E+00, 0.63316E-02
 0.33000E+02, 0.35000E+02, 0.46975E+03, 0.47464E+00, 0.63262E-02
 0.34000E+02, 0.35000E+02, 0.45479E+03, 0.41751E+00, 0.70470E-02
 0.35000E+02, 0.35000E+02, 0.52128E+03, 0.40983E+00, 0.78348E-02
 0.36000E+02, 0.35000E+02, 0.42791E+03, 0.51830E+00, 0.54670E-02
 0.37000E+02, 0.35000E+02, 0.39010E+03, 0.67621E+00, 0.39643E-02
 0.38000E+02, 0.35000E+02, 0.56086E+03, 0.31091E+00, 0.10842E-01
 0.39000E+02, 0.35000E+02, 0.31138E+03, 0.33589E+01, 0.70337E-03
 0.40000E+02, 0.35000E+02, 0.32078E+03, 0.44177E+01, 0.54340E-03
 0.41000E+02, 0.35000E+02, 0.33126E+03, 0.46782E+01, 0.52219E-03
 0.42000E+02, 0.35000E+02, 0.33372E+03, 0.42617E+01, 0.57557E-03
 0.43000E+02, 0.35000E+02, 0.33366E+03, 0.42819E+01, 0.57279E-03
 0.44000E+02, 0.35000E+02, 0.32635E+03, 0.30400E+01, 0.79707E-03
 0.45000E+02, 0.35000E+02, 0.32259E+03, 0.27374E+01, 0.87963E-03
 0.46000E+02, 0.35000E+02, 0.32461E+03, 0.27402E+01, 0.88169E-03
 0.47000E+02, 0.35000E+02, 0.33459E+03, 0.29295E+01, 0.83850E-03
 0.48000E+02, 0.35000E+02, 0.35012E+03, 0.45774E+01, 0.55035E-03
 0.49000E+02, 0.35000E+02, 0.33683E+03, 0.36111E+01, 0.68273E-03
 0.50000E+02, 0.35000E+02, 0.32003E+03, 0.32263E+01, 0.74312E-03
 0.51000E+02, 0.35000E+02, 0.31387E+03, 0.27592E+01, 0.85989E-03
 0.52000E+02, 0.35000E+02, 0.30983E+03, 0.27041E+01, 0.87139E-03
 0.53000E+02, 0.35000E+02, 0.31126E+03, 0.29783E+01, 0.79310E-03
 0.54000E+02, 0.35000E+02, 0.30945E+03, 0.29821E+01, 0.78964E-03
 0.55000E+02, 0.35000E+02, 0.30184E+03, 0.28491E+01, 0.81569E-03
 0.56000E+02, 0.35000E+02, 0.27211E+03, 0.17716E+01, 0.12440E-02
 0.57000E+02, 0.35000E+02, 0.25624E+03, 0.10982E+01, 0.19483E-02
 0.58000E+02, 0.35000E+02, 0.25148E+03, 0.11428E+01, 0.18555E-02
 0.59000E+02, 0.35000E+02, 0.25443E+03, 0.88788E+00, 0.24017E-02
 0.60000E+02, 0.35000E+02, 0.26416E+03, 0.32016E+00, 0.67832E-02
 0.61000E+02, 0.35000E+02, 0.26791E+03, 0.25327E+00, 0.86347E-02
 0.62000E+02, 0.35000E+02, 0.30596E+03, 0.21842E+00, 0.10716E-01
 0.63000E+02, 0.35000E+02, 0.30743E+03, 0.22641E+00, 0.10364E-01
 0.64000E+02, 0.35000E+02, 0.31000E+03, 0.26418E+00, 0.89218E-02
 0.65000E+02, 0.35000E+02, 0.29308E+03, 0.30552E+00, 0.74910E-02
 0.00000E+00, 0.36000E+02, 0.63639E+03, 0.21449E+00, 0.17140E-01
 0.10000E+01, 0.36000E+02, 0.64225E+03, 0.21228E+00, 0.17429E-01
 0.20000E+01, 0.36000E+02, 0.75770E+03, 0.17974E+00, 0.23181E-01
 0.30000E+01, 0.36000E+02, 0.82936E+03, 0.15590E+00, 0.28584E-01
 0.40000E+01, 0.36000E+02, 0.78675E+03, 0.14379E+00, 0.29792E-01
 0.50000E+01, 0.36000E+02, 0.76234E+03, 0.13655E+00, 0.30651E-01
 0.60000E+01, 0.36000E+02, 0.28275E+03, 0.36497E+00, 0.61562E-02
 0.70000E+01, 0.36000E+02, 0.26722E+03, 0.33364E+00, 0.65463E-02
 0.80000E+01, 0.36000E+02, 0.49605E+03, 0.39770E+00, 0.78173E-02
 0.90000E+01, 0.36000E+02, 0.45460E+03, 0.55648E+00, 0.52858E-02
 0.10000E+02, 0.36000E+02, 0.45276E+03, 0.59321E+00, 0.49460E-02
 0.11000E+02, 0.36000E+02, 0.50313E+03, 0.45176E+00, 0.69453E-02
 0.12000E+02, 0.36000E+02, 0.56460E+03, 0.35154E+00, 0.96319E-02
 0.13000E+02, 0.36000E+02, 0.62169E+03, 0.30389E+00, 0.11902E-01
 0.14000E+02, 0.36000E+02, 0.71089E+03, 0.29779E+00, 0.13356E-01
 0.15000E+02, 0.36000E+02, 0.75897E+03, 0.20234E+00, 0.20617E-01
 0.16000E+02, 0.36000E+02, 0.77856E+03, 0.16939E+00, 0.25094E-01
 0.17000E+02, 0.36000E+02, 0.54908E+03, 0.32136E+00, 0.10341E-01
 0.18000E+02, 0.36000E+02, 0.42844E+03, 0.34750E+00, 0.81603E-02
 0.19000E+02, 0.36000E+02, 0.39997E+03, 0.33503E+00, 0.81207E-02
 0.20000E+02, 0.36000E+02, 0.38401E+03, 0.42722E+00, 0.62173E-02
 0.21000E+02, 0.36000E+02, 0.36791E+03, 0.57004E+00, 0.45454E-02
 0.22000E+02, 0.36000E+02, 0.37025E+03, 0.62868E+00, 0.41364E-02
 0.23000E+02, 0.36000E+02, 0.37436E+03, 0.81626E+00, 0.32062E-02
 0.24000E+02, 0.36000E+02, 0.44821E+03, 0.85783E+00, 0.33988E-02
 0.25000E+02, 0.36000E+02, 0.51239E+03, 0.56655E+00, 0.56041E-02
 0.26000E+02, 0.36000E+02, 0.53830E+03, 0.46054E+00, 0.71216E-02
 0.27000E+02, 0.36000E+02, 0.53408E+03, 0.41437E+00, 0.78739E-02
 0.28000E+02, 0.36000E+02, 0.75771E+03, 0.20862E+00, 0.19972E-01
 0.29000E+02, 0.36000E+02, 0.84337E+03, 0.18326E+00, 0.24625E-01
 0.30000E+02, 0.36000E+02, 0.70702E+03, 0.46626E+00, 0.84967E-02
 0.31000E+02, 0.36000E+02, 0.50906E+03, 0.61621E+00, 0.51307E-02
 0.32000E+02, 0.36000E+02, 0.46397E+03, 0.45845E+00, 0.64986E-02
 0.33000E+02, 0.36000E+02, 0.46574E+03, 0.44323E+00, 0.67379E-02
 0.34000E+02, 0.36000E+02, 0.49100E+03, 0.45189E+00, 0.68347E-02
 0.35000E+02, 0.36000E+02, 0.51093E+03, 0.42175E+00, 0.75142E-02
 0.36000E+02, 0.36000E+02, 0.48904E+03, 0.45143E+00, 0.68242E-02
 0.37000E+02, 0.36000E+02, 0.44275E+03, 0.50169E+00, 0.57676E-02
 0.38000E+02, 0.36000E+02, 0.37492E+03, 0.69079E+00, 0.37918E-02
 0.39000E+02, 0.36000E+02, 0.32104E+03, 0.19515E+01, 0.12307E-02
 0.40000E+02, 0.36000E+02, 0.32181E+03, 0.28673E+01, 0.83868E-03
 0.41000E+02, 0.36000E+02, 0.32269E+03, 0.27743E+01, 0.86806E-03
 0.42000E+02, 0.36000E+02, 0.33212E+03, 0.36217E+01, 0.67548E-03
 0.43000E+02, 0.36000E+02, 0.33458E+03, 0.31221E+01, 0.78675E-03
 0.44000E+02, 0.36000E+02, 0.33050E+03, 0.24847E+01, 0.98194E-03
 0.45000E+02, 0.36000E+02, 0.32345E+03, 0.19060E+01, 0.12651E-02
 0.46000E+02, 0.36000E+02, 0.33885E+03, 0.24569E+01, 0.10068E-02
 0.47000E+02, 0.36000E+02, 0.34092E+03, 0.24524E+01, 0.10121E-02
 0.48000E+02, 0.36000E+02, 0.36228E+03, 0.39442E+01, 0.65116E-03
 0.49000E+02, 0.36000E+02, 0.34604E+03, 0.29854E+01, 0.83831E-03
 0.50000E+02, 0.36000E+02, 0.31704E+03, 0.20229E+01, 0.11792E-02
 0.51000E+02, 0.36000E+02, 0.30016E+03, 0.17805E+01, 0.13014E-02
 0.52000E+02, 0.36000E+02, 0.29761E+03, 0.19056E+01, 0.12106E-02
 0.53000E+02, 0.36000E+02, 0.29461E+03, 0.18524E+01, 0.12388E-02
 0.54000E+02, 0.36000E+02, 0.27701E+03, 0.13376E+01, 0.16624E-02
 0.55000E+02, 0.36000E+02, 0.26945E+03, 0.12356E+01, 0.17749E-02
 0.56000E+02, 0.36000E+02, 0.26638E+03, 0.93458E+00, 0.23333E-02
 0.57000E+02, 0.36000E+02, 0.26094E+03, 0.42899E+00, 0.50321E-02
 0.58000E+02, 0.36000E+02, 0.26027E+03, 0.48274E+00, 0.44662E-02
 0.59000E+02, 0.36000E+02, 0.26407E+03, 0.52633E+00, 0.41255E-02
 0.60000E+02, 0.36000E+02, 0.25825E+03, 0.51802E+00, 0.41462E-02
 0.61000E+02, 0.36000E+02, 0.28052E+03, 0.33321E+00, 0.67159E-02
 0.62000E+02, 0.36000E+02, 0.28820E+03, 0.27030E+00, 0.83939E-02
 0.63000E+02, 0.36000E+02, 0.28624E+03, 0.25072E+00, 0.90181E-02
 0.64000E+02, 0.36000E+02, 0.30687E+03, 0.23975E+00, 0.97783E-02
 0.65000E+02, 0.36000E+02, 0.27639E+03, 0.34479E+00, 0.64421E-02
 0.00000E+00, 0.37000E+02, 0.62593E+03, 0.19024E+00, 0.19102E-01
 0.10000E+01, 0.37000E+02, 0.64152E+03, 0.19981E+00, 0.18502E-01
 0.20000E+01, 0.37000E+02, 0.76049E+03, 0.16759E+00, 0.24928E-01
 0.30000E+01, 0.37000E+02, 0.77201E+03, 0.15874E+00, 0.26612E-01
 0.40000E+01, 0.37000E+02, 0.76265E+03, 0.14437E+00, 0.29000E-01
 0.50000E+01, 0.37000E+02, 0.75417E+03, 0.13750E+00, 0.30197E-01
 0.60000E+01, 0.37000E+02, 0.29018E+03, 0.34729E+00, 0.65561E-02
 0.70000E+01, 0.37000E+02, 0.29237E+03, 0.32785E+00, 0.69719E-02
 0.80000E+01, 0.37000E+02, 0.49654E+03, 0.32104E+00, 0.96902E-02
 0.90000E+01, 0.37000E+02, 0.45214E+03, 0.45662E+00, 0.64200E-02
 0.10000E+02, 0.37000E+02, 0.47238E+03, 0.47634E+00, 0.63260E-02
 0.11000E+02, 0.37000E+02, 0.50654E+03, 0.39485E+00, 0.79813E-02
 0.12000E+02, 0.37000E+02, 0.56237E+03, 0.30034E+00, 0.11244E-01
 0.13000E+02, 0.37000E+02, 0.57223E+03, 0.31522E+00, 0.10840E-01
 0.14000E+02, 0.37000E+02, 0.66924E+03, 0.24222E+00, 0.15725E-01
 0.15000E+02, 0.37000E+02, 0.67042E+03, 0.24030E+00, 0.15871E-01
 0.16000E+02, 0.37000E+02, 0.48974E+03, 0.40067E+00, 0.76957E-02
 0.17000E+02, 0.37000E+02, 0.43233E+03, 0.47296E+00, 0.60289E-02
 0.18000E+02, 0.37000E+02, 0.43906E+03, 0.30521E+00, 0.94316E-02
 0.19000E+02, 0.37000E+02, 0.41041E+03, 0.30776E+00, 0.89772E-02
 0.20000E+02, 0.37000E+02, 0.39048E+03, 0.40890E+00, 0.65598E-02
 0.21000E+02, 0.37000E+02, 0.39293E+03, 0.44222E+00, 0.60878E-02
 0.22000E+02, 0.37000E+02, 0.41447E+03, 0.44221E+00, 0.62848E-02
 0.23000E+02, 0.37000E+02, 0.44166E+03, 0.47729E+00, 0.60533E-02
 0.24000E+02, 0.37000E+02, 0.48815E+03, 0.48515E+00, 0.63425E-02
 0.25000E+02, 0.37000E+02, 0.53781E+03, 0.44532E+00, 0.73604E-02
 0.26000E+02, 0.37000E+02, 0.58332E+03, 0.35975E+00, 0.96225E-02
 0.27000E+02, 0.37000E+02, 0.60851E+03, 0.31160E+00, 0.11436E-01
 0.28000E+02, 0.37000E+02, 0.71407E+03, 0.22537E+00, 0.17705E-01
 0.29000E+02, 0.37000E+02, 0.75035E+03, 0.28548E+00, 0.14491E-01
 0.30000E+02, 0.37000E+02, 0.60835E+03, 0.60930E+00, 0.58475E-02
 0.31000E+02, 0.37000E+02, 0.46316E+03, 0.50668E+00, 0.58736E-02
 0.32000E+02, 0.37000E+02, 0.44701E+03, 0.44416E+00, 0.65534E-02
 0.33000E+02, 0.37000E+02, 0.44994E+03, 0.45004E+00, 0.64941E-02
 0.34000E+02, 0.37000E+02, 0.45438E+03, 0.55100E+00, 0.53367E-02
 0.35000E+02, 0.37000E+02, 0.47948E+03, 0.44597E+00, 0.68211E-02
 0.36000E+02, 0.37000E+02, 0.44605E+03, 0.59447E+00, 0.48899E-02
 0.37000E+02, 0.37000E+02, 0.38345E+03, 0.10021E+01, 0.26484E-02
 0.38000E+02, 0.37000E+02, 0.37006E+03, 0.89156E+00, 0.29160E-02
 0.39000E+02, 0.37000E+02, 0.31947E+03, 0.21416E+01, 0.11184E-02
 0.40000E+02, 0.37000E+02, 0.32410E+03, 0.25750E+01, 0.93746E-03
 0.41000E+02, 0.37000E+02, 0.33197E+03, 0.34195E+01, 0.71526E-03
 0.42000E+02, 0.37000E+02, 0.33765E+03, 0.40721E+01, 0.60626E-03
 0.43000E+02, 0.37000E+02, 0.32898E+03, 0.25419E+01, 0.95744E-03
 0.44000E+02, 0.37000E+02, 0.31984E+03, 0.18894E+01, 0.12685E-02
 0.45000E+02, 0.37000E+02, 0.32565E+03, 0.19664E+01, 0.12308E-02
 0.46000E+02, 0.37000E+02, 0.32757E+03, 0.20157E+01, 0.12046E-02
 0.47000E+02, 0.37000E+02, 0.33357E+03, 0.20874E+01, 0.11748E-02
 0.48000E+02, 0.37000E+02, 0.32564E+03, 0.18615E+01, 0.13001E-02
 0.49000E+02, 0.37000E+02, 0.31279E+03, 0.14881E+01, 0.15914E-02
 0.50000E+02, 0.37000E+02, 0.30536E+03, 0.16025E+01, 0.14591E-02
 0.51000E+02, 0.37000E+02, 0.30417E+03, 0.18316E+01, 0.12740E-02
 0.52000E+02, 0.37000E+02, 0.29711E+03, 0.17056E+01, 0.13513E-02
 0.53000E+02, 0.37000E+02, 0.29318E+03, 0.17798E+01, 0.12861E-02
 0.54000E+02, 0.37000E+02, 0.27926E+03, 0.13586E+01, 0.16434E-02
 0.55000E+02, 0.37000E+02, 0.27320E+03, 0.12725E+01, 0.17353E-02
 0.56000E+02, 0.37000E+02, 0.26245E+03, 0.43429E+00, 0.49847E-02
 0.57000E+02, 0.37000E+02, 0.27265E+03, 0.33524E+00, 0.65805E-02
 0.58000E+02, 0.37000E+02, 0.26897E+03, 0.40725E+00, 0.53805E-02
 0.59000E+02, 0.37000E+02, 0.26308E+03, 0.52620E+00, 0.41189E-02
 0.60000E+02, 0.37000E+02, 0.26470E+03, 0.41011E+00, 0.53008E-02
 0.61000E+02, 0.37000E+02, 0.27802E+03, 0.39538E+00, 0.56344E-02
 0.62000E+02, 0.37000E+02, 0.27953E+03, 0.44771E+00, 0.49895E-02
 0.63000E+02, 0.37000E+02, 0.28548E+03, 0.29266E+00, 0.77149E-02
 0.64000E+02, 0.37000E+02, 0.29224E+03, 0.25634E+00, 0.89147E-02
 0.65000E+02, 0.37000E+02, 0.27509E+03, 0.34442E+00, 0.64338E-02
 0.00000E+00, 0.38000E+02, 0.59601E+03, 0.18225E+00, 0.19275E-01
 0.10000E+01, 0.38000E+02, 0.69958E+03, 0.17077E+00, 0.23023E-01
 0.20000E+01, 0.38000E+02, 0.74176E+03, 0.15356E+00, 0.26713E-01
 0.30000E+01, 0.38000E+02, 0.71110E+03, 0.14745E+00, 0.26979E-01
 0.40000E+01, 0.38000E+02, 0.69473E+03, 0.14198E+00, 0.27553E-01
 0.50000E+01, 0.38000E+02, 0.68902E+03, 0.14209E+00, 0.27369E-01
 0.60000E+01, 0.38000E+02, 0.30490E+03, 0.33954E+00, 0.68811E-02
 0.70000E+01, 0.38000E+02, 0.38218E+03, 0.34384E+00, 0.77033E-02
 0.80000E+01, 0.38000E+02, 0.49180E+03, 0.28068E+00, 0.11015E-01
 0.90000E+01, 0.38000E+02, 0.46643E+03, 0.38115E+00, 0.78427E-02
 0.10000E+02, 0.38000E+02, 0.48247E+03, 0.39529E+00, 0.77263E-02
 0.11000E+02, 0.38000E+02, 0.51989E+03, 0.33096E+00, 0.96849E-02
 0.12000E+02, 0.38000E+02, 0.53182E+03, 0.32059E+00, 0.10149E-01
 0.13000E+02, 0.38000E+02, 0.53537E+03, 0.34150E+00, 0.95693E-02
 0.14000E+02, 0.38000E+02, 0.63288E+03, 0.24072E+00, 0.15213E-01
 0.15000E+02, 0.38000E+02, 0.59405E+03, 0.27484E+00, 0.12753E-01
 0.16000E+02, 0.38000E+02, 0.45342E+03, 0.36998E+00, 0.79375E-02
 0.17000E+02, 0.38000E+02, 0.42930E+03, 0.34168E+00, 0.83094E-02
 0.18000E+02, 0.38000E+02, 0.46615E+03, 0.24369E+00, 0.12262E-01
 0.19000E+02, 0.38000E+02, 0.43549E+03, 0.23148E+00, 0.12374E-01
 0.20000E+02, 0.38000E+02, 0.40266E+03, 0.34670E+00, 0.78785E-02
 0.21000E+02, 0.38000E+02, 0.40017E+03, 0.42436E+00, 0.64131E-02
 0.22000E+02, 0.38000E+02, 0.39119E+03, 0.53815E+00, 0.49896E-02
 0.23000E+02, 0.38000E+02, 0.45064E+03, 0.43022E+00, 0.67998E-02
 0.24000E+02, 0.38000E+02, 0.47087E+03, 0.42619E+00, 0.70560E-02
 0.25000E+02, 0.38000E+02, 0.52165E+03, 0.50746E+00, 0.63304E-02
 0.26000E+02, 0.38000E+02, 0.58274E+03, 0.35777E+00, 0.96692E-02
 0.27000E+02, 0.38000E+02, 0.63913E+03, 0.29141E+00, 0.12653E-01
 0.28000E+02, 0.38000E+02, 0.59082E+03, 0.35424E+00, 0.98579E-02
 0.29000E+02, 0.38000E+02, 0.48161E+03, 0.51607E+00, 0.59112E-02
 0.30000E+02, 0.38000E+02, 0.39113E+03, 0.58022E+00, 0.46274E-02
 0.31000E+02, 0.38000E+02, 0.37560E+03, 0.51495E+00, 0.50920E-02
 0.32000E+02, 0.38000E+02, 0.43075E+03, 0.43402E+00, 0.65550E-02
 0.33000E+02, 0.38000E+02, 0.42980E+03, 0.42515E+00, 0.66828E-02
 0.34000E+02, 0.38000E+02, 0.38841E+03, 0.64140E+00, 0.41688E-02
 0.35000E+02, 0.38000E+02, 0.39417E+03, 0.70237E+00, 0.38401E-02
 0.36000E+02, 0.38000E+02, 0.32664E+03, 0.13069E+01, 0.18549E-02
 0.37000E+02, 0.38000E+02, 0.34773E+03, 0.11908E+01, 0.21075E-02
 0.38000E+02, 0.38000E+02, 0.31474E+03, 0.18399E+01, 0.12915E-02
 0.39000E+02, 0.38000E+02, 0.31583E+03, 0.25524E+01, 0.93267E-03
 0.40000E+02, 0.38000E+02, 0.32465E+03, 0.24952E+01, 0.96832E-03
 0.41000E+02, 0.38000E+02, 0.33390E+03, 0.35657E+01, 0.68811E-03
 0.42000E+02, 0.38000E+02, 0.33334E+03, 0.35200E+01, 0.69640E-03
 0.43000E+02, 0.38000E+02, 0.32709E+03, 0.26456E+01, 0.91702E-03
 0.44000E+02, 0.38000E+02, 0.31836E+03, 0.18778E+01, 0.12732E-02
 0.45000E+02, 0.38000E+02, 0.31902E+03, 0.18469E+01, 0.12959E-02
 0.46000E+02, 0.38000E+02, 0.31373E+03, 0.15873E+01, 0.14944E-02
 0.47000E+02, 0.38000E+02, 0.32260E+03, 0.16904E+01, 0.14245E-02
 0.48000E+02, 0.38000E+02, 0.32002E+03, 0.16262E+01, 0.14743E-02
 0.49000E+02, 0.38000E+02, 0.31387E+03, 0.14892E+01, 0.15932E-02
 0.50000E+02, 0.38000E+02, 0.29367E+03, 0.11842E+01, 0.19346E-02
 0.51000E+02, 0.38000E+02, 0.28942E+03, 0.12235E+01, 0.18584E-02
 0.52000E+02, 0.38000E+02, 0.28744E+03, 0.12608E+01, 0.17972E-02
 0.53000E+02, 0.38000E+02, 0.28868E+03, 0.14733E+01, 0.15413E-02
 0.54000E+02, 0.38000E+02, 0.28595E+03, 0.13824E+01, 0.16347E-02
 0.55000E+02, 0.38000E+02, 0.27983E+03, 0.13308E+01, 0.16795E-02
 0.56000E+02, 0.38000E+02, 0.26695E+03, 0.74452E+00, 0.29321E-02
 0.57000E+02, 0.38000E+02, 0.27198E+03, 0.39077E+00, 0.56383E-02
 0.58000E+02, 0.38000E+02, 0.27168E+03, 0.32036E+00, 0.68738E-02
 0.59000E+02, 0.38000E+02, 0.27659E+03, 0.28358E+00, 0.78354E-02
 0.60000E+02, 0.38000E+02, 0.27575E+03, 0.34720E+00, 0.63898E-02
 0.61000E+02, 0.38000E+02, 0.27807E+03, 0.38772E+00, 0.57462E-02
 0.62000E+02, 0.38000E+02, 0.27807E+03, 0.46062E+00, 0.48368E-02
 0.63000E+02, 0.38000E+02, 0.28175E+03, 0.39359E+00, 0.56984E-02
 0.64000E+02, 0.38000E+02, 0.28164E+03, 0.38175E+00, 0.58739E-02
 0.65000E+02, 0.38000E+02, 0.28009E+03, 0.29704E+00, 0.75279E-02
 0.00000E+00, 0.39000E+02, 0.56295E+03, 0.21467E+00, 0.15742E-01
 0.10000E+01, 0.39000E+02, 0.64536E+03, 0.17651E+00, 0.21032E-01
 0.20000E+01, 0.39000E+02, 0.68088E+03, 0.15833E+00, 0.24355E-01
 0.30000E+01, 0.39000E+02, 0.57030E+03, 0.19641E+00, 0.17357E-01
 0.40000E+01, 0.39000E+02, 0.58437E+03, 0.17336E+00, 0.19993E-01
 0.50000E+01, 0.39000E+02, 0.53518E+03, 0.19023E+00, 0.17174E-01
 0.60000E+01, 0.39000E+02, 0.42903E+03, 0.32041E+00, 0.88576E-02
 0.70000E+01, 0.39000E+02, 0.44340E+03, 0.31481E+00, 0.91998E-02
 0.80000E+01, 0.39000E+02, 0.48401E+03, 0.27748E+00, 0.11029E-01
 0.90000E+01, 0.39000E+02, 0.48526E+03, 0.29561E+00, 0.10370E-01
 0.10000E+02, 0.39000E+02, 0.50867E+03, 0.25927E+00, 0.12188E-01
 0.11000E+02, 0.39000E+02, 0.50569E+03, 0.26414E+00, 0.11918E-01
 0.12000E+02, 0.39000E+02, 0.47788E+03, 0.32770E+00, 0.92631E-02
 0.13000E+02, 0.39000E+02, 0.49224E+03, 0.32437E+00, 0.95371E-02
 0.14000E+02, 0.39000E+02, 0.56875E+03, 0.26411E+00, 0.12884E-01
 0.15000E+02, 0.39000E+02, 0.52976E+03, 0.28816E+00, 0.11262E-01
 0.16000E+02, 0.39000E+02, 0.46097E+03, 0.29293E+00, 0.10130E-01
 0.17000E+02, 0.39000E+02, 0.46937E+03, 0.25234E+00, 0.11893E-01
 0.18000E+02, 0.39000E+02, 0.49963E+03, 0.23020E+00, 0.13569E-01
 0.19000E+02, 0.39000E+02, 0.46862E+03, 0.21179E+00, 0.14156E-01
 0.20000E+02, 0.39000E+02, 0.42126E+03, 0.26502E+00, 0.10590E-01
 0.21000E+02, 0.39000E+02, 0.41061E+03, 0.39817E+00, 0.69408E-02
 0.22000E+02, 0.39000E+02, 0.39696E+03, 0.54411E+00, 0.49777E-02
 0.23000E+02, 0.39000E+02, 0.41089E+03, 0.54258E+00, 0.50956E-02
 0.24000E+02, 0.39000E+02, 0.40286E+03, 0.74713E+00, 0.36571E-02
 0.25000E+02, 0.39000E+02, 0.40242E+03, 0.78879E+00, 0.34617E-02
 0.26000E+02, 0.39000E+02, 0.41337E+03, 0.71117E+00, 0.39017E-02
 0.27000E+02, 0.39000E+02, 0.38201E+03, 0.65932E+00, 0.40163E-02
 0.28000E+02, 0.39000E+02, 0.36631E+03, 0.62012E+00, 0.41679E-02
 0.29000E+02, 0.39000E+02, 0.36887E+03, 0.60732E+00, 0.42727E-02
 0.30000E+02, 0.39000E+02, 0.35895E+03, 0.54844E+00, 0.46583E-02
 0.31000E+02, 0.39000E+02, 0.39360E+03, 0.51695E+00, 0.52131E-02
 0.32000E+02, 0.39000E+02, 0.41546E+03, 0.43216E+00, 0.64403E-02
 0.33000E+02, 0.39000E+02, 0.40705E+03, 0.47713E+00, 0.57620E-02
 0.34000E+02, 0.39000E+02, 0.34756E+03, 0.81795E+00, 0.30672E-02
 0.35000E+02, 0.39000E+02, 0.32200E+03, 0.11164E+01, 0.21548E-02
 0.36000E+02, 0.39000E+02, 0.29328E+03, 0.12117E+01, 0.18894E-02
 0.37000E+02, 0.39000E+02, 0.28957E+03, 0.19551E+01, 0.11633E-02
 0.38000E+02, 0.39000E+02, 0.30795E+03, 0.21611E+01, 0.10868E-02
 0.39000E+02, 0.39000E+02, 0.31260E+03, 0.24472E+01, 0.96745E-03
 0.40000E+02, 0.39000E+02, 0.31920E+03, 0.26447E+01, 0.90526E-03
 0.41000E+02, 0.39000E+02, 0.32656E+03, 0.28938E+01, 0.83763E-03
 0.42000E+02, 0.39000E+02, 0.32648E+03, 0.29159E+01, 0.83118E-03
 0.43000E+02, 0.39000E+02, 0.32307E+03, 0.26415E+01, 0.91231E-03
 0.44000E+02, 0.39000E+02, 0.32072E+03, 0.21517E+01, 0.11155E-02
 0.45000E+02, 0.39000E+02, 0.31542E+03, 0.17546E+01, 0.13558E-02
 0.46000E+02, 0.39000E+02, 0.32143E+03, 0.22051E+01, 0.10898E-02
 0.47000E+02, 0.39000E+02, 0.30962E+03, 0.16225E+01, 0.14517E-02
 0.48000E+02, 0.39000E+02, 0.30527E+03, 0.14447E+01, 0.16183E-02
 0.49000E+02, 0.39000E+02, 0.30448E+03, 0.13602E+01, 0.17164E-02
 0.50000E+02, 0.39000E+02, 0.29165E+03, 0.11075E+01, 0.20613E-02
 0.51000E+02, 0.39000E+02, 0.28434E+03, 0.10178E+01, 0.22139E-02
 0.52000E+02, 0.39000E+02, 0.28182E+03, 0.11007E+01, 0.20379E-02
 0.53000E+02, 0.39000E+02, 0.28208E+03, 0.11454E+01, 0.19594E-02
 0.54000E+02, 0.39000E+02, 0.28212E+03, 0.12542E+01, 0.17894E-02
 0.55000E+02, 0.39000E+02, 0.28226E+03, 0.13426E+01, 0.16721E-02
 0.56000E+02, 0.39000E+02, 0.27212E+03, 0.12089E+01, 0.18230E-02
 0.57000E+02, 0.39000E+02, 0.27280E+03, 0.80101E+00, 0.27548E-02
 0.58000E+02, 0.39000E+02, 0.26819E+03, 0.47624E+00, 0.45944E-02
 0.59000E+02, 0.39000E+02, 0.27393E+03, 0.30150E+00, 0.73340E-02
 0.60000E+02, 0.39000E+02, 0.27828E+03, 0.28082E+00, 0.79366E-02
 0.61000E+02, 0.39000E+02, 0.27711E+03, 0.33849E+00, 0.65706E-02
 0.62000E+02, 0.39000E+02, 0.27590E+03, 0.36263E+00, 0.61197E-02
 0.63000E+02, 0.39000E+02, 0.27436E+03, 0.42894E+00, 0.51591E-02
 0.64000E+02, 0.39000E+02, 0.27562E+03, 0.45977E+00, 0.48242E-02
 0.65000E+02, 0.39000E+02, 0.26806E+03, 0.46045E+00, 0.47508E-02
 0.00000E+00, 0.40000E+02, 0.55510E+03, 0.19359E+00, 0.17292E-01
 0.10000E+01, 0.40000E+02, 0.54344E+03, 0.21169E+00, 0.15591E-01
 0.20000E+01, 0.40000E+02, 0.56084E+03, 0.19676E+00, 0.17131E-01
 0.30000E+01, 0.40000E+02, 0.47033E+03, 0.24975E+00, 0.12032E-01
 0.40000E+01, 0.40000E+02, 0.45959E+03, 0.24006E+00, 0.12337E-01
 0.50000E+01, 0.40000E+02, 0.41114E+03, 0.27974E+00, 0.98869E-02
 0.60000E+01, 0.40000E+02, 0.38169E+03, 0.31000E+00, 0.85379E-02
 0.70000E+01, 0.40000E+02, 0.37995E+03, 0.30452E+00, 0.86684E-02
 0.80000E+01, 0.40000E+02, 0.49932E+03, 0.25498E+00, 0.12245E-01
 0.90000E+01, 0.40000E+02, 0.46993E+03, 0.27121E+00, 0.11074E-01
 0.10000E+02, 0.40000E+02, 0.45620E+03, 0.28126E+00, 0.10481E-01
 0.11000E+02, 0.40000E+02, 0.44514E+03, 0.32781E+00, 0.88564E-02
 0.12000E+02, 0.40000E+02, 0.40951E+03, 0.45075E+00, 0.61214E-02
 0.13000E+02, 0.40000E+02, 0.40491E+03, 0.45956E+00, 0.59636E-02
 0.14000E+02, 0.40000E+02, 0.43743E+03, 0.34499E+00, 0.83250E-02
 0.15000E+02, 0.40000E+02, 0.46018E+03, 0.30469E+00, 0.97281E-02
 0.16000E+02, 0.40000E+02, 0.44382E+03, 0.28554E+00, 0.10149E-01
 0.17000E+02, 0.40000E+02, 0.45458E+03, 0.24781E+00, 0.11869E-01
 0.18000E+02, 0.40000E+02, 0.48506E+03, 0.20894E+00, 0.14667E-01
 0.19000E+02, 0.40000E+02, 0.41886E+03, 0.28980E+00, 0.96513E-02
 0.20000E+02, 0.40000E+02, 0.41669E+03, 0.34954E+00, 0.79767E-02
 0.21000E+02, 0.40000E+02, 0.41980E+03, 0.43258E+00, 0.64746E-02
 0.22000E+02, 0.40000E+02, 0.40173E+03, 0.60769E+00, 0.44888E-02
 0.23000E+02, 0.40000E+02, 0.38420E+03, 0.68049E+00, 0.39044E-02
 0.24000E+02, 0.40000E+02, 0.35276E+03, 0.83977E+00, 0.30125E-02
 0.25000E+02, 0.40000E+02, 0.34500E+03, 0.81318E+00, 0.30724E-02
 0.26000E+02, 0.40000E+02, 0.34015E+03, 0.67716E+00, 0.36607E-02
 0.27000E+02, 0.40000E+02, 0.33174E+03, 0.65007E+00, 0.37609E-02
 0.28000E+02, 0.40000E+02, 0.34761E+03, 0.67917E+00, 0.36942E-02
 0.29000E+02, 0.40000E+02, 0.39030E+03, 0.73095E+00, 0.36686E-02
 0.30000E+02, 0.40000E+02, 0.37849E+03, 0.55789E+00, 0.47211E-02
 0.31000E+02, 0.40000E+02, 0.38289E+03, 0.49665E+00, 0.53390E-02
 0.32000E+02, 0.40000E+02, 0.39861E+03, 0.44642E+00, 0.60820E-02
 0.33000E+02, 0.40000E+02, 0.39855E+03, 0.44553E+00, 0.60937E-02
 0.34000E+02, 0.40000E+02, 0.34797E+03, 0.65757E+00, 0.38178E-02
 0.35000E+02, 0.40000E+02, 0.31339E+03, 0.11032E+01, 0.21488E-02
 0.36000E+02, 0.40000E+02, 0.29666E+03, 0.11278E+01, 0.20421E-02
 0.37000E+02, 0.40000E+02, 0.29052E+03, 0.18633E+01, 0.12227E-02
 0.38000E+02, 0.40000E+02, 0.30989E+03, 0.23902E+01, 0.98590E-03
 0.39000E+02, 0.40000E+02, 0.31568E+03, 0.23447E+01, 0.10151E-02
 0.40000E+02, 0.40000E+02, 0.31582E+03, 0.31173E+01, 0.76366E-03
 0.41000E+02, 0.40000E+02, 0.32062E+03, 0.26919E+01, 0.89153E-03
 0.42000E+02, 0.40000E+02, 0.32134E+03, 0.29102E+01, 0.82566E-03
 0.43000E+02, 0.40000E+02, 0.32025E+03, 0.28559E+01, 0.83981E-03
 0.44000E+02, 0.40000E+02, 0.32827E+03, 0.27549E+01, 0.88238E-03
 0.45000E+02, 0.40000E+02, 0.35426E+03, 0.43214E+01, 0.58681E-03
 0.46000E+02, 0.40000E+02, 0.36530E+03, 0.50915E+01, 0.50682E-03
 0.47000E+02, 0.40000E+02, 0.35631E+03, 0.38185E+01, 0.66628E-03
 0.48000E+02, 0.40000E+02, 0.33765E+03, 0.27543E+01, 0.89632E-03
 0.49000E+02, 0.40000E+02, 0.32419E+03, 0.19729E+01, 0.12237E-02
 0.50000E+02, 0.40000E+02, 0.29565E+03, 0.12417E+01, 0.18515E-02
 0.51000E+02, 0.40000E+02, 0.28540E+03, 0.10974E+01, 0.20572E-02
 0.52000E+02, 0.40000E+02, 0.28161E+03, 0.11196E+01, 0.20028E-02
 0.53000E+02, 0.40000E+02, 0.28150E+03, 0.11893E+01, 0.18849E-02
 0.54000E+02, 0.40000E+02, 0.28260E+03, 0.13631E+01, 0.16479E-02
 0.55000E+02, 0.40000E+02, 0.28149E+03, 0.12519E+01, 0.17907E-02
 0.56000E+02, 0.40000E+02, 0.28140E+03, 0.12445E+01, 0.18010E-02
 0.57000E+02, 0.40000E+02, 0.27463E+03, 0.11576E+01, 0.19126E-02
 0.58000E+02, 0.40000E+02, 0.26659E+03, 0.66913E+00, 0.32602E-02
 0.59000E+02, 0.40000E+02, 0.26991E+03, 0.47371E+00, 0.46335E-02
 0.60000E+02, 0.40000E+02, 0.27061E+03, 0.52049E+00, 0.42225E-02
 0.61000E+02, 0.40000E+02, 0.27173E+03, 0.31799E+00, 0.69256E-02
 0.62000E+02, 0.40000E+02, 0.27208E+03, 0.34276E+00, 0.64295E-02
 0.63000E+02, 0.40000E+02, 0.27093E+03, 0.49212E+00, 0.44686E-02
 0.64000E+02, 0.40000E+02, 0.27067E+03, 0.55311E+00, 0.39740E-02
 0.65000E+02, 0.40000E+02, 0.26518E+03, 0.55504E+00, 0.39202E-02
 0.00000E+00, 0.41000E+02, 0.58609E+03, 0.15763E+00, 0.22031E-01
 0.10000E+01, 0.41000E+02, 0.54792E+03, 0.17111E+00, 0.19395E-01
 0.20000E+01, 0.41000E+02, 0.52615E+03, 0.20920E+00, 0.15443E-01
 0.30000E+01, 0.41000E+02, 0.52278E+03, 0.21390E+00, 0.15039E-01
 0.40000E+01, 0.41000E+02, 0.53000E+03, 0.19531E+00, 0.16620E-01
 0.50000E+01, 0.41000E+02, 0.51635E+03, 0.16872E+00, 0.18913E-01
 0.60000E+01, 0.41000E+02, 0.36511E+03, 0.28973E+00, 0.89040E-02
 0.70000E+01, 0.41000E+02, 0.37135E+03, 0.29706E+00, 0.87691E-02
 0.80000E+01, 0.41000E+02, 0.49158E+03, 0.23856E+00, 0.12956E-01
 0.90000E+01, 0.41000E+02, 0.48927E+03, 0.22934E+00, 0.13437E-01
 0.10000E+02, 0.41000E+02, 0.44801E+03, 0.27412E+00, 0.10633E-01
 0.11000E+02, 0.41000E+02, 0.43789E+03, 0.30442E+00, 0.94406E-02
 0.12000E+02, 0.41000E+02, 0.43670E+03, 0.32466E+00, 0.88374E-02
 0.13000E+02, 0.41000E+02, 0.42349E+03, 0.36247E+00, 0.77681E-02
 0.14000E+02, 0.41000E+02, 0.40370E+03, 0.40304E+00, 0.67876E-02
 0.15000E+02, 0.41000E+02, 0.42803E+03, 0.29830E+00, 0.95005E-02
 0.16000E+02, 0.41000E+02, 0.42013E+03, 0.29115E+00, 0.96242E-02
 0.17000E+02, 0.41000E+02, 0.43027E+03, 0.25788E+00, 0.11025E-01
 0.18000E+02, 0.41000E+02, 0.41228E+03, 0.27564E+00, 0.10051E-01
 0.19000E+02, 0.41000E+02, 0.39550E+03, 0.32859E+00, 0.82247E-02
 0.20000E+02, 0.41000E+02, 0.40352E+03, 0.39065E+00, 0.70011E-02
 0.21000E+02, 0.41000E+02, 0.42501E+03, 0.40351E+00, 0.69932E-02
 0.22000E+02, 0.41000E+02, 0.42252E+03, 0.51030E+00, 0.55101E-02
 0.23000E+02, 0.41000E+02, 0.38548E+03, 0.68860E+00, 0.38659E-02
 0.24000E+02, 0.41000E+02, 0.36153E+03, 0.74565E+00, 0.34403E-02
 0.25000E+02, 0.41000E+02, 0.35823E+03, 0.66198E+00, 0.38550E-02
 0.26000E+02, 0.41000E+02, 0.34292E+03, 0.69403E+00, 0.35878E-02
 0.27000E+02, 0.41000E+02, 0.34176E+03, 0.69049E+00, 0.35994E-02
 0.28000E+02, 0.41000E+02, 0.35959E+03, 0.62134E+00, 0.41160E-02
 0.29000E+02, 0.41000E+02, 0.36749E+03, 0.63031E+00, 0.41080E-02
 0.30000E+02, 0.41000E+02, 0.36832E+03, 0.59656E+00, 0.43461E-02
 0.31000E+02, 0.41000E+02, 0.35953E+03, 0.53037E+00, 0.48215E-02
 0.32000E+02, 0.41000E+02, 0.35952E+03, 0.51313E+00, 0.49834E-02
 0.33000E+02, 0.41000E+02, 0.34738E+03, 0.60360E+00, 0.41551E-02
 0.34000E+02, 0.41000E+02, 0.30579E+03, 0.12519E+01, 0.18692E-02
 0.35000E+02, 0.41000E+02, 0.29263E+03, 0.15251E+01, 0.14995E-02
 0.36000E+02, 0.41000E+02, 0.29582E+03, 0.19759E+01, 0.11639E-02
 0.37000E+02, 0.41000E+02, 0.30268E+03, 0.23243E+01, 0.10014E-02
 0.38000E+02, 0.41000E+02, 0.31145E+03, 0.26126E+01, 0.90442E-03
 0.39000E+02, 0.41000E+02, 0.31382E+03, 0.29167E+01, 0.81341E-03
 0.40000E+02, 0.41000E+02, 0.31679E+03, 0.29303E+01, 0.81372E-03
 0.41000E+02, 0.41000E+02, 0.31979E+03, 0.28050E+01, 0.85439E-03
 0.42000E+02, 0.41000E+02, 0.31906E+03, 0.32314E+01, 0.74074E-03
 0.43000E+02, 0.41000E+02, 0.32246E+03, 0.33675E+01, 0.71488E-03
 0.44000E+02, 0.41000E+02, 0.33516E+03, 0.37378E+01, 0.65778E-03
 0.45000E+02, 0.41000E+02, 0.34677E+03, 0.47216E+01, 0.53067E-03
 0.46000E+02, 0.41000E+02, 0.37498E+03, 0.66053E+01, 0.39659E-03
 0.47000E+02, 0.41000E+02, 0.39532E+03, 0.91247E+01, 0.29610E-03
 0.48000E+02, 0.41000E+02, 0.36484E+03, 0.46222E+01, 0.55788E-03
 0.49000E+02, 0.41000E+02, 0.34503E+03, 0.30309E+01, 0.82437E-03
 0.50000E+02, 0.41000E+02, 0.30075E+03, 0.18815E+01, 0.12328E-02
 0.51000E+02, 0.41000E+02, 0.29519E+03, 0.16285E+01, 0.14106E-02
 0.52000E+02, 0.41000E+02, 0.28448E+03, 0.14091E+01, 0.15995E-02
 0.53000E+02, 0.41000E+02, 0.28434E+03, 0.17133E+01, 0.13151E-02
 0.54000E+02, 0.41000E+02, 0.28405E+03, 0.16695E+01, 0.13490E-02
 0.55000E+02, 0.41000E+02, 0.28093E+03, 0.13133E+01, 0.17052E-02
 0.56000E+02, 0.41000E+02, 0.27527E+03, 0.84485E+00, 0.26237E-02
 0.57000E+02, 0.41000E+02, 0.27429E+03, 0.91512E+00, 0.24179E-02
 0.58000E+02, 0.41000E+02, 0.26652E+03, 0.70187E+00, 0.31078E-02
 0.59000E+02, 0.41000E+02, 0.26717E+03, 0.42929E+00, 0.50872E-02
 0.60000E+02, 0.41000E+02, 0.26902E+03, 0.42276E+00, 0.51835E-02
 0.61000E+02, 0.41000E+02, 0.26773E+03, 0.30407E+00, 0.71896E-02
 0.62000E+02, 0.41000E+02, 0.27068E+03, 0.40214E+00, 0.54659E-02
 0.63000E+02, 0.41000E+02, 0.26900E+03, 0.65267E+00, 0.33574E-02
 0.64000E+02, 0.41000E+02, 0.26889E+03, 0.58716E+00, 0.37312E-02
 0.65000E+02, 0.41000E+02, 0.26460E+03, 0.48800E+00, 0.44539E-02
 0.00000E+00, 0.42000E+02, 0.64238E+03, 0.20200E+00, 0.18319E-01
 0.10000E+01, 0.42000E+02, 0.55163E+03, 0.17475E+00, 0.19076E-01
 0.20000E+01, 0.42000E+02, 0.49892E+03, 0.17889E+00, 0.17444E-01
 0.30000E+01, 0.42000E+02, 0.54579E+03, 0.15216E+00, 0.21754E-01
 0.40000E+01, 0.42000E+02, 0.55690E+03, 0.14749E+00, 0.22747E-01
 0.50000E+01, 0.42000E+02, 0.51943E+03, 0.14631E+00, 0.21896E-01
 0.60000E+01, 0.42000E+02, 0.34483E+03, 0.26054E+00, 0.95869E-02
 0.70000E+01, 0.42000E+02, 0.34293E+03, 0.27501E+00, 0.90547E-02
 0.80000E+01, 0.42000E+02, 0.48180E+03, 0.20896E+00, 0.14602E-01
 0.90000E+01, 0.42000E+02, 0.47809E+03, 0.21466E+00, 0.14145E-01
 0.10000E+02, 0.42000E+02, 0.46322E+03, 0.24428E+00, 0.12184E-01
 0.11000E+02, 0.42000E+02, 0.45731E+03, 0.24306E+00, 0.12147E-01
 0.12000E+02, 0.42000E+02, 0.43449E+03, 0.28962E+00, 0.98757E-02
 0.13000E+02, 0.42000E+02, 0.42545E+03, 0.32353E+00, 0.87274E-02
 0.14000E+02, 0.42000E+02, 0.41196E+03, 0.33484E+00, 0.82699E-02
 0.15000E+02, 0.42000E+02, 0.41119E+03, 0.32878E+00, 0.84129E-02
 0.16000E+02, 0.42000E+02, 0.39142E+03, 0.37825E+00, 0.71013E-02
 0.17000E+02, 0.42000E+02, 0.38272E+03, 0.39357E+00, 0.67355E-02
 0.18000E+02, 0.42000E+02, 0.37278E+03, 0.44315E+00, 0.58913E-02
 0.19000E+02, 0.42000E+02, 0.37282E+03, 0.46394E+00, 0.56276E-02
 0.20000E+02, 0.42000E+02, 0.38265E+03, 0.45558E+00, 0.58181E-02
 0.21000E+02, 0.42000E+02, 0.39190E+03, 0.43840E+00, 0.61315E-02
 0.22000E+02, 0.42000E+02, 0.41924E+03, 0.40659E+00, 0.68828E-02
 0.23000E+02, 0.42000E+02, 0.41936E+03, 0.46690E+00, 0.59949E-02
 0.24000E+02, 0.42000E+02, 0.39032E+03, 0.61182E+00, 0.43830E-02
 0.25000E+02, 0.42000E+02, 0.36836E+03, 0.60962E+00, 0.42533E-02
 0.26000E+02, 0.42000E+02, 0.35623E+03, 0.62455E+00, 0.40731E-02
 0.27000E+02, 0.42000E+02, 0.34853E+03, 0.61749E+00, 0.40692E-02
 0.28000E+02, 0.42000E+02, 0.36339E+03, 0.55780E+00, 0.46124E-02
 0.29000E+02, 0.42000E+02, 0.36146E+03, 0.56127E+00, 0.45700E-02
 0.30000E+02, 0.42000E+02, 0.35213E+03, 0.60409E+00, 0.41836E-02
 0.31000E+02, 0.42000E+02, 0.35431E+03, 0.55413E+00, 0.45767E-02
 0.32000E+02, 0.42000E+02, 0.33720E+03, 0.59254E+00, 0.41633E-02
 0.33000E+02, 0.42000E+02, 0.29858E+03, 0.99089E+00, 0.23321E-02
 0.34000E+02, 0.42000E+02, 0.29426E+03, 0.10568E+01, 0.21700E-02
 0.35000E+02, 0.42000E+02, 0.29690E+03, 0.17205E+01, 0.13392E-02
 0.36000E+02, 0.42000E+02, 0.30407E+03, 0.22926E+01, 0.10176E-02
 0.37000E+02, 0.42000E+02, 0.31130E+03, 0.29302E+01, 0.80618E-03
 0.38000E+02, 0.42000E+02, 0.31338E+03, 0.31315E+01, 0.75704E-03
 0.39000E+02, 0.42000E+02, 0.31541E+03, 0.31594E+01, 0.75294E-03
 0.40000E+02, 0.42000E+02, 0.31692E+03, 0.31331E+01, 0.76122E-03
 0.41000E+02, 0.42000E+02, 0.31767E+03, 0.32886E+01, 0.72615E-03
 0.42000E+02, 0.42000E+02, 0.31713E+03, 0.35337E+01, 0.67516E-03
 0.43000E+02, 0.42000E+02, 0.31725E+03, 0.32842E+01, 0.72659E-03
 0.44000E+02, 0.42000E+02, 0.31785E+03, 0.33268E+01, 0.71803E-03
 0.45000E+02, 0.42000E+02, 0.36008E+03, 0.58523E+01, 0.43733E-03
 0.46000E+02, 0.42000E+02, 0.35856E+03, 0.57204E+01, 0.44634E-03
 0.47000E+02, 0.42000E+02, 0.40753E+03, 0.10598E+02, 0.25958E-03
 0.48000E+02, 0.42000E+02, 0.38882E+03, 0.88110E+01, 0.30366E-03
 0.49000E+02, 0.42000E+02, 0.35554E+03, 0.42466E+01, 0.59838E-03
 0.50000E+02, 0.42000E+02, 0.30339E+03, 0.25590E+01, 0.91064E-03
 0.51000E+02, 0.42000E+02, 0.29356E+03, 0.21135E+01, 0.10838E-02
 0.52000E+02, 0.42000E+02, 0.28813E+03, 0.18573E+01, 0.12214E-02
 0.53000E+02, 0.42000E+02, 0.28507E+03, 0.18820E+01, 0.11989E-02
 0.54000E+02, 0.42000E+02, 0.28330E+03, 0.14271E+01, 0.15760E-02
 0.55000E+02, 0.42000E+02, 0.28016E+03, 0.12480E+01, 0.17920E-02
 0.56000E+02, 0.42000E+02, 0.27375E+03, 0.80179E+00, 0.27569E-02
 0.57000E+02, 0.42000E+02, 0.26949E+03, 0.72709E+00, 0.30165E-02
 0.58000E+02, 0.42000E+02, 0.27256E+03, 0.88313E+00, 0.24975E-02
 0.59000E+02, 0.42000E+02, 0.27271E+03, 0.79264E+00, 0.27834E-02
 0.60000E+02, 0.42000E+02, 0.27071E+03, 0.64142E+00, 0.34271E-02
 0.61000E+02, 0.42000E+02, 0.27045E+03, 0.47568E+00, 0.46190E-02
 0.62000E+02, 0.42000E+02, 0.27234E+03, 0.41015E+00, 0.53755E-02
 0.63000E+02, 0.42000E+02, 0.27137E+03, 0.40981E+00, 0.53704E-02
 0.64000E+02, 0.42000E+02, 0.26929E+03, 0.55998E+00, 0.39152E-02
 0.65000E+02, 0.42000E+02, 0.26304E+03, 0.51232E+00, 0.42301E-02
 0.00000E+00, 0.43000E+02, 0.95747E+03, 0.21641E+00, 0.22984E-01
 0.10000E+01, 0.43000E+02, 0.69720E+03, 0.20052E+00, 0.19559E-01
 0.20000E+01, 0.43000E+02, 0.54145E+03, 0.18031E+00, 0.18261E-01
 0.30000E+01, 0.43000E+02, 0.49809E+03, 0.15995E+00, 0.19488E-01
 0.40000E+01, 0.43000E+02, 0.48630E+03, 0.14613E+00, 0.21005E-01
 0.50000E+01, 0.43000E+02, 0.48837E+03, 0.14857E+00, 0.20717E-01
 0.60000E+01, 0.43000E+02, 0.31851E+03, 0.24894E+00, 0.96062E-02
 0.70000E+01, 0.43000E+02, 0.33092E+03, 0.25441E+00, 0.95968E-02
 0.80000E+01, 0.43000E+02, 0.46108E+03, 0.20230E+00, 0.14669E-01
 0.90000E+01, 0.43000E+02, 0.44479E+03, 0.21150E+00, 0.13720E-01
 0.10000E+02, 0.43000E+02, 0.46465E+03, 0.21384E+00, 0.13945E-01
 0.11000E+02, 0.43000E+02, 0.45844E+03, 0.24391E+00, 0.12123E-01
 0.12000E+02, 0.43000E+02, 0.45476E+03, 0.24307E+00, 0.12104E-01
 0.13000E+02, 0.43000E+02, 0.42346E+03, 0.28691E+00, 0.98136E-02
 0.14000E+02, 0.43000E+02, 0.42129E+03, 0.28150E+00, 0.99707E-02
 0.15000E+02, 0.43000E+02, 0.43368E+03, 0.26386E+00, 0.10827E-01
 0.16000E+02, 0.43000E+02, 0.39424E+03, 0.31418E+00, 0.85857E-02
 0.17000E+02, 0.43000E+02, 0.38326E+03, 0.30614E+00, 0.86662E-02
 0.18000E+02, 0.43000E+02, 0.37740E+03, 0.35135E+00, 0.74838E-02
 0.19000E+02, 0.43000E+02, 0.36456E+03, 0.43906E+00, 0.58706E-02
 0.20000E+02, 0.43000E+02, 0.36814E+03, 0.49392E+00, 0.52478E-02
 0.21000E+02, 0.43000E+02, 0.37483E+03, 0.48601E+00, 0.53889E-02
 0.22000E+02, 0.43000E+02, 0.37983E+03, 0.48980E+00, 0.53884E-02
 0.23000E+02, 0.43000E+02, 0.40901E+03, 0.40384E+00, 0.68275E-02
 0.24000E+02, 0.43000E+02, 0.40894E+03, 0.40691E+00, 0.67752E-02
 0.25000E+02, 0.43000E+02, 0.37827E+03, 0.54869E+00, 0.47986E-02
 0.26000E+02, 0.43000E+02, 0.36301E+03, 0.57758E+00, 0.44518E-02
 0.27000E+02, 0.43000E+02, 0.35481E+03, 0.58051E+00, 0.43722E-02
 0.28000E+02, 0.43000E+02, 0.34826E+03, 0.54881E+00, 0.45765E-02
 0.29000E+02, 0.43000E+02, 0.34602E+03, 0.57883E+00, 0.43235E-02
 0.30000E+02, 0.43000E+02, 0.35352E+03, 0.63273E+00, 0.40031E-02
 0.31000E+02, 0.43000E+02, 0.31800E+03, 0.78300E+00, 0.30515E-02
 0.32000E+02, 0.43000E+02, 0.28776E+03, 0.98065E+00, 0.23118E-02
 0.33000E+02, 0.43000E+02, 0.28625E+03, 0.88263E+00, 0.25617E-02
 0.34000E+02, 0.43000E+02, 0.29436E+03, 0.12251E+01, 0.18723E-02
 0.35000E+02, 0.43000E+02, 0.30175E+03, 0.18550E+01, 0.12526E-02
 0.36000E+02, 0.43000E+02, 0.30744E+03, 0.22276E+01, 0.10534E-02
 0.37000E+02, 0.43000E+02, 0.31160E+03, 0.20599E+01, 0.11474E-02
 0.38000E+02, 0.43000E+02, 0.30864E+03, 0.33169E+01, 0.70894E-03
 0.39000E+02, 0.43000E+02, 0.31419E+03, 0.37144E+01, 0.63912E-03
 0.40000E+02, 0.43000E+02, 0.31385E+03, 0.37076E+01, 0.63991E-03
 0.41000E+02, 0.43000E+02, 0.31454E+03, 0.38110E+01, 0.62328E-03
 0.42000E+02, 0.43000E+02, 0.31629E+03, 0.37059E+01, 0.64287E-03
 0.43000E+02, 0.43000E+02, 0.31627E+03, 0.33998E+01, 0.70072E-03
 0.44000E+02, 0.43000E+02, 0.31737E+03, 0.35488E+01, 0.67256E-03
 0.45000E+02, 0.43000E+02, 0.33814E+03, 0.48858E+01, 0.50570E-03
 0.46000E+02, 0.43000E+02, 0.35897E+03, 0.55659E+01, 0.45903E-03
 0.47000E+02, 0.43000E+02, 0.41255E+03, 0.10563E+02, 0.26237E-03
 0.48000E+02, 0.43000E+02, 0.47295E+03, 0.18256E+02, 0.16518E-03
 0.49000E+02, 0.43000E+02, 0.34417E+03, 0.35226E+01, 0.70832E-03
 0.50000E+02, 0.43000E+02, 0.30660E+03, 0.22941E+01, 0.10214E-02
 0.51000E+02, 0.43000E+02, 0.29890E+03, 0.21331E+01, 0.10839E-02
 0.52000E+02, 0.43000E+02, 0.29370E+03, 0.20231E+01, 0.11325E-02
 0.53000E+02, 0.43000E+02, 0.28983E+03, 0.18777E+01, 0.12118E-02
 0.54000E+02, 0.43000E+02, 0.28348E+03, 0.14854E+01, 0.15146E-02
 0.55000E+02, 0.43000E+02, 0.27824E+03, 0.11792E+01, 0.18900E-02
 0.56000E+02, 0.43000E+02, 0.27677E+03, 0.80877E+00, 0.27482E-02
 0.57000E+02, 0.43000E+02, 0.27325E+03, 0.82493E+00, 0.26771E-02
 0.58000E+02, 0.43000E+02, 0.27001E+03, 0.90045E+00, 0.24381E-02
 0.59000E+02, 0.43000E+02, 0.26846E+03, 0.74748E+00, 0.29286E-02
 0.60000E+02, 0.43000E+02, 0.27046E+03, 0.64517E+00, 0.34056E-02
 0.61000E+02, 0.43000E+02, 0.27181E+03, 0.60481E+00, 0.36418E-02
 0.62000E+02, 0.43000E+02, 0.26984E+03, 0.35943E+00, 0.61060E-02
 0.63000E+02, 0.43000E+02, 0.27005E+03, 0.32026E+00, 0.68555E-02
 0.64000E+02, 0.43000E+02, 0.26586E+03, 0.60810E+00, 0.35826E-02
 0.65000E+02, 0.43000E+02, 0.26396E+03, 0.52884E+00, 0.41051E-02
 0.00000E+00, 0.44000E+02, 0.91826E+03, 0.22799E+00, 0.21122E-01
 0.10000E+01, 0.44000E+02, 0.77070E+03, 0.19022E+00, 0.22180E-01
 0.20000E+01, 0.44000E+02, 0.54717E+03, 0.17487E+00, 0.18961E-01
 0.30000E+01, 0.44000E+02, 0.49046E+03, 0.15613E+00, 0.19768E-01
 0.40000E+01, 0.44000E+02, 0.49605E+03, 0.14061E+00, 0.22110E-01
 0.50000E+01, 0.44000E+02, 0.49686E+03, 0.13384E+00, 0.23254E-01
 0.60000E+01, 0.44000E+02, 0.31179E+03, 0.24516E+00, 0.96435E-02
 0.70000E+01, 0.44000E+02, 0.32038E+03, 0.24632E+00, 0.97391E-02
 0.80000E+01, 0.44000E+02, 0.43419E+03, 0.19741E+00, 0.14483E-01
 0.90000E+01, 0.44000E+02, 0.40735E+03, 0.20887E+00, 0.13168E-01
 0.10000E+02, 0.44000E+02, 0.44220E+03, 0.20060E+00, 0.14414E-01
 0.11000E+02, 0.44000E+02, 0.45663E+03, 0.22491E+00, 0.13115E-01
 0.12000E+02, 0.44000E+02, 0.44050E+03, 0.24405E+00, 0.11819E-01
 0.13000E+02, 0.44000E+02, 0.42804E+03, 0.24842E+00, 0.11409E-01
 0.14000E+02, 0.44000E+02, 0.42459E+03, 0.23241E+00, 0.12134E-01
 0.15000E+02, 0.44000E+02, 0.43116E+03, 0.21327E+00, 0.13348E-01
 0.16000E+02, 0.44000E+02, 0.40601E+03, 0.23115E+00, 0.11875E-01
 0.17000E+02, 0.44000E+02, 0.38487E+03, 0.22978E+00, 0.11575E-01
 0.18000E+02, 0.44000E+02, 0.37791E+03, 0.26549E+00, 0.99117E-02
 0.19000E+02, 0.44000E+02, 0.35834E+03, 0.41846E+00, 0.60994E-02
 0.20000E+02, 0.44000E+02, 0.35840E+03, 0.44492E+00, 0.57372E-02
 0.21000E+02, 0.44000E+02, 0.36910E+03, 0.48450E+00, 0.53577E-02
 0.22000E+02, 0.44000E+02, 0.37340E+03, 0.47526E+00, 0.54985E-02
 0.23000E+02, 0.44000E+02, 0.38087E+03, 0.42471E+00, 0.62241E-02
 0.24000E+02, 0.44000E+02, 0.40219E+03, 0.39311E+00, 0.69435E-02
 0.25000E+02, 0.44000E+02, 0.40592E+03, 0.37537E+00, 0.73120E-02
 0.26000E+02, 0.44000E+02, 0.38219E+03, 0.48009E+00, 0.55172E-02
 0.27000E+02, 0.44000E+02, 0.35472E+03, 0.55387E+00, 0.45818E-02
 0.28000E+02, 0.44000E+02, 0.35643E+03, 0.46502E+00, 0.54721E-02
 0.29000E+02, 0.44000E+02, 0.35492E+03, 0.47517E+00, 0.53425E-02
 0.30000E+02, 0.44000E+02, 0.34869E+03, 0.57071E+00, 0.44039E-02
 0.31000E+02, 0.44000E+02, 0.34134E+03, 0.68874E+00, 0.36061E-02
 0.32000E+02, 0.44000E+02, 0.30080E+03, 0.81214E+00, 0.28564E-02
 0.33000E+02, 0.44000E+02, 0.28622E+03, 0.86374E+00, 0.26175E-02
 0.34000E+02, 0.44000E+02, 0.28864E+03, 0.78019E+00, 0.29104E-02
 0.35000E+02, 0.44000E+02, 0.30480E+03, 0.15685E+01, 0.14893E-02
 0.36000E+02, 0.44000E+02, 0.30727E+03, 0.14870E+01, 0.15776E-02
 0.37000E+02, 0.44000E+02, 0.30735E+03, 0.11636E+01, 0.20164E-02
 0.38000E+02, 0.44000E+02, 0.30283E+03, 0.25501E+01, 0.91291E-03
 0.39000E+02, 0.44000E+02, 0.29470E+03, 0.26301E+01, 0.87266E-03
 0.40000E+02, 0.44000E+02, 0.29877E+03, 0.32138E+01, 0.71927E-03
 0.41000E+02, 0.44000E+02, 0.30603E+03, 0.32626E+01, 0.71751E-03
 0.42000E+02, 0.44000E+02, 0.30648E+03, 0.35641E+01, 0.65733E-03
 0.43000E+02, 0.44000E+02, 0.31658E+03, 0.38664E+01, 0.61648E-03
 0.44000E+02, 0.44000E+02, 0.31874E+03, 0.37902E+01, 0.63118E-03
 0.45000E+02, 0.44000E+02, 0.32177E+03, 0.39359E+01, 0.61094E-03
 0.46000E+02, 0.44000E+02, 0.34342E+03, 0.48641E+01, 0.51233E-03
 0.47000E+02, 0.44000E+02, 0.43100E+03, 0.12684E+02, 0.22437E-03
 0.48000E+02, 0.44000E+02, 0.51313E+03, 0.17207E+02, 0.18469E-03
 0.49000E+02, 0.44000E+02, 0.36238E+03, 0.34687E+01, 0.74053E-03
 0.50000E+02, 0.44000E+02, 0.29732E+03, 0.22320E+01, 0.10330E-02
 0.51000E+02, 0.44000E+02, 0.29708E+03, 0.21381E+01, 0.10780E-02
 0.52000E+02, 0.44000E+02, 0.29759E+03, 0.20770E+01, 0.11106E-02
 0.53000E+02, 0.44000E+02, 0.29465E+03, 0.19966E+01, 0.11494E-02
 0.54000E+02, 0.44000E+02, 0.28886E+03, 0.18367E+01, 0.12368E-02
 0.55000E+02, 0.44000E+02, 0.27895E+03, 0.12909E+01, 0.17286E-02
 0.56000E+02, 0.44000E+02, 0.27972E+03, 0.10073E+01, 0.22183E-02
 0.57000E+02, 0.44000E+02, 0.26909E+03, 0.89958E+00, 0.24363E-02
 0.58000E+02, 0.44000E+02, 0.25668E+03, 0.82887E+00, 0.25836E-02
 0.59000E+02, 0.44000E+02, 0.25566E+03, 0.84462E+00, 0.25305E-02
 0.60000E+02, 0.44000E+02, 0.25419E+03, 0.82657E+00, 0.25786E-02
 0.61000E+02, 0.44000E+02, 0.26280E+03, 0.54361E+00, 0.39848E-02
 0.62000E+02, 0.44000E+02, 0.26366E+03, 0.29592E+00, 0.73321E-02
 0.63000E+02, 0.44000E+02, 0.26446E+03, 0.28800E+00, 0.75449E-02
 0.64000E+02, 0.44000E+02, 0.26409E+03, 0.44199E+00, 0.49129E-02
 0.65000E+02, 0.44000E+02, 0.26275E+03, 0.55341E+00, 0.39140E-02
 0.00000E+00, 0.45000E+02, 0.59713E+03, 0.16826E+00, 0.20905E-01
 0.10000E+01, 0.45000E+02, 0.51945E+03, 0.15630E+00, 0.20495E-01
 0.20000E+01, 0.45000E+02, 0.46533E+03, 0.14157E+00, 0.21083E-01
 0.30000E+01, 0.45000E+02, 0.44698E+03, 0.12896E+00, 0.22571E-01
 0.40000E+01, 0.45000E+02, 0.45716E+03, 0.12397E+00, 0.23810E-01
 0.50000E+01, 0.45000E+02, 0.45674E+03, 0.12031E+00, 0.24521E-01
 0.60000E+01, 0.45000E+02, 0.30215E+03, 0.22943E+00, 0.10135E-01
 0.70000E+01, 0.45000E+02, 0.31249E+03, 0.23825E+00, 0.99352E-02
 0.80000E+01, 0.45000E+02, 0.39176E+03, 0.18262E+00, 0.14716E-01
 0.90000E+01, 0.45000E+02, 0.37177E+03, 0.18662E+00, 0.13968E-01
 0.10000E+02, 0.45000E+02, 0.38842E+03, 0.19356E+00, 0.13814E-01
 0.11000E+02, 0.45000E+02, 0.43951E+03, 0.18011E+00, 0.15993E-01
 0.12000E+02, 0.45000E+02, 0.41537E+03, 0.18128E+00, 0.15351E-01
 0.13000E+02, 0.45000E+02, 0.39101E+03, 0.22754E+00, 0.11797E-01
 0.14000E+02, 0.45000E+02, 0.38924E+03, 0.23488E+00, 0.11399E-01
 0.15000E+02, 0.45000E+02, 0.39949E+03, 0.21083E+00, 0.12895E-01
 0.16000E+02, 0.45000E+02, 0.37295E+03, 0.23446E+00, 0.11138E-01
 0.17000E+02, 0.45000E+02, 0.35764E+03, 0.24569E+00, 0.10377E-01
 0.18000E+02, 0.45000E+02, 0.34916E+03, 0.26316E+00, 0.95579E-02
 0.19000E+02, 0.45000E+02, 0.33354E+03, 0.33048E+00, 0.74201E-02
 0.20000E+02, 0.45000E+02, 0.34027E+03, 0.33949E+00, 0.73032E-02
 0.21000E+02, 0.45000E+02, 0.35312E+03, 0.37413E+00, 0.67658E-02
 0.22000E+02, 0.45000E+02, 0.36470E+03, 0.35328E+00, 0.72975E-02
 0.23000E+02, 0.45000E+02, 0.38911E+03, 0.27506E+00, 0.97315E-02
 0.24000E+02, 0.45000E+02, 0.39772E+03, 0.27131E+00, 0.99941E-02
 0.25000E+02, 0.45000E+02, 0.39401E+03, 0.28680E+00, 0.94021E-02
 0.26000E+02, 0.45000E+02, 0.37858E+03, 0.36856E+00, 0.71473E-02
 0.27000E+02, 0.45000E+02, 0.35845E+03, 0.42934E+00, 0.59459E-02
 0.28000E+02, 0.45000E+02, 0.35095E+03, 0.40217E+00, 0.62723E-02
 0.29000E+02, 0.45000E+02, 0.34284E+03, 0.41269E+00, 0.60330E-02
 0.30000E+02, 0.45000E+02, 0.33716E+03, 0.41887E+00, 0.58891E-02
 0.31000E+02, 0.45000E+02, 0.35353E+03, 0.43352E+00, 0.58428E-02
 0.32000E+02, 0.45000E+02, 0.34191E+03, 0.48462E+00, 0.51297E-02
 0.33000E+02, 0.45000E+02, 0.29443E+03, 0.68687E+00, 0.33399E-02
 0.34000E+02, 0.45000E+02, 0.28364E+03, 0.85783E+00, 0.26234E-02
 0.35000E+02, 0.45000E+02, 0.28450E+03, 0.74436E+00, 0.30280E-02
 0.36000E+02, 0.45000E+02, 0.26746E+03, 0.48378E+00, 0.45166E-02
 0.37000E+02, 0.45000E+02, 0.28849E+03, 0.53000E+00, 0.42831E-02
 0.38000E+02, 0.45000E+02, 0.30528E+03, 0.13474E+01, 0.17351E-02
 0.39000E+02, 0.45000E+02, 0.29287E+03, 0.28230E+01, 0.81039E-03
 0.40000E+02, 0.45000E+02, 0.29483E+03, 0.31940E+01, 0.71874E-03
 0.41000E+02, 0.45000E+02, 0.29612E+03, 0.31752E+01, 0.72465E-03
 0.42000E+02, 0.45000E+02, 0.30101E+03, 0.36051E+01, 0.64371E-03
 0.43000E+02, 0.45000E+02, 0.30863E+03, 0.39718E+01, 0.59204E-03
 0.44000E+02, 0.45000E+02, 0.30978E+03, 0.38037E+01, 0.61942E-03
 0.45000E+02, 0.45000E+02, 0.31016E+03, 0.36890E+01, 0.63911E-03
 0.46000E+02, 0.45000E+02, 0.36081E+03, 0.60646E+01, 0.42251E-03
 0.47000E+02, 0.45000E+02, 0.44403E+03, 0.13765E+02, 0.21059E-03
 0.48000E+02, 0.45000E+02, 0.44297E+03, 0.66216E+01, 0.43712E-03
 0.49000E+02, 0.45000E+02, 0.33685E+03, 0.29464E+01, 0.83679E-03
 0.50000E+02, 0.45000E+02, 0.29190E+03, 0.22601E+01, 0.10105E-02
 0.51000E+02, 0.45000E+02, 0.30352E+03, 0.24000E+01, 0.97115E-03
 0.52000E+02, 0.45000E+02, 0.29105E+03, 0.20593E+01, 0.11073E-02
 0.53000E+02, 0.45000E+02, 0.28399E+03, 0.19201E+01, 0.11728E-02
 0.54000E+02, 0.45000E+02, 0.27748E+03, 0.16441E+01, 0.13537E-02
 0.55000E+02, 0.45000E+02, 0.27864E+03, 0.15376E+01, 0.14505E-02
 0.56000E+02, 0.45000E+02, 0.27912E+03, 0.12174E+01, 0.18336E-02
 0.57000E+02, 0.45000E+02, 0.27253E+03, 0.94445E+00, 0.23353E-02
 0.58000E+02, 0.45000E+02, 0.26452E+03, 0.91939E+00, 0.23637E-02
 0.59000E+02, 0.45000E+02, 0.25563E+03, 0.80895E+00, 0.26420E-02
 0.60000E+02, 0.45000E+02, 0.24775E+03, 0.87743E+00, 0.23995E-02
 0.61000E+02, 0.45000E+02, 0.25129E+03, 0.64320E+00, 0.32955E-02
 0.62000E+02, 0.45000E+02, 0.24980E+03, 0.52792E+00, 0.40038E-02
 0.63000E+02, 0.45000E+02, 0.24955E+03, 0.39222E+00, 0.53863E-02
 0.64000E+02, 0.45000E+02, 0.26043E+03, 0.44163E+00, 0.48834E-02
 0.65000E+02, 0.45000E+02, 0.26057E+03, 0.45528E+00, 0.47382E-02
 0.00000E+00, 0.46000E+02, 0.21848E+03, 0.76279E-01, 0.26050E-01
 0.10000E+01, 0.46000E+02, 0.24913E+03, 0.82459E-01, 0.25600E-01
 0.20000E+01, 0.46000E+02, 0.25862E+03, 0.84564E-01, 0.25417E-01
 0.30000E+01, 0.46000E+02, 0.26548E+03, 0.83753E-01, 0.25993E-01
 0.40000E+01, 0.46000E+02, 0.26993E+03, 0.84364E-01, 0.26019E-01
 0.50000E+01, 0.46000E+02, 0.27282E+03, 0.86765E-01, 0.25433E-01
 0.60000E+01, 0.46000E+02, 0.27407E+03, 0.88304E-01, 0.25047E-01
 0.70000E+01, 0.46000E+02, 0.28198E+03, 0.10596E+00, 0.21175E-01
 0.80000E+01, 0.46000E+02, 0.28257E+03, 0.11587E+00, 0.19384E-01
 0.90000E+01, 0.46000E+02, 0.29362E+03, 0.12978E+00, 0.17651E-01
 0.10000E+02, 0.46000E+02, 0.29346E+03, 0.13674E+00, 0.16748E-01
 0.11000E+02, 0.46000E+02, 0.30358E+03, 0.14412E+00, 0.16174E-01
 0.12000E+02, 0.46000E+02, 0.32613E+03, 0.14820E+00, 0.16344E-01
 0.13000E+02, 0.46000E+02, 0.31567E+03, 0.14852E+00, 0.16024E-01
 0.14000E+02, 0.46000E+02, 0.31534E+03, 0.16083E+00, 0.14789E-01
 0.15000E+02, 0.46000E+02, 0.30660E+03, 0.15555E+00, 0.15064E-01
 0.16000E+02, 0.46000E+02, 0.29615E+03, 0.15169E+00, 0.15170E-01
 0.17000E+02, 0.46000E+02, 0.28113E+03, 0.15552E+00, 0.14406E-01
 0.18000E+02, 0.46000E+02, 0.29450E+03, 0.15752E+00, 0.14565E-01
 0.19000E+02, 0.46000E+02, 0.29447E+03, 0.15939E+00, 0.14394E-01
 0.20000E+02, 0.46000E+02, 0.31051E+03, 0.18772E+00, 0.12567E-01
 0.21000E+02, 0.46000E+02, 0.30498E+03, 0.20784E+00, 0.11243E-01
 0.22000E+02, 0.46000E+02, 0.28969E+03, 0.35922E+00, 0.63330E-02
 0.23000E+02, 0.46000E+02, 0.24689E+03, 0.22866E+00, 0.91925E-02
 0.24000E+02, 0.46000E+02, 0.27540E+03, 0.27249E+00, 0.81365E-02
 0.25000E+02, 0.46000E+02, 0.26048E+03, 0.25189E+00, 0.85628E-02
 0.26000E+02, 0.46000E+02, 0.34161E+03, 0.36127E+00, 0.68779E-02
 0.27000E+02, 0.46000E+02, 0.35604E+03, 0.38747E+00, 0.65634E-02
 0.28000E+02, 0.46000E+02, 0.25113E+03, 0.19114E+00, 0.11086E-01
 0.29000E+02, 0.46000E+02, 0.27546E+03, 0.22735E+00, 0.97529E-02
 0.30000E+02, 0.46000E+02, 0.31058E+03, 0.33526E+00, 0.70373E-02
 0.31000E+02, 0.46000E+02, 0.22089E+03, 0.28737E+00, 0.69485E-02
 0.32000E+02, 0.46000E+02, 0.24599E+03, 0.32091E+00, 0.65386E-02
 0.33000E+02, 0.46000E+02, 0.25500E+03, 0.35998E+00, 0.59300E-02
 0.34000E+02, 0.46000E+02, 0.22000E+02, 0.30000E+02, 0.00000E+00
 0.35000E+02, 0.46000E+02, 0.27512E+03, 0.57300E+00, 0.38674E-02
 0.36000E+02, 0.46000E+02, 0.25173E+03, 0.42871E+00, 0.49486E-02
 0.37000E+02, 0.46000E+02, 0.27645E+03, 0.22732E+00, 0.97719E-02
 0.38000E+02, 0.46000E+02, 0.29990E+03, 0.40526E+00, 0.57153E-02
 0.39000E+02, 0.46000E+02, 0.29529E+03, 0.31070E+00, 0.73948E-02
 0.40000E+02, 0.46000E+02, 0.28854E+03, 0.10418E+00, 0.21791E-01
 0.41000E+02, 0.46000E+02, 0.27188E+03, 0.11132E+00, 0.19790E-01
 0.42000E+02, 0.46000E+02, 0.28103E+03, 0.96076E-01, 0.23314E-01
 0.43000E+02, 0.46000E+02, 0.27283E+03, 0.96804E-01, 0.22796E-01
 0.44000E+02, 0.46000E+02, 0.45691E+03, 0.26406E+02, 0.11175E-03
 0.45000E+02, 0.46000E+02, 0.47678E+03, 0.20634E+02, 0.14690E-03
 0.46000E+02, 0.46000E+02, 0.42780E+03, 0.12322E+02, 0.22993E-03
 0.47000E+02, 0.46000E+02, 0.42229E+03, 0.12363E+02, 0.22735E-03
 0.48000E+02, 0.46000E+02, 0.58012E+03, 0.30000E+02, 0.10876E-03
 0.49000E+02, 0.46000E+02, 0.69759E+03, 0.30000E+02, 0.21719E-04
 0.50000E+02, 0.46000E+02, 0.69835E+03, 0.30000E+02, 0.12261E-04
 0.51000E+02, 0.46000E+02, 0.58099E+03, 0.30000E+02, 0.37478E-04
 0.52000E+02, 0.46000E+02, 0.50828E+03, 0.30000E+02, 0.50364E-04
 0.53000E+02, 0.46000E+02, 0.51550E+03, 0.30000E+02, 0.40791E-04
 0.54000E+02, 0.46000E+02, 0.50285E+03, 0.30000E+02, 0.29680E-04
 0.55000E+02, 0.46000E+02, 0.23178E+03, 0.14601E+00, 0.13977E-01
 0.56000E+02, 0.46000E+02, 0.23818E+03, 0.13042E+00, 0.15847E-01
 0.57000E+02, 0.46000E+02, 0.23662E+03, 0.13058E+00, 0.15779E-01
 0.58000E+02, 0.46000E+02, 0.23591E+03, 0.12976E+00, 0.15856E-01
 0.59000E+02, 0.46000E+02, 0.23350E+03, 0.11455E+00, 0.17876E-01
 0.60000E+02, 0.46000E+02, 0.23370E+03, 0.12172E+00, 0.16830E-01
 0.61000E+02, 0.46000E+02, 0.23037E+03, 0.12386E+00, 0.16431E-01
 0.62000E+02, 0.46000E+02, 0.23539E+03, 0.12688E+00, 0.16200E-01
 0.63000E+02, 0.46000E+02, 0.24580E+03, 0.31501E+00, 0.66585E-02
 0.64000E+02, 0.46000E+02, 0.25323E+03, 0.37719E+00, 0.56406E-02
 0.65000E+02, 0.46000E+02, 0.25803E+03, 0.42307E+00, 0.50747E-02
 0.00000E+00, 0.47000E+02, 0.24480E+03, 0.83469E-01, 0.25080E-01
 0.10000E+01, 0.47000E+02, 0.26401E+03, 0.83283E-01, 0.26069E-01
 0.20000E+01, 0.47000E+02, 0.26776E+03, 0.83863E-01, 0.26069E-01
 0.30000E+01, 0.47000E+02, 0.27106E+03, 0.85517E-01, 0.25721E-01
 0.40000E+01, 0.47000E+02, 0.26955E+03, 0.83783E-01, 0.26181E-01
 0.50000E+01, 0.47000E+02, 0.27070E+03, 0.82709E-01, 0.26577E-01
 0.60000E+01, 0.47000E+02, 0.27246E+03, 0.83617E-01, 0.26373E-01
 0.70000E+01, 0.47000E+02, 0.28512E+03, 0.91695E-01, 0.24608E-01
 0.80000E+01, 0.47000E+02, 0.29476E+03, 0.99843E-01, 0.22990E-01
 0.90000E+01, 0.47000E+02, 0.30053E+03, 0.11110E+00, 0.20870E-01
 0.10000E+02, 0.47000E+02, 0.33817E+03, 0.16708E+00, 0.14789E-01
 0.11000E+02, 0.47000E+02, 0.32691E+03, 0.15669E+00, 0.15478E-01
 0.12000E+02, 0.47000E+02, 0.35108E+03, 0.16337E+00, 0.15443E-01
 0.13000E+02, 0.47000E+02, 0.32507E+03, 0.16114E+00, 0.15005E-01
 0.14000E+02, 0.47000E+02, 0.31268E+03, 0.16960E+00, 0.13961E-01
 0.15000E+02, 0.47000E+02, 0.30512E+03, 0.16473E+00, 0.14188E-01
 0.16000E+02, 0.47000E+02, 0.29965E+03, 0.16362E+00, 0.14150E-01
 0.17000E+02, 0.47000E+02, 0.30504E+03, 0.17331E+00, 0.13484E-01
 0.18000E+02, 0.47000E+02, 0.29976E+03, 0.17767E+00, 0.13033E-01
 0.19000E+02, 0.47000E+02, 0.30350E+03, 0.17099E+00, 0.13631E-01
 0.20000E+02, 0.47000E+02, 0.31336E+03, 0.20041E+00, 0.11828E-01
 0.21000E+02, 0.47000E+02, 0.30168E+03, 0.26566E+00, 0.87455E-02
 0.22000E+02, 0.47000E+02, 0.28649E+03, 0.31568E+00, 0.71654E-02
 0.23000E+02, 0.47000E+02, 0.24697E+03, 0.22466E+00, 0.93575E-02
 0.24000E+02, 0.47000E+02, 0.22302E+03, 0.20327E+00, 0.98660E-02
 0.25000E+02, 0.47000E+02, 0.24502E+03, 0.23059E+00, 0.90825E-02
 0.26000E+02, 0.47000E+02, 0.29021E+03, 0.33576E+00, 0.67817E-02
 0.27000E+02, 0.47000E+02, 0.31805E+03, 0.36813E+00, 0.64910E-02
 0.28000E+02, 0.47000E+02, 0.25629E+03, 0.18734E+00, 0.11422E-01
 0.29000E+02, 0.47000E+02, 0.27279E+03, 0.19731E+00, 0.11184E-01
 0.30000E+02, 0.47000E+02, 0.28875E+03, 0.23406E+00, 0.97032E-02
 0.31000E+02, 0.47000E+02, 0.21111E+03, 0.29178E+00, 0.67082E-02
 0.32000E+02, 0.47000E+02, 0.24341E+03, 0.31469E+00, 0.66346E-02
 0.33000E+02, 0.47000E+02, 0.23672E+03, 0.31896E+00, 0.64610E-02
 0.34000E+02, 0.47000E+02, 0.22000E+02, 0.30000E+02, 0.00000E+00
 0.35000E+02, 0.47000E+02, 0.23972E+03, 0.36891E+00, 0.56191E-02
 0.36000E+02, 0.47000E+02, 0.23377E+03, 0.42931E+00, 0.47725E-02
 0.37000E+02, 0.47000E+02, 0.28113E+03, 0.17617E+00, 0.12717E-01
 0.38000E+02, 0.47000E+02, 0.29608E+03, 0.14033E+00, 0.16395E-01
 0.39000E+02, 0.47000E+02, 0.29889E+03, 0.15667E+00, 0.14758E-01
 0.40000E+02, 0.47000E+02, 0.30120E+03, 0.10116E+00, 0.22948E-01
 0.41000E+02, 0.47000E+02, 0.29891E+03, 0.10048E+00, 0.23010E-01
 0.42000E+02, 0.47000E+02, 0.29262E+03, 0.96123E-01, 0.23790E-01
 0.43000E+02, 0.47000E+02, 0.27691E+03, 0.96039E-01, 0.23149E-01
 0.44000E+02, 0.47000E+02, 0.42874E+03, 0.17807E+02, 0.15932E-03
 0.45000E+02, 0.47000E+02, 0.44922E+03, 0.15371E+02, 0.18995E-03
 0.46000E+02, 0.47000E+02, 0.39511E+03, 0.10030E+02, 0.26929E-03
 0.47000E+02, 0.47000E+02, 0.40451E+03, 0.11410E+02, 0.24006E-03
 0.48000E+02, 0.47000E+02, 0.50296E+03, 0.19981E+02, 0.15700E-03
 0.49000E+02, 0.47000E+02, 0.68469E+03, 0.30000E+02, 0.55493E-04
 0.50000E+02, 0.47000E+02, 0.74788E+03, 0.30000E+02, 0.10734E-04
 0.51000E+02, 0.47000E+02, 0.58272E+03, 0.30000E+02, 0.61549E-04
 0.52000E+02, 0.47000E+02, 0.50340E+03, 0.30000E+02, 0.93753E-04
 0.53000E+02, 0.47000E+02, 0.49997E+03, 0.30000E+02, 0.71924E-04
 0.54000E+02, 0.47000E+02, 0.50587E+03, 0.30000E+02, 0.48130E-04
 0.55000E+02, 0.47000E+02, 0.23173E+03, 0.12315E+00, 0.16570E-01
 0.56000E+02, 0.47000E+02, 0.24523E+03, 0.11444E+00, 0.18309E-01
 0.57000E+02, 0.47000E+02, 0.24132E+03, 0.13252E+00, 0.15692E-01
 0.58000E+02, 0.47000E+02, 0.23446E+03, 0.12844E+00, 0.15974E-01
 0.59000E+02, 0.47000E+02, 0.23060E+03, 0.11896E+00, 0.17115E-01
 0.60000E+02, 0.47000E+02, 0.23099E+03, 0.12174E+00, 0.16738E-01
 0.61000E+02, 0.47000E+02, 0.23285E+03, 0.11879E+00, 0.17216E-01
 0.62000E+02, 0.47000E+02, 0.23721E+03, 0.11710E+00, 0.17616E-01
 0.63000E+02, 0.47000E+02, 0.24236E+03, 0.19996E+00, 0.10420E-01
 0.64000E+02, 0.47000E+02, 0.22269E+03, 0.32291E+00, 0.62064E-02
 0.65000E+02, 0.47000E+02, 0.24131E+03, 0.39052E+00, 0.53246E-02
 0.00000E+00, 0.48000E+02, 0.24992E+03, 0.85524E-01, 0.24720E-01
 0.10000E+01, 0.48000E+02, 0.26642E+03, 0.86742E-01, 0.25142E-01
 0.20000E+01, 0.48000E+02, 0.26248E+03, 0.85918E-01, 0.25198E-01
 0.30000E+01, 0.48000E+02, 0.26592E+03, 0.88603E-01, 0.24591E-01
 0.40000E+01, 0.48000E+02, 0.26586E+03, 0.85845E-01, 0.25378E-01
 0.50000E+01, 0.48000E+02, 0.27042E+03, 0.83632E-01, 0.26270E-01
 0.60000E+01, 0.48000E+02, 0.27034E+03, 0.84406E-01, 0.26025E-01
 0.70000E+01, 0.48000E+02, 0.28525E+03, 0.93345E-01, 0.24179E-01
 0.80000E+01, 0.48000E+02, 0.30113E+03, 0.10629E+00, 0.21837E-01
 0.90000E+01, 0.48000E+02, 0.30705E+03, 0.12081E+00, 0.19412E-01
 0.10000E+02, 0.48000E+02, 0.34424E+03, 0.19165E+00, 0.13020E-01
 0.11000E+02, 0.48000E+02, 0.33176E+03, 0.18440E+00, 0.13259E-01
 0.12000E+02, 0.48000E+02, 0.33073E+03, 0.18775E+00, 0.13000E-01
 0.13000E+02, 0.48000E+02, 0.32095E+03, 0.20699E+00, 0.11601E-01
 0.14000E+02, 0.48000E+02, 0.30847E+03, 0.17390E+00, 0.13518E-01
 0.15000E+02, 0.48000E+02, 0.30448E+03, 0.17023E+00, 0.13715E-01
 0.16000E+02, 0.48000E+02, 0.30549E+03, 0.18467E+00, 0.12665E-01
 0.17000E+02, 0.48000E+02, 0.31169E+03, 0.20603E+00, 0.11473E-01
 0.18000E+02, 0.48000E+02, 0.29333E+03, 0.18496E+00, 0.12379E-01
 0.19000E+02, 0.48000E+02, 0.30416E+03, 0.20165E+00, 0.11572E-01
 0.20000E+02, 0.48000E+02, 0.29924E+03, 0.22475E+00, 0.10294E-01
 0.21000E+02, 0.48000E+02, 0.29480E+03, 0.25666E+00, 0.89441E-02
 0.22000E+02, 0.48000E+02, 0.30000E+03, 0.34977E+00, 0.66232E-02
 0.23000E+02, 0.48000E+02, 0.30088E+03, 0.35004E+00, 0.66283E-02
 0.24000E+02, 0.48000E+02, 0.27820E+03, 0.29007E+00, 0.76825E-02
 0.25000E+02, 0.48000E+02, 0.26368E+03, 0.25975E+00, 0.83534E-02
 0.26000E+02, 0.48000E+02, 0.30416E+03, 0.36619E+00, 0.63721E-02
 0.27000E+02, 0.48000E+02, 0.30379E+03, 0.36568E+00, 0.63769E-02
 0.28000E+02, 0.48000E+02, 0.25698E+03, 0.18471E+00, 0.11600E-01
 0.29000E+02, 0.48000E+02, 0.26535E+03, 0.18339E+00, 0.11868E-01
 0.30000E+02, 0.48000E+02, 0.28305E+03, 0.22555E+00, 0.99671E-02
 0.31000E+02, 0.48000E+02, 0.20779E+03, 0.12130E+00, 0.16026E-01
 0.32000E+02, 0.48000E+02, 0.19216E+03, 0.10709E+00, 0.17562E-01
 0.33000E+02, 0.48000E+02, 0.18583E+03, 0.10597E+00, 0.17506E-01
 0.34000E+02, 0.48000E+02, 0.22000E+02, 0.30000E+02, 0.00000E+00
 0.35000E+02, 0.48000E+02, 0.25111E+03, 0.47236E+00, 0.44860E-02
 0.36000E+02, 0.48000E+02, 0.23770E+03, 0.43500E+00, 0.47465E-02
 0.37000E+02, 0.48000E+02, 0.27655E+03, 0.17601E+00, 0.12623E-01
 0.38000E+02, 0.48000E+02, 0.29206E+03, 0.13532E+00, 0.16882E-01
 0.39000E+02, 0.48000E+02, 0.29171E+03, 0.12503E+00, 0.18260E-01
 0.40000E+02, 0.48000E+02, 0.29365E+03, 0.10395E+00, 0.22038E-01
 0.41000E+02, 0.48000E+02, 0.29144E+03, 0.10072E+00, 0.22657E-01
 0.42000E+02, 0.48000E+02, 0.29266E+03, 0.98093E-01, 0.23314E-01
 0.43000E+02, 0.48000E+02, 0.27786E+03, 0.96197E-01, 0.23151E-01
 0.44000E+02, 0.48000E+02, 0.44601E+03, 0.19675E+02, 0.14774E-03
 0.45000E+02, 0.48000E+02, 0.44150E+03, 0.14284E+02, 0.20221E-03
 0.46000E+02, 0.48000E+02, 0.38701E+03, 0.97920E+01, 0.27249E-03
 0.47000E+02, 0.48000E+02, 0.40083E+03, 0.11099E+02, 0.24543E-03
 0.48000E+02, 0.48000E+02, 0.44077E+03, 0.14033E+02, 0.20563E-03
 0.49000E+02, 0.48000E+02, 0.74600E+03, 0.30000E+02, 0.78430E-05
 0.50000E+02, 0.48000E+02, 0.74776E+03, 0.30000E+02, 0.68494E-05
 0.51000E+02, 0.48000E+02, 0.55199E+03, 0.30000E+02, 0.67547E-04
 0.52000E+02, 0.48000E+02, 0.45699E+03, 0.24412E+02, 0.12089E-03
 0.53000E+02, 0.48000E+02, 0.46173E+03, 0.24516E+02, 0.12116E-03
 0.54000E+02, 0.48000E+02, 0.45699E+03, 0.27452E+02, 0.10750E-03
 0.55000E+02, 0.48000E+02, 0.22436E+03, 0.10389E+00, 0.19356E-01
 0.56000E+02, 0.48000E+02, 0.23512E+03, 0.10053E+00, 0.20434E-01
 0.57000E+02, 0.48000E+02, 0.23456E+03, 0.10936E+00, 0.18764E-01
 0.58000E+02, 0.48000E+02, 0.22954E+03, 0.11344E+00, 0.17910E-01
 0.59000E+02, 0.48000E+02, 0.23155E+03, 0.10378E+00, 0.19656E-01
 0.60000E+02, 0.48000E+02, 0.23191E+03, 0.10862E+00, 0.18794E-01
 0.61000E+02, 0.48000E+02, 0.23255E+03, 0.11304E+00, 0.18081E-01
 0.62000E+02, 0.48000E+02, 0.23699E+03, 0.11407E+00, 0.18076E-01
 0.63000E+02, 0.48000E+02, 0.23785E+03, 0.15666E+00, 0.13184E-01
 0.64000E+02, 0.48000E+02, 0.22717E+03, 0.32128E+00, 0.62941E-02
 0.65000E+02, 0.48000E+02, 0.24820E+03, 0.36698E+00, 0.57420E-02
 0.00000E+00, 0.49000E+02, 0.25872E+03, 0.88687E-01, 0.24240E-01
 0.10000E+01, 0.49000E+02, 0.27090E+03, 0.98626E-01, 0.22296E-01
 0.20000E+01, 0.49000E+02, 0.27434E+03, 0.93965E-01, 0.23550E-01
 0.30000E+01, 0.49000E+02, 0.27170E+03, 0.91291E-01, 0.24123E-01
 0.40000E+01, 0.49000E+02, 0.27058E+03, 0.90307E-01, 0.24335E-01
 0.50000E+01, 0.49000E+02, 0.26734E+03, 0.87806E-01, 0.24880E-01
 0.60000E+01, 0.49000E+02, 0.27206E+03, 0.89528E-01, 0.24614E-01
 0.70000E+01, 0.49000E+02, 0.29618E+03, 0.10113E+00, 0.22755E-01
 0.80000E+01, 0.49000E+02, 0.30248E+03, 0.10876E+00, 0.21391E-01
 0.90000E+01, 0.49000E+02, 0.30848E+03, 0.13027E+00, 0.18045E-01
 0.10000E+02, 0.49000E+02, 0.33670E+03, 0.20718E+00, 0.11897E-01
 0.11000E+02, 0.49000E+02, 0.32176E+03, 0.19785E+00, 0.12153E-01
 0.12000E+02, 0.49000E+02, 0.31324E+03, 0.22143E+00, 0.10704E-01
 0.13000E+02, 0.49000E+02, 0.31676E+03, 0.23702E+00, 0.10059E-01
 0.14000E+02, 0.49000E+02, 0.31397E+03, 0.24192E+00, 0.98092E-02
 0.15000E+02, 0.49000E+02, 0.30183E+03, 0.21692E+00, 0.10714E-01
 0.16000E+02, 0.49000E+02, 0.31125E+03, 0.21555E+00, 0.10958E-01
 0.17000E+02, 0.49000E+02, 0.31268E+03, 0.22271E+00, 0.10632E-01
 0.18000E+02, 0.49000E+02, 0.29790E+03, 0.18366E+00, 0.12567E-01
 0.19000E+02, 0.49000E+02, 0.30681E+03, 0.18492E+00, 0.12676E-01
 0.20000E+02, 0.49000E+02, 0.30626E+03, 0.20530E+00, 0.11407E-01
 0.21000E+02, 0.49000E+02, 0.30184E+03, 0.24892E+00, 0.93363E-02
 0.22000E+02, 0.49000E+02, 0.30709E+03, 0.36984E+00, 0.63411E-02
 0.23000E+02, 0.49000E+02, 0.30643E+03, 0.36629E+00, 0.63953E-02
 0.24000E+02, 0.49000E+02, 0.30045E+03, 0.34939E+00, 0.66355E-02
 0.25000E+02, 0.49000E+02, 0.29165E+03, 0.32831E+00, 0.69533E-02
 0.26000E+02, 0.49000E+02, 0.29410E+03, 0.34519E+00, 0.66418E-02
 0.27000E+02, 0.49000E+02, 0.28990E+03, 0.35217E+00, 0.64620E-02
 0.28000E+02, 0.49000E+02, 0.25736E+03, 0.19414E+00, 0.11045E-01
 0.29000E+02, 0.49000E+02, 0.25779E+03, 0.17495E+00, 0.12266E-01
 0.30000E+02, 0.49000E+02, 0.26909E+03, 0.19729E+00, 0.11109E-01
 0.31000E+02, 0.49000E+02, 0.20487E+03, 0.11713E+00, 0.16494E-01
 0.32000E+02, 0.49000E+02, 0.19598E+03, 0.10636E+00, 0.17827E-01
 0.33000E+02, 0.49000E+02, 0.18748E+03, 0.10703E+00, 0.17395E-01
 0.34000E+02, 0.49000E+02, 0.22000E+02, 0.30000E+02, 0.00000E+00
 0.35000E+02, 0.49000E+02, 0.25204E+03, 0.51510E+00, 0.41210E-02
 0.36000E+02, 0.49000E+02, 0.24455E+03, 0.48428E+00, 0.43207E-02
 0.37000E+02, 0.49000E+02, 0.27116E+03, 0.15932E+00, 0.13809E-01
 0.38000E+02, 0.49000E+02, 0.29097E+03, 0.12997E+00, 0.17543E-01
 0.39000E+02, 0.49000E+02, 0.28696E+03, 0.11332E+00, 0.19977E-01
 0.40000E+02, 0.49000E+02, 0.27663E+03, 0.95107E-01, 0.23364E-01
 0.41000E+02, 0.49000E+02, 0.28309E+03, 0.10008E+00, 0.22464E-01
 0.42000E+02, 0.49000E+02, 0.28760E+03, 0.10187E+00, 0.22247E-01
 0.43000E+02, 0.49000E+02, 0.27844E+03, 0.95303E-01, 0.23393E-01
 0.44000E+02, 0.49000E+02, 0.42250E+03, 0.15316E+02, 0.18357E-03
 0.45000E+02, 0.49000E+02, 0.40848E+03, 0.10615E+02, 0.25954E-03
 0.46000E+02, 0.49000E+02, 0.38701E+03, 0.96929E+01, 0.27528E-03
 0.47000E+02, 0.49000E+02, 0.42433E+03, 0.12197E+02, 0.23113E-03
 0.48000E+02, 0.49000E+02, 0.54579E+03, 0.25016E+02, 0.13232E-03
 0.49000E+02, 0.49000E+02, 0.73873E+03, 0.30000E+02, 0.66028E-05
 0.50000E+02, 0.49000E+02, 0.59425E+03, 0.30000E+02, 0.72922E-04
 0.51000E+02, 0.49000E+02, 0.49955E+03, 0.30000E+02, 0.74832E-04
 0.52000E+02, 0.49000E+02, 0.43976E+03, 0.25948E+02, 0.11105E-03
 0.53000E+02, 0.49000E+02, 0.42857E+03, 0.20334E+02, 0.13948E-03
 0.54000E+02, 0.49000E+02, 0.41414E+03, 0.17571E+02, 0.15809E-03
 0.55000E+02, 0.49000E+02, 0.21295E+03, 0.90813E-01, 0.21635E-01
 0.56000E+02, 0.49000E+02, 0.22711E+03, 0.95471E-01, 0.21179E-01
 0.57000E+02, 0.49000E+02, 0.22320E+03, 0.10416E+00, 0.19261E-01
 0.58000E+02, 0.49000E+02, 0.22716E+03, 0.10328E+00, 0.19579E-01
 0.59000E+02, 0.49000E+02, 0.23219E+03, 0.10152E+00, 0.20119E-01
 0.60000E+02, 0.49000E+02, 0.23612E+03, 0.10014E+00, 0.20556E-01
 0.61000E+02, 0.49000E+02, 0.23968E+03, 0.10325E+00, 0.20074E-01
 0.62000E+02, 0.49000E+02, 0.24115E+03, 0.10548E+00, 0.19707E-01
 0.63000E+02, 0.49000E+02, 0.23466E+03, 0.15516E+00, 0.13228E-01
 0.64000E+02, 0.49000E+02, 0.24748E+03, 0.30658E+00, 0.68637E-02
 0.65000E+02, 0.49000E+02, 0.25276E+03, 0.33328E+00, 0.63779E-02
 0.00000E+00, 0.50000E+02, 0.25782E+03, 0.96171E-01, 0.22315E-01
 0.10000E+01, 0.50000E+02, 0.27385E+03, 0.95302E-01, 0.23198E-01
 0.20000E+01, 0.50000E+02, 0.28247E+03, 0.93654E-01, 0.23979E-01
 0.30000E+01, 0.50000E+02, 0.27964E+03, 0.91606E-01, 0.24390E-01
 0.40000E+01, 0.50000E+02, 0.28101E+03, 0.89987E-01, 0.24891E-01
 0.50000E+01, 0.50000E+02, 0.29111E+03, 0.99441E-01, 0.22935E-01
 0.60000E+01, 0.50000E+02, 0.29322E+03, 0.10287E+00, 0.22253E-01
 0.70000E+01, 0.50000E+02, 0.29035E+03, 0.99198E-01, 0.22960E-01
 0.80000E+01, 0.50000E+02, 0.31331E+03, 0.12567E+00, 0.18863E-01
 0.90000E+01, 0.50000E+02, 0.30571E+03, 0.11963E+00, 0.19557E-01
 0.10000E+02, 0.50000E+02, 0.31216E+03, 0.14578E+00, 0.16228E-01
 0.11000E+02, 0.50000E+02, 0.30379E+03, 0.14652E+00, 0.15915E-01
 0.12000E+02, 0.50000E+02, 0.30149E+03, 0.14651E+00, 0.15853E-01
 0.13000E+02, 0.50000E+02, 0.30170E+03, 0.21097E+00, 0.11013E-01
 0.14000E+02, 0.50000E+02, 0.30354E+03, 0.23758E+00, 0.98111E-02
 0.15000E+02, 0.50000E+02, 0.31310E+03, 0.22955E+00, 0.10323E-01
 0.16000E+02, 0.50000E+02, 0.32592E+03, 0.19361E+00, 0.12507E-01
 0.17000E+02, 0.50000E+02, 0.31980E+03, 0.18923E+00, 0.12665E-01
 0.18000E+02, 0.50000E+02, 0.29975E+03, 0.18845E+00, 0.12287E-01
 0.19000E+02, 0.50000E+02, 0.30739E+03, 0.19416E+00, 0.12085E-01
 0.20000E+02, 0.50000E+02, 0.30486E+03, 0.20046E+00, 0.11654E-01
 0.21000E+02, 0.50000E+02, 0.29672E+03, 0.24334E+00, 0.94655E-02
 0.22000E+02, 0.50000E+02, 0.31159E+03, 0.39847E+00, 0.59312E-02
 0.23000E+02, 0.50000E+02, 0.30964E+03, 0.38909E+00, 0.60540E-02
 0.24000E+02, 0.50000E+02, 0.30448E+03, 0.37329E+00, 0.62544E-02
 0.25000E+02, 0.50000E+02, 0.29935E+03, 0.36564E+00, 0.63284E-02
 0.26000E+02, 0.50000E+02, 0.29168E+03, 0.36054E+00, 0.63320E-02
 0.27000E+02, 0.50000E+02, 0.28421E+03, 0.34608E+00, 0.65094E-02
 0.28000E+02, 0.50000E+02, 0.24522E+03, 0.18396E+00, 0.11389E-01
 0.29000E+02, 0.50000E+02, 0.24923E+03, 0.16604E+00, 0.12716E-01
 0.30000E+02, 0.50000E+02, 0.24837E+03, 0.16262E+00, 0.12962E-01
 0.31000E+02, 0.50000E+02, 0.17604E+03, 0.10035E+00, 0.18092E-01
 0.32000E+02, 0.50000E+02, 0.18819E+03, 0.10293E+00, 0.18116E-01
 0.33000E+02, 0.50000E+02, 0.19257E+03, 0.10558E+00, 0.17829E-01
 0.34000E+02, 0.50000E+02, 0.22000E+02, 0.30000E+02, 0.00000E+00
 0.35000E+02, 0.50000E+02, 0.24515E+03, 0.58541E+00, 0.35785E-02
 0.36000E+02, 0.50000E+02, 0.22785E+03, 0.46913E+00, 0.43164E-02
 0.37000E+02, 0.50000E+02, 0.26765E+03, 0.16225E+00, 0.13472E-01
 0.38000E+02, 0.50000E+02, 0.28448E+03, 0.13378E+00, 0.16847E-01
 0.39000E+02, 0.50000E+02, 0.28043E+03, 0.97465E-01, 0.22957E-01
 0.40000E+02, 0.50000E+02, 0.27891E+03, 0.96714E-01, 0.23071E-01
 0.41000E+02, 0.50000E+02, 0.28171E+03, 0.10610E+00, 0.21138E-01
 0.42000E+02, 0.50000E+02, 0.28040E+03, 0.10711E+00, 0.20888E-01
 0.43000E+02, 0.50000E+02, 0.27590E+03, 0.98169E-01, 0.22606E-01
 0.44000E+02, 0.50000E+02, 0.40507E+03, 0.12390E+02, 0.22124E-03
 0.45000E+02, 0.50000E+02, 0.40335E+03, 0.97606E+01, 0.28014E-03
 0.46000E+02, 0.50000E+02, 0.40232E+03, 0.96895E+01, 0.28176E-03
 0.47000E+02, 0.50000E+02, 0.41721E+03, 0.10315E+02, 0.27051E-03
 0.48000E+02, 0.50000E+02, 0.61004E+03, 0.30000E+02, 0.10136E-03
 0.49000E+02, 0.50000E+02, 0.72085E+03, 0.30000E+02, 0.27394E-04
 0.50000E+02, 0.50000E+02, 0.47462E+03, 0.25408E+02, 0.11895E-03
 0.51000E+02, 0.50000E+02, 0.42385E+03, 0.25896E+02, 0.10879E-03
 0.52000E+02, 0.50000E+02, 0.41753E+03, 0.27976E+02, 0.99786E-04
 0.53000E+02, 0.50000E+02, 0.39294E+03, 0.17214E+02, 0.15640E-03
 0.54000E+02, 0.50000E+02, 0.38595E+03, 0.14482E+02, 0.18395E-03
 0.55000E+02, 0.50000E+02, 0.21748E+03, 0.88708E-01, 0.22354E-01
 0.56000E+02, 0.50000E+02, 0.22277E+03, 0.92184E-01, 0.21744E-01
 0.57000E+02, 0.50000E+02, 0.22658E+03, 0.99127E-01, 0.20376E-01
 0.58000E+02, 0.50000E+02, 0.22929E+03, 0.10050E+00, 0.20206E-01
 0.59000E+02, 0.50000E+02, 0.22827E+03, 0.10074E+00, 0.20118E-01
 0.60000E+02, 0.50000E+02, 0.23288E+03, 0.10315E+00, 0.19829E-01
 0.61000E+02, 0.50000E+02, 0.23860E+03, 0.10537E+00, 0.19630E-01
 0.62000E+02, 0.50000E+02, 0.24513E+03, 0.10789E+00, 0.19417E-01
 0.63000E+02, 0.50000E+02, 0.23127E+03, 0.12107E+00, 0.16839E-01
 0.64000E+02, 0.50000E+02, 0.24687E+03, 0.28930E+00, 0.72652E-02
 0.65000E+02, 0.50000E+02, 0.24731E+03, 0.29976E+00, 0.70177E-02
 0.00000E+00, 0.51000E+02, 0.26849E+03, 0.10285E+00, 0.21284E-01
 0.10000E+01, 0.51000E+02, 0.28310E+03, 0.96005E-01, 0.23418E-01
 0.20000E+01, 0.51000E+02, 0.28649E+03, 0.93246E-01, 0.24258E-01
 0.30000E+01, 0.51000E+02, 0.28662E+03, 0.92818E-01, 0.24376E-01
 0.40000E+01, 0.51000E+02, 0.29767E+03, 0.11435E+00, 0.20176E-01
 0.50000E+01, 0.51000E+02, 0.30015E+03, 0.11595E+00, 0.19985E-01
 0.60000E+01, 0.51000E+02, 0.29971E+03, 0.11964E+00, 0.19352E-01
 0.70000E+01, 0.51000E+02, 0.29811E+03, 0.11730E+00, 0.19684E-01
 0.80000E+01, 0.51000E+02, 0.30080E+03, 0.11254E+00, 0.20614E-01
 0.90000E+01, 0.51000E+02, 0.31522E+03, 0.14182E+00, 0.16769E-01
 0.10000E+02, 0.51000E+02, 0.31347E+03, 0.14262E+00, 0.16625E-01
 0.11000E+02, 0.51000E+02, 0.31573E+03, 0.14799E+00, 0.16083E-01
 0.12000E+02, 0.51000E+02, 0.31247E+03, 0.13769E+00, 0.17190E-01
 0.13000E+02, 0.51000E+02, 0.30598E+03, 0.13963E+00, 0.16764E-01
 0.14000E+02, 0.51000E+02, 0.30328E+03, 0.19684E+00, 0.11836E-01
 0.15000E+02, 0.51000E+02, 0.32365E+03, 0.24447E+00, 0.98667E-02
 0.16000E+02, 0.51000E+02, 0.32559E+03, 0.22619E+00, 0.10699E-01
 0.17000E+02, 0.51000E+02, 0.31123E+03, 0.17898E+00, 0.13197E-01
 0.18000E+02, 0.51000E+02, 0.29422E+03, 0.19924E+00, 0.11509E-01
 0.19000E+02, 0.51000E+02, 0.29650E+03, 0.21649E+00, 0.10635E-01
 0.20000E+02, 0.51000E+02, 0.28951E+03, 0.22332E+00, 0.10183E-01
 0.21000E+02, 0.51000E+02, 0.28683E+03, 0.23951E+00, 0.94498E-02
 0.22000E+02, 0.51000E+02, 0.30977E+03, 0.40079E+00, 0.58785E-02
 0.23000E+02, 0.51000E+02, 0.31147E+03, 0.40250E+00, 0.58706E-02
 0.24000E+02, 0.51000E+02, 0.30480E+03, 0.41379E+00, 0.56452E-02
 0.25000E+02, 0.51000E+02, 0.29973E+03, 0.38187E+00, 0.60635E-02
 0.26000E+02, 0.51000E+02, 0.29316E+03, 0.36336E+00, 0.62993E-02
 0.27000E+02, 0.51000E+02, 0.28260E+03, 0.35738E+00, 0.62853E-02
 0.28000E+02, 0.51000E+02, 0.17493E+03, 0.79555E-01, 0.22765E-01
 0.29000E+02, 0.51000E+02, 0.19639E+03, 0.86767E-01, 0.21872E-01
 0.30000E+02, 0.51000E+02, 0.22567E+03, 0.10071E+00, 0.20018E-01
 0.31000E+02, 0.51000E+02, 0.20074E+03, 0.95230E-01, 0.20113E-01
 0.32000E+02, 0.51000E+02, 0.18417E+03, 0.88106E-01, 0.20979E-01
 0.33000E+02, 0.51000E+02, 0.17125E+03, 0.86415E-01, 0.20785E-01
 0.34000E+02, 0.51000E+02, 0.22000E+02, 0.30000E+02, 0.00000E+00
 0.35000E+02, 0.51000E+02, 0.23260E+03, 0.52083E+00, 0.39248E-02
 0.36000E+02, 0.51000E+02, 0.18951E+03, 0.29953E+00, 0.62431E-02
 0.37000E+02, 0.51000E+02, 0.26099E+03, 0.17139E+00, 0.12597E-01
 0.38000E+02, 0.51000E+02, 0.28033E+03, 0.11022E+00, 0.20296E-01
 0.39000E+02, 0.51000E+02, 0.27663E+03, 0.94379E-01, 0.23545E-01
 0.40000E+02, 0.51000E+02, 0.27848E+03, 0.95925E-01, 0.23243E-01
 0.41000E+02, 0.51000E+02, 0.28513E+03, 0.99491E-01, 0.22680E-01
 0.42000E+02, 0.51000E+02, 0.28773E+03, 0.95048E-01, 0.23851E-01
 0.43000E+02, 0.51000E+02, 0.27902E+03, 0.94229E-01, 0.23685E-01
 0.44000E+02, 0.51000E+02, 0.41421E+03, 0.13428E+02, 0.20690E-03
 0.45000E+02, 0.51000E+02, 0.40358E+03, 0.10974E+02, 0.24924E-03
 0.46000E+02, 0.51000E+02, 0.39861E+03, 0.95658E+01, 0.28384E-03
 0.47000E+02, 0.51000E+02, 0.40684E+03, 0.10021E+02, 0.27426E-03
 0.48000E+02, 0.51000E+02, 0.46134E+03, 0.14910E+02, 0.19911E-03
 0.49000E+02, 0.51000E+02, 0.49487E+03, 0.18430E+02, 0.16843E-03
 0.50000E+02, 0.51000E+02, 0.46276E+03, 0.18481E+02, 0.16094E-03
 0.51000E+02, 0.51000E+02, 0.38354E+03, 0.14292E+02, 0.18572E-03
 0.52000E+02, 0.51000E+02, 0.38331E+03, 0.17792E+02, 0.14913E-03
 0.53000E+02, 0.51000E+02, 0.36413E+03, 0.12901E+02, 0.19966E-03
 0.54000E+02, 0.51000E+02, 0.36314E+03, 0.13034E+02, 0.19731E-03
 0.55000E+02, 0.51000E+02, 0.21662E+03, 0.88372E-01, 0.22401E-01
 0.56000E+02, 0.51000E+02, 0.22217E+03, 0.91747E-01, 0.21821E-01
 0.57000E+02, 0.51000E+02, 0.22870E+03, 0.97256E-01, 0.20856E-01
 0.58000E+02, 0.51000E+02, 0.23147E+03, 0.10039E+00, 0.20316E-01
 0.59000E+02, 0.51000E+02, 0.23240E+03, 0.10224E+00, 0.19985E-01
 0.60000E+02, 0.51000E+02, 0.23373E+03, 0.10458E+00, 0.19591E-01
 0.61000E+02, 0.51000E+02, 0.24501E+03, 0.10068E+00, 0.20802E-01
 0.62000E+02, 0.51000E+02, 0.24881E+03, 0.10135E+00, 0.20816E-01
 0.63000E+02, 0.51000E+02, 0.22980E+03, 0.11398E+00, 0.17834E-01
 0.64000E+02, 0.51000E+02, 0.22232E+03, 0.23102E+00, 0.86684E-02
 0.65000E+02, 0.51000E+02, 0.19447E+03, 0.23821E+00, 0.79343E-02
 0.00000E+00, 0.52000E+02, 0.27057E+03, 0.10919E+00, 0.20127E-01
 0.10000E+01, 0.52000E+02, 0.28543E+03, 0.97763E-01, 0.23093E-01
 0.20000E+01, 0.52000E+02, 0.28530E+03, 0.95399E-01, 0.23660E-01
 0.30000E+01, 0.52000E+02, 0.29087E+03, 0.93678E-01, 0.24335E-01
 0.40000E+01, 0.52000E+02, 0.29643E+03, 0.10299E+00, 0.22353E-01
 0.50000E+01, 0.52000E+02, 0.29797E+03, 0.10940E+00, 0.21100E-01
 0.60000E+01, 0.52000E+02, 0.29290E+03, 0.11767E+00, 0.19443E-01
 0.70000E+01, 0.52000E+02, 0.29383E+03, 0.13012E+00, 0.17612E-01
 0.80000E+01, 0.52000E+02, 0.29597E+03, 0.11775E+00, 0.19535E-01
 0.90000E+01, 0.52000E+02, 0.29846E+03, 0.11364E+00, 0.20331E-01
 0.10000E+02, 0.52000E+02, 0.29966E+03, 0.10761E+00, 0.21516E-01
 0.11000E+02, 0.52000E+02, 0.31444E+03, 0.13870E+00, 0.17123E-01
 0.12000E+02, 0.52000E+02, 0.30950E+03, 0.13370E+00, 0.17614E-01
 0.13000E+02, 0.52000E+02, 0.30385E+03, 0.20553E+00, 0.11347E-01
 0.14000E+02, 0.52000E+02, 0.31657E+03, 0.25111E+00, 0.94919E-02
 0.15000E+02, 0.52000E+02, 0.31090E+03, 0.25654E+00, 0.92020E-02
 0.16000E+02, 0.52000E+02, 0.30903E+03, 0.19926E+00, 0.11809E-01
 0.17000E+02, 0.52000E+02, 0.30272E+03, 0.18426E+00, 0.12632E-01
 0.18000E+02, 0.52000E+02, 0.28820E+03, 0.19683E+00, 0.11527E-01
 0.19000E+02, 0.52000E+02, 0.28966E+03, 0.22378E+00, 0.10165E-01
 0.20000E+02, 0.52000E+02, 0.28699E+03, 0.22507E+00, 0.10059E-01
 0.21000E+02, 0.52000E+02, 0.28408E+03, 0.23322E+00, 0.96570E-02
 0.22000E+02, 0.52000E+02, 0.29708E+03, 0.42634E+00, 0.54060E-02
 0.23000E+02, 0.52000E+02, 0.30159E+03, 0.40492E+00, 0.57370E-02
 0.24000E+02, 0.52000E+02, 0.30683E+03, 0.39657E+00, 0.59112E-02
 0.25000E+02, 0.52000E+02, 0.30355E+03, 0.39323E+00, 0.59276E-02
 0.26000E+02, 0.52000E+02, 0.29688E+03, 0.37601E+00, 0.61275E-02
 0.27000E+02, 0.52000E+02, 0.28896E+03, 0.35831E+00, 0.63408E-02
 0.28000E+02, 0.52000E+02, 0.17841E+03, 0.79144E-01, 0.23061E-01
 0.29000E+02, 0.52000E+02, 0.20373E+03, 0.87755E-01, 0.21964E-01
 0.30000E+02, 0.52000E+02, 0.21304E+03, 0.94513E-01, 0.20792E-01
 0.31000E+02, 0.52000E+02, 0.20267E+03, 0.94137E-01, 0.20430E-01
 0.32000E+02, 0.52000E+02, 0.19091E+03, 0.89801E-01, 0.20886E-01
 0.33000E+02, 0.52000E+02, 0.18074E+03, 0.88200E-01, 0.20800E-01
 0.34000E+02, 0.52000E+02, 0.22000E+02, 0.30000E+02, 0.00000E+00
 0.35000E+02, 0.52000E+02, 0.16681E+03, 0.24272E+00, 0.73263E-02
 0.36000E+02, 0.52000E+02, 0.18026E+03, 0.30143E+00, 0.60797E-02
 0.37000E+02, 0.52000E+02, 0.25440E+03, 0.17615E+00, 0.12105E-01
 0.38000E+02, 0.52000E+02, 0.27710E+03, 0.95965E-01, 0.23175E-01
 0.39000E+02, 0.52000E+02, 0.27689E+03, 0.94651E-01, 0.23488E-01
 0.40000E+02, 0.52000E+02, 0.27826E+03, 0.94423E-01, 0.23603E-01
 0.41000E+02, 0.52000E+02, 0.27452E+03, 0.89958E-01, 0.24607E-01
 0.42000E+02, 0.52000E+02, 0.27222E+03, 0.88918E-01, 0.24790E-01
 0.43000E+02, 0.52000E+02, 0.26021E+03, 0.85580E-01, 0.25190E-01
 0.44000E+02, 0.52000E+02, 0.41909E+03, 0.14845E+02, 0.18848E-03
 0.45000E+02, 0.52000E+02, 0.40078E+03, 0.11438E+02, 0.23815E-03
 0.46000E+02, 0.52000E+02, 0.40535E+03, 0.10747E+02, 0.25518E-03
 0.47000E+02, 0.52000E+02, 0.40062E+03, 0.10730E+02, 0.25379E-03
 0.48000E+02, 0.52000E+02, 0.39437E+03, 0.11663E+02, 0.23133E-03
 0.49000E+02, 0.52000E+02, 0.38025E+03, 0.11616E+02, 0.22735E-03
 0.50000E+02, 0.52000E+02, 0.36471E+03, 0.11172E+02, 0.23077E-03
 0.51000E+02, 0.52000E+02, 0.35233E+03, 0.10941E+02, 0.23107E-03
 0.52000E+02, 0.52000E+02, 0.34600E+03, 0.10809E+02, 0.23152E-03
 0.53000E+02, 0.52000E+02, 0.34562E+03, 0.11212E+02, 0.22306E-03
 0.54000E+02, 0.52000E+02, 0.34155E+03, 0.12107E+02, 0.20521E-03
 0.55000E+02, 0.52000E+02, 0.21361E+03, 0.88286E-01, 0.22284E-01
 0.56000E+02, 0.52000E+02, 0.21900E+03, 0.92273E-01, 0.21557E-01
 0.57000E+02, 0.52000E+02, 0.23170E+03, 0.99109E-01, 0.20589E-01
 0.58000E+02, 0.52000E+02, 0.23109E+03, 0.10215E+00, 0.19951E-01
 0.59000E+02, 0.52000E+02, 0.22893E+03, 0.10477E+00, 0.19369E-01
 0.60000E+02, 0.52000E+02, 0.24313E+03, 0.10032E+00, 0.20801E-01
 0.61000E+02, 0.52000E+02, 0.24490E+03, 0.10270E+00, 0.20388E-01
 0.62000E+02, 0.52000E+02, 0.24181E+03, 0.10851E+00, 0.19181E-01
 0.63000E+02, 0.52000E+02, 0.22712E+03, 0.11382E+00, 0.17765E-01
 0.64000E+02, 0.52000E+02, 0.15345E+03, 0.22538E+00, 0.76502E-02
 0.65000E+02, 0.52000E+02, 0.18737E+03, 0.22367E+00, 0.83219E-02
